tif_name,valid_px,p_informal,m_informal,UC_NM_MN,rf_label,ID_SEG,ID_HDC_G0
Alexandria_y2020.tif,3953,0.8940045535036681,0.3438603592208449,Alexandria,1,0,3751.0
Alexandria_y2020.tif,4390,0.8772209567198178,0.33347949886104783,Alexandria,0,1,3751.0
Alexandria_y2020.tif,9500,0.41736842105263156,0.18551368421052633,Alexandria,0,3,3751.0
Alexandria_y2020.tif,19402,0.3119266055045872,0.12067828058962991,Alexandria,0,4,3751.0
Alexandria_y2020.tif,3806,0.8326326852338413,0.3032764056752496,Alexandria,0,2,3751.0
Alexandria_y2020.tif,3377,0.9748297305300563,0.35631329582469645,Alexandria,0,5,3751.0
Alexandria_y2020.tif,5709,0.8488351725345945,0.30191014188124016,Alexandria,0,6,3751.0
Alexandria_y2020.tif,5075,0.819704433497537,0.30204827586206895,Alexandria,0,7,3751.0
Alexandria_y2020.tif,5541,0.9061541238043674,0.3332449016423028,Alexandria,0,8,3751.0
Alexandria_y2020.tif,7522,0.9068067003456528,0.31854559957458123,Alexandria,0,10,3751.0
Alexandria_y2020.tif,5426,0.7165499447106524,0.27117674161444894,Alexandria,0,11,3751.0
Alexandria_y2020.tif,13680,0.3888888888888889,0.172171783625731,Alexandria,0,15,3751.0
Alexandria_y2020.tif,6154,0.7866428339291518,0.2816257718557036,Alexandria,0,17,3751.0
Alexandria_y2020.tif,2912,0.8169642857142857,0.29814388736263736,Alexandria,0,14,3751.0
Alexandria_y2020.tif,4825,0.9761658031088083,0.33141761658031094,Alexandria,0,13,3751.0
Alexandria_y2020.tif,9360,0.7471153846153846,0.26995886752136755,Alexandria,0,20,3751.0
Alexandria_y2020.tif,7656,0.3004179728317659,0.16425744514106583,Alexandria,0,19,3751.0
Alexandria_y2020.tif,5986,0.21416638823922485,0.11687186769127966,Alexandria,0,21,3751.0
Alexandria_y2020.tif,15322,0.01971022059783318,0.0433526954705652,Alexandria,0,28,3751.0
Alexandria_y2020.tif,6126,0.6565458700620307,0.2269294809010774,Alexandria,0,22,3751.0
Alexandria_y2020.tif,40243,0.09457545411624382,0.06327473100911961,Alexandria,0,9,3751.0
Alexandria_y2020.tif,35750,0.0019020979020979022,0.026031328671328676,Alexandria,0,18,3751.0
Alexandria_y2020.tif,3865,0.0036222509702457956,0.029728331177231566,Alexandria,0,12,3751.0
Alexandria_y2020.tif,5724,0.4351851851851852,0.18232354996505942,Alexandria,0,16,3751.0
Alexandria_y2020.tif,2657,0.8046669175762138,0.29887655250282275,Alexandria,0,26,3751.0
Alexandria_y2020.tif,11585,0.0,0.0170897712559344,Alexandria,0,30,3751.0
Alexandria_y2020.tif,24093,0.13269414352716558,0.07203689868426515,Alexandria,0,42,3751.0
Alexandria_y2020.tif,5314,0.9651863003387279,0.3504083552879187,Alexandria,0,31,3751.0
Alexandria_y2020.tif,3021,0.9877523998675936,0.38026481297583586,Alexandria,1,37,3751.0
Alexandria_y2020.tif,27047,0.054275890117203386,0.04231985063038415,Alexandria,0,48,3751.0
Alexandria_y2020.tif,9646,0.6989425668670952,0.2609423595272652,Alexandria,0,25,3751.0
Alexandria_y2020.tif,4029,0.7850583271283197,0.2842442293373045,Alexandria,0,23,3751.0
Alexandria_y2020.tif,4267,0.9369580501523318,0.3407124443402859,Alexandria,0,27,3751.0
Alexandria_y2020.tif,4655,0.7656283566058002,0.27586466165413537,Alexandria,0,24,3751.0
Alexandria_y2020.tif,4340,0.35714285714285715,0.1460610599078341,Alexandria,0,29,3751.0
Alexandria_y2020.tif,7306,0.5658362989323843,0.2139399124007665,Alexandria,0,32,3751.0
Alexandria_y2020.tif,5561,0.32368279086495233,0.1497518431936702,Alexandria,0,33,3751.0
Alexandria_y2020.tif,51960,0.10723633564280216,0.06142619322555813,Alexandria,0,52,3751.0
Alexandria_y2020.tif,7364,0.2115697990222705,0.11451249321021184,Alexandria,0,34,3751.0
Alexandria_y2020.tif,7586,0.8139994727128922,0.3038630371737411,Alexandria,0,36,3751.0
Alexandria_y2020.tif,5993,0.8381445019189054,0.32428833639245785,Alexandria,0,35,3751.0
Alexandria_y2020.tif,8598,0.43893928820655964,0.17946441032798327,Alexandria,0,43,3751.0
Alexandria_y2020.tif,7030,0.48193456614509245,0.1735910384068279,Alexandria,0,39,3751.0
Alexandria_y2020.tif,4998,0.5766306522609044,0.2320188075230092,Alexandria,0,38,3751.0
Alexandria_y2020.tif,20135,0.3269927986093866,0.14578147504345668,Alexandria,0,50,3751.0
Alexandria_y2020.tif,7883,0.519725992642395,0.1987790181403019,Alexandria,0,40,3751.0
Alexandria_y2020.tif,5936,0.7275943396226415,0.27010192048517523,Alexandria,0,45,3751.0
Alexandria_y2020.tif,4830,0.9507246376811594,0.343055900621118,Alexandria,0,41,3751.0
Alexandria_y2020.tif,4454,0.899416255051639,0.29820498428378983,Alexandria,0,46,3751.0
Alexandria_y2020.tif,13926,0.46165445928479104,0.19158301019675428,Alexandria,0,63,3751.0
Alexandria_y2020.tif,4444,0.20117011701170118,0.10103510351035104,Alexandria,0,47,3751.0
Alexandria_y2020.tif,3870,0.6333333333333333,0.22138888888888889,Alexandria,0,44,3751.0
Alexandria_y2020.tif,2188,0.5054844606946983,0.23317184643510058,Alexandria,0,49,3751.0
Alexandria_y2020.tif,3006,0.6669993346640053,0.2615286094477711,Alexandria,0,53,3751.0
Alexandria_y2020.tif,2378,0.988645920941968,0.33712994112699746,Alexandria,0,54,3751.0
Alexandria_y2020.tif,3044,0.0,0.07214684625492773,Alexandria,0,56,3751.0
Alexandria_y2020.tif,17985,0.22796775090353072,0.11256852932999721,Alexandria,0,65,3751.0
Alexandria_y2020.tif,13158,0.20633834929320566,0.0910719714242286,Alexandria,0,76,3751.0
Alexandria_y2020.tif,1728,0.44907407407407407,0.17517939814814815,Alexandria,0,60,3751.0
Alexandria_y2020.tif,3783,0.9402590536611155,0.3505300026434047,Alexandria,1,59,3751.0
Alexandria_y2020.tif,3396,0.9896937573616019,0.3809702591283864,Alexandria,0,51,3751.0
Alexandria_y2020.tif,8574,0.39981338931653837,0.1684954513645906,Alexandria,0,58,3751.0
Alexandria_y2020.tif,7046,0.4209480556344025,0.20118294067556058,Alexandria,0,55,3751.0
Alexandria_y2020.tif,4860,0.8831275720164609,0.31837345679012347,Alexandria,0,61,3751.0
Alexandria_y2020.tif,4286,0.7354176388240784,0.28247316845543635,Alexandria,0,62,3751.0
Alexandria_y2020.tif,11223,0.5840684309008286,0.2262474382963557,Alexandria,0,75,3751.0
Alexandria_y2020.tif,12514,0.5037557935112674,0.1889919290394758,Alexandria,0,67,3751.0
Alexandria_y2020.tif,4591,1.0,0.37982247876279673,Alexandria,0,68,3751.0
Alexandria_y2020.tif,2187,0.9862825788751715,0.3523914037494284,Alexandria,1,66,3751.0
Alexandria_y2020.tif,6023,0.6564834799933588,0.2584476174663789,Alexandria,0,73,3751.0
Alexandria_y2020.tif,1687,1.0,0.35909010077059866,Alexandria,1,57,3751.0
Alexandria_y2020.tif,2567,0.0,0.05055901830931049,Alexandria,0,64,3751.0
Alexandria_y2020.tif,2743,0.6161137440758294,0.21971928545388264,Alexandria,1,71,3751.0
Alexandria_y2020.tif,1056,0.0,0.047556818181818186,Alexandria,1,69,3751.0
Alexandria_y2020.tif,1594,0.9510664993726474,0.3649749058971142,Alexandria,1,72,3751.0
Alexandria_y2020.tif,4030,0.9364764267990074,0.3663498759305211,Alexandria,0,74,3751.0
Alexandria_y2020.tif,3283,0.9936034115138592,0.36822875418824247,Alexandria,1,82,3751.0
Alexandria_y2020.tif,2807,0.2850017812611329,0.16631991449946562,Alexandria,0,78,3751.0
Alexandria_y2020.tif,5587,0.3200286379094326,0.14101485591551816,Alexandria,0,88,3751.0
Alexandria_y2020.tif,5664,0.9265536723163842,0.3190483757062147,Alexandria,0,92,3751.0
Alexandria_y2020.tif,2761,0.945309670409272,0.3469793553060485,Alexandria,0,70,3751.0
Alexandria_y2020.tif,5028,0.7402545743834527,0.260010938743039,Alexandria,0,81,3751.0
Alexandria_y2020.tif,6383,0.7646874510418299,0.284219802600658,Alexandria,0,84,3751.0
Alexandria_y2020.tif,6744,0.8493475682087782,0.32063463819691573,Alexandria,0,79,3751.0
Alexandria_y2020.tif,24546,0.27658274260571986,0.1454171759146093,Alexandria,0,83,3751.0
Alexandria_y2020.tif,5686,0.8213155117833275,0.3035455504748505,Alexandria,0,85,3751.0
Alexandria_y2020.tif,4039,0.9579103738549146,0.3565585540975489,Alexandria,1,80,3751.0
Alexandria_y2020.tif,4739,0.9592741084617008,0.3596518252795949,Alexandria,0,90,3751.0
Alexandria_y2020.tif,9821,0.9706750840036656,0.36319315751960085,Alexandria,0,77,3751.0
Alexandria_y2020.tif,2638,0.8339651250947687,0.3143100833965125,Alexandria,0,87,3751.0
Alexandria_y2020.tif,531823,0.023393121395652312,0.034725481974265886,Alexandria,0,151,3751.0
Alexandria_y2020.tif,2941,0.11424685481128868,0.0843318599115947,Alexandria,0,106,3751.0
Alexandria_y2020.tif,2449,0.8362596978358514,0.2769375255206206,Alexandria,0,100,3751.0
Alexandria_y2020.tif,2235,0.3498881431767338,0.15857718120805367,Alexandria,0,94,3751.0
Alexandria_y2020.tif,6062,0.9119102606400528,0.33461068954140555,Alexandria,0,101,3751.0
Alexandria_y2020.tif,1769,0.8818541548897683,0.26586206896551723,Alexandria,0,102,3751.0
Alexandria_y2020.tif,3527,0.18627728948114544,0.11558264814289765,Alexandria,0,109,3751.0
Alexandria_y2020.tif,3266,0.4966319657072872,0.20485762400489899,Alexandria,0,113,3751.0
Alexandria_y2020.tif,2161,0.8574733919481722,0.2935701064322073,Alexandria,0,114,3751.0
Alexandria_y2020.tif,24463,0.014225565139189798,0.03236438703347913,Alexandria,0,137,3751.0
Alexandria_y2020.tif,3498,0.8427672955974843,0.31983276157804463,Alexandria,0,89,3751.0
Alexandria_y2020.tif,3719,0.9411132024737833,0.3412019360043022,Alexandria,1,91,3751.0
Alexandria_y2020.tif,4817,0.8775171268424331,0.3245578160680922,Alexandria,0,95,3751.0
Alexandria_y2020.tif,1660,0.8843373493975903,0.3251355421686747,Alexandria,0,86,3751.0
Alexandria_y2020.tif,3924,0.7069317023445464,0.2556065239551478,Alexandria,0,99,3751.0
Alexandria_y2020.tif,12576,0.28140903307888043,0.1271167302798982,Alexandria,0,103,3751.0
Alexandria_y2020.tif,8524,0.7035429375879868,0.2716289300797748,Alexandria,0,104,3751.0
Alexandria_y2020.tif,3805,0.9503285151116951,0.3727910643889619,Alexandria,0,93,3751.0
Alexandria_y2020.tif,2614,0.7410099464422342,0.2653596021423107,Alexandria,0,97,3751.0
Alexandria_y2020.tif,2992,0.9946524064171123,0.3805982620320856,Alexandria,0,96,3751.0
Alexandria_y2020.tif,4313,0.9795965685137955,0.3654602364943195,Alexandria,1,98,3751.0
Alexandria_y2020.tif,4109,0.4353857386225359,0.1634497444633731,Alexandria,0,107,3751.0
Alexandria_y2020.tif,4741,0.8289390423961189,0.3168656401603038,Alexandria,0,108,3751.0
Alexandria_y2020.tif,8245,0.08453608247422681,0.07357368101879927,Alexandria,0,105,3751.0
Alexandria_y2020.tif,8501,0.5185272320903423,0.20799023644277143,Alexandria,0,118,3751.0
Alexandria_y2020.tif,2219,1.0,0.3986345200540784,Alexandria,1,111,3751.0
Alexandria_y2020.tif,3188,0.9868255959849436,0.36569636135508155,Alexandria,0,110,3751.0
Alexandria_y2020.tif,1895,0.9029023746701847,0.30051715039577837,Alexandria,1,112,3751.0
Alexandria_y2020.tif,15938,0.11513364286610617,0.08030775505082194,Alexandria,0,144,3751.0
Alexandria_y2020.tif,29892,0.12431419777866988,0.07726983808376824,Alexandria,0,143,3751.0
Alexandria_y2020.tif,4529,0.7553543828659748,0.2522234488849636,Alexandria,0,115,3751.0
Alexandria_y2020.tif,3362,0.6430696014277216,0.2383982748364069,Alexandria,0,117,3751.0
Alexandria_y2020.tif,3466,0.9160415464512406,0.34835978072706286,Alexandria,1,116,3751.0
Alexandria_y2020.tif,10117,0.565483839082732,0.2180186814273006,Alexandria,0,124,3751.0
Alexandria_y2020.tif,2792,0.9856733524355301,0.34924068767908306,Alexandria,0,122,3751.0
Alexandria_y2020.tif,13925,0.20086175942549372,0.09096804308797128,Alexandria,0,126,3751.0
Alexandria_y2020.tif,6413,0.3015749259317012,0.12407999376266958,Alexandria,0,120,3751.0
Alexandria_y2020.tif,1919,0.9989577905158937,0.39482803543512246,Alexandria,1,123,3751.0
Alexandria_y2020.tif,12447,0.6022334699124287,0.23505061460592916,Alexandria,0,128,3751.0
Alexandria_y2020.tif,6085,0.381101068200493,0.17824322103533277,Alexandria,0,132,3751.0
Alexandria_y2020.tif,7501,0.45047327023063594,0.17990601253166244,Alexandria,0,131,3751.0
Alexandria_y2020.tif,6539,0.6276189019727787,0.24450909925064995,Alexandria,0,130,3751.0
Alexandria_y2020.tif,5280,0.718560606060606,0.27908712121212126,Alexandria,0,127,3751.0
Alexandria_y2020.tif,3210,0.38847352024922116,0.17041277258566978,Alexandria,0,129,3751.0
Alexandria_y2020.tif,9514,0.30218625183939457,0.1297493167963002,Alexandria,0,136,3751.0
Alexandria_y2020.tif,3169,0.0,0.04030766803408015,Alexandria,0,135,3751.0
Alexandria_y2020.tif,2028,0.0,0.023303747534516767,Alexandria,0,134,3751.0
Alexandria_y2020.tif,6243,0.45202626942175234,0.1983645683165145,Alexandria,0,139,3751.0
Alexandria_y2020.tif,4586,0.6094635848233755,0.2227136938508504,Alexandria,0,140,3751.0
Alexandria_y2020.tif,4826,0.791545793617903,0.29284189805221716,Alexandria,0,142,3751.0
Alexandria_y2020.tif,3573,0.9692135460397425,0.36819899244332494,Alexandria,0,119,3751.0
Alexandria_y2020.tif,2431,0.9736733854380913,0.3551090086384204,Alexandria,1,121,3751.0
Alexandria_y2020.tif,43925,0.0002731929425156517,0.02426909504837792,Alexandria,0,153,3751.0
Alexandria_y2020.tif,2376,0.9297138047138047,0.33853745791245793,Alexandria,1,125,3751.0
Alexandria_y2020.tif,60824,0.0415296593449954,0.03219576154149678,Alexandria,0,148,3751.0
Alexandria_y2020.tif,4260,0.5030516431924883,0.20074765258215962,Alexandria,0,133,3751.0
Alexandria_y2020.tif,2511,0.9605734767025089,0.35211071286340107,Alexandria,1,145,3751.0
Alexandria_y2020.tif,3538,0.6503674392312041,0.24201667608818542,Alexandria,0,146,3751.0
Alexandria_y2020.tif,142191,0.029769816655062557,0.039119986497035686,Alexandria,0,171,3751.0
Alexandria_y2020.tif,14080,0.5709517045454545,0.21608984375,Alexandria,0,159,3751.0
Alexandria_y2020.tif,2667,0.19122609673790777,0.1141919760029996,Alexandria,0,138,3751.0
Alexandria_y2020.tif,3425,0.20613138686131388,0.12088759124087592,Alexandria,0,141,3751.0
Alexandria_y2020.tif,293042,0.019696835265934576,0.03023247520833192,Alexandria,0,166,3751.0
Alexandria_y2020.tif,4090,0.980440097799511,0.3660305623471882,Alexandria,0,147,3751.0
Alexandria_y2020.tif,29054,0.2279204240379982,0.09813846630412336,Alexandria,0,165,3751.0
Alexandria_y2020.tif,4855,0.017507723995880537,0.062104016477857876,Alexandria,0,162,3751.0
Alexandria_y2020.tif,3755,0.7211717709720373,0.26091344873502,Alexandria,0,164,3751.0
Alexandria_y2020.tif,2027,0.024173655648741982,0.03444992599901333,Alexandria,0,168,3751.0
Alexandria_y2020.tif,7015,0.4585887384176764,0.19057091945830365,Alexandria,0,170,3751.0
Alexandria_y2020.tif,8970,0.5346711259754738,0.2102820512820513,Alexandria,0,175,3751.0
Alexandria_y2020.tif,2452,1.0,0.36545880913539963,Alexandria,1,149,3751.0
Alexandria_y2020.tif,121493,0.15238738034290042,0.08276773147424131,Alexandria,0,193,3751.0
Alexandria_y2020.tif,4279,0.4426267819584015,0.16648983407338164,Alexandria,0,150,3751.0
Alexandria_y2020.tif,2418,0.9834574028122415,0.34899710504549214,Alexandria,1,152,3751.0
Alexandria_y2020.tif,7250,0.7691034482758621,0.3007944827586207,Alexandria,1,154,3751.0
Alexandria_y2020.tif,3325,0.990375939849624,0.3675067669172932,Alexandria,1,155,3751.0
Alexandria_y2020.tif,4161,0.7851478010093728,0.278775534727229,Alexandria,0,158,3751.0
Alexandria_y2020.tif,4555,0.8592755214050494,0.29379253567508234,Alexandria,1,157,3751.0
Alexandria_y2020.tif,5178,0.6100811123986095,0.2390025106218617,Alexandria,0,156,3751.0
Alexandria_y2020.tif,3903,0.9203177043300026,0.2998142454522163,Alexandria,1,160,3751.0
Alexandria_y2020.tif,1566,0.6194125159642401,0.25352171136653895,Alexandria,1,161,3751.0
Alexandria_y2020.tif,124465,0.03638773952516772,0.03831888482705983,Alexandria,0,207,3751.0
Alexandria_y2020.tif,6191,0.8226457761266355,0.30081004684219026,Alexandria,0,169,3751.0
Alexandria_y2020.tif,2446,0.9918233851185609,0.34386549468520033,Alexandria,1,163,3751.0
Alexandria_y2020.tif,4123,0.948096046568033,0.31673781227261705,Alexandria,1,167,3751.0
Alexandria_y2020.tif,2628,0.9208523592085236,0.326103500761035,Alexandria,0,173,3751.0
Alexandria_y2020.tif,12800,0.007421875,0.03722773437500001,Alexandria,0,174,3751.0
Alexandria_y2020.tif,1567,1.0,0.3767772814294831,Alexandria,1,172,3751.0
Alexandria_y2020.tif,2132,0.8677298311444653,0.2930042213883677,Alexandria,0,176,3751.0
Alexandria_y2020.tif,4764,0.9733417296389588,0.3229093198992443,Alexandria,1,177,3751.0
Alexandria_y2020.tif,150181,0.0717733934385841,0.05276080196562815,Alexandria,0,220,3751.0
Alexandria_y2020.tif,4131,0.9578794480755265,0.3642047930283225,Alexandria,1,178,3751.0
Alexandria_y2020.tif,2773,0.2711864406779661,0.140360620266859,Alexandria,0,179,3751.0
Alexandria_y2020.tif,2971,0.44362167620329856,0.1612066644227533,Alexandria,0,180,3751.0
Alexandria_y2020.tif,1999,0.9599799899949975,0.3608154077038519,Alexandria,1,181,3751.0
Alexandria_y2020.tif,2118,0.8248347497639282,0.2473229461756374,Alexandria,0,182,3751.0
Alexandria_y2020.tif,2305,0.2598698481561822,0.12702169197396965,Alexandria,0,187,3751.0
Alexandria_y2020.tif,3913,0.21313570150779454,0.0990263225146946,Alexandria,0,221,3751.0
Alexandria_y2020.tif,15080,0.2486074270557029,0.10843468169761274,Alexandria,0,229,3751.0
Alexandria_y2020.tif,234791,0.0023893590469822095,0.023917398878151207,Alexandria,0,298,3751.0
Alexandria_y2020.tif,10071,0.07943600436898024,0.05041902492304637,Alexandria,0,183,3751.0
Alexandria_y2020.tif,27238,0.06013657390410456,0.04560301784271973,Alexandria,0,184,3751.0
Alexandria_y2020.tif,10516,0.09205020920502092,0.07652957398250286,Alexandria,0,190,3751.0
Alexandria_y2020.tif,7748,0.7253484770263294,0.23606220960247806,Alexandria,0,189,3751.0
Alexandria_y2020.tif,5339,0.6340138602734594,0.21283011799962542,Alexandria,0,185,3751.0
Alexandria_y2020.tif,3163,0.7192538729054695,0.21920961112867532,Alexandria,0,188,3751.0
Alexandria_y2020.tif,2638,0.5959059893858984,0.20917740712661104,Alexandria,0,186,3751.0
Alexandria_y2020.tif,4304,0.6682156133828996,0.24224674721189593,Alexandria,0,196,3751.0
Alexandria_y2020.tif,4808,0.7106905158069884,0.275136231281198,Alexandria,0,191,3751.0
Alexandria_y2020.tif,63814,0.0008775503807941831,0.027562995580907013,Alexandria,0,236,3751.0
Alexandria_y2020.tif,9851,0.6790173586437925,0.2614597502791595,Alexandria,0,195,3751.0
Alexandria_y2020.tif,2615,0.8451242829827916,0.2588833652007648,Alexandria,0,192,3751.0
Alexandria_y2020.tif,1929,0.0,0.017791601866251946,Alexandria,0,194,3751.0
Alexandria_y2020.tif,1869,0.006420545746388443,0.03537988228999465,Alexandria,0,197,3751.0
Alexandria_y2020.tif,2568,0.1939252336448598,0.10291666666666666,Alexandria,0,199,3751.0
Alexandria_y2020.tif,1092,0.5796703296703297,0.16062271062271063,Alexandria,0,200,3751.0
Alexandria_y2020.tif,1297,0.12875867386276021,0.09314957594448728,Alexandria,0,203,3751.0
Alexandria_y2020.tif,1654,0.4419588875453446,0.19169286577992745,Alexandria,0,205,3751.0
Alexandria_y2020.tif,2672,0.11788922155688623,0.10060815868263474,Alexandria,0,204,3751.0
Alexandria_y2020.tif,4443,0.2523069997749269,0.10488746342561334,Alexandria,0,216,3751.0
Alexandria_y2020.tif,3008,0.8643617021276596,0.29888131648936167,Alexandria,0,198,3751.0
Alexandria_y2020.tif,3313,0.5415031693329309,0.17640054331421676,Alexandria,0,201,3751.0
Alexandria_y2020.tif,4525,0.794696132596685,0.26224972375690603,Alexandria,0,202,3751.0
Alexandria_y2020.tif,4171,0.8568688563893551,0.2936334212419084,Alexandria,0,206,3751.0
Alexandria_y2020.tif,7865,0.8099173553719008,0.25477368086458996,Alexandria,0,218,3751.0
Alexandria_y2020.tif,3101,0.9361496291518865,0.24598032892615285,Alexandria,0,211,3751.0
Alexandria_y2020.tif,281137,0.011478389539619474,0.025783443659141276,Alexandria,0,269,3751.0
Alexandria_y2020.tif,4656,0.6587199312714777,0.23462736254295533,Alexandria,0,208,3751.0
Alexandria_y2020.tif,3402,0.9964726631393298,0.30115667254556144,Alexandria,0,210,3751.0
Alexandria_y2020.tif,3644,0.5990669593852909,0.22550219538968166,Alexandria,0,212,3751.0
Alexandria_y2020.tif,2667,0.9002624671916011,0.29772028496437947,Alexandria,0,215,3751.0
Alexandria_y2020.tif,2821,0.8883374689826302,0.30269053527118045,Alexandria,0,217,3751.0
Alexandria_y2020.tif,4487,0.9737018052150658,0.3125094718074437,Alexandria,0,209,3751.0
Alexandria_y2020.tif,14763,0.280363069836754,0.11005012531328322,Alexandria,0,273,3751.0
Alexandria_y2020.tif,6136,0.7415254237288136,0.24447033898305084,Alexandria,0,224,3751.0
Alexandria_y2020.tif,5366,0.8934029071934402,0.2800847931420052,Alexandria,0,231,3751.0
Alexandria_y2020.tif,9651,0.32431872344834733,0.13260542948917212,Alexandria,0,228,3751.0
Alexandria_y2020.tif,6394,0.4243040350328433,0.1482600875821082,Alexandria,0,239,3751.0
Alexandria_y2020.tif,6268,0.2654754307594129,0.13519065092533505,Alexandria,0,222,3751.0
Alexandria_y2020.tif,9179,0.32225732650615535,0.13007299270072992,Alexandria,0,232,3751.0
Alexandria_y2020.tif,3745,0.2109479305740988,0.09328170894526035,Alexandria,0,219,3751.0
Alexandria_y2020.tif,3390,0.8368731563421828,0.2834572271386431,Alexandria,0,214,3751.0
Alexandria_y2020.tif,1116,0.08154121863799284,0.08331541218637992,Alexandria,0,213,3751.0
Alexandria_y2020.tif,15683,0.41325001594082766,0.17488203787540652,Alexandria,0,230,3751.0
Alexandria_y2020.tif,1601,0.7663960024984384,0.2528794503435353,Alexandria,0,225,3751.0
Alexandria_y2020.tif,2785,0.6215439856373429,0.24088689407540395,Alexandria,0,223,3751.0
Alexandria_y2020.tif,3342,0.5957510472770796,0.24120885697187316,Alexandria,0,237,3751.0
Alexandria_y2020.tif,2205,0.4929705215419501,0.16091156462585035,Alexandria,0,226,3751.0
Alexandria_y2020.tif,129689,0.006985943295113695,0.03139903924002808,Alexandria,0,320,3751.0
Alexandria_y2020.tif,3352,0.9451073985680191,0.3316065035799523,Alexandria,0,227,3751.0
Alexandria_y2020.tif,3509,0.42775719578227417,0.16644485608435453,Alexandria,0,233,3751.0
Alexandria_y2020.tif,2806,0.9996436208125445,0.3320669992872416,Alexandria,0,234,3751.0
Alexandria_y2020.tif,4978,0.8832864604258739,0.25983226195259146,Alexandria,0,235,3751.0
Alexandria_y2020.tif,4663,0.5299163628565301,0.19516834655800988,Alexandria,0,240,3751.0
Alexandria_y2020.tif,4861,0.8673112528286361,0.27604505245834193,Alexandria,0,238,3751.0
Alexandria_y2020.tif,3041,0.08155212101282473,0.12029102268990466,Alexandria,0,243,3751.0
Alexandria_y2020.tif,4521,0.9506746295067463,0.2744901570449016,Alexandria,0,244,3751.0
Alexandria_y2020.tif,3294,0.4201578627808136,0.1734153005464481,Alexandria,0,245,3751.0
Alexandria_y2020.tif,4115,0.2328068043742406,0.09718104495747265,Alexandria,0,247,3751.0
Alexandria_y2020.tif,8765,0.8520250998288648,0.31095721620079864,Alexandria,0,251,3751.0
Alexandria_y2020.tif,1852,0.24568034557235421,0.13391198704103674,Alexandria,0,248,3751.0
Alexandria_y2020.tif,5424,0.3338864306784661,0.14082042772861356,Alexandria,0,253,3751.0
Alexandria_y2020.tif,7843,0.7396404437077649,0.24699222236389137,Alexandria,0,258,3751.0
Alexandria_y2020.tif,5257,0.7384439794559635,0.2625927334981929,Alexandria,0,250,3751.0
Alexandria_y2020.tif,1779,0.8313659359190556,0.2382883642495784,Alexandria,0,254,3751.0
Alexandria_y2020.tif,80358,0.013726075810746908,0.02751157320988577,Alexandria,0,281,3751.0
Alexandria_y2020.tif,3999,0.48337084271067765,0.18434108527131784,Alexandria,0,255,3751.0
Alexandria_y2020.tif,4669,0.4784750481901906,0.18141357892482332,Alexandria,0,261,3751.0
Alexandria_y2020.tif,2568,0.1838006230529595,0.14936915887850466,Alexandria,0,262,3751.0
Alexandria_y2020.tif,3080,0.9081168831168831,0.30809253246753243,Alexandria,1,260,3751.0
Alexandria_y2020.tif,4009,0.7291095036168621,0.2600336742329758,Alexandria,0,242,3751.0
Alexandria_y2020.tif,5182,0.5499807024314937,0.20448668467773062,Alexandria,0,241,3751.0
Alexandria_y2020.tif,3148,0.17757306226175348,0.09130082592121982,Alexandria,0,246,3751.0
Alexandria_y2020.tif,9088,0.554137323943662,0.21501100352112676,Alexandria,0,249,3751.0
Alexandria_y2020.tif,88289,0.06125338377374305,0.051875545084891665,Alexandria,0,287,3751.0
Alexandria_y2020.tif,2817,0.9506567270145545,0.33854810081647146,Alexandria,0,252,3751.0
Alexandria_y2020.tif,52210,0.09214709825703889,0.06598553916874163,Alexandria,0,305,3751.0
Alexandria_y2020.tif,5705,0.7717791411042945,0.2969991235758107,Alexandria,0,256,3751.0
Alexandria_y2020.tif,4992,0.4364983974358974,0.18469951923076922,Alexandria,0,263,3751.0
Alexandria_y2020.tif,10788,0.0012050426399703375,0.02596774193548387,Alexandria,0,412,3751.0
Alexandria_y2020.tif,19049,0.20972229513360283,0.10163473148196756,Alexandria,0,272,3751.0
Alexandria_y2020.tif,8055,0.48479205462445685,0.18695716945996277,Alexandria,0,268,3751.0
Alexandria_y2020.tif,4670,0.758458244111349,0.27005888650963594,Alexandria,1,257,3751.0
Alexandria_y2020.tif,9396,0.10440613026819924,0.06557843763303534,Alexandria,0,264,3751.0
Alexandria_y2020.tif,2190,0.5785388127853881,0.18126940639269407,Alexandria,0,265,3751.0
Alexandria_y2020.tif,4575,0.3586885245901639,0.16590601092896173,Alexandria,0,266,3751.0
Alexandria_y2020.tif,11877,0.320703881451545,0.1433110213016755,Alexandria,0,278,3751.0
Alexandria_y2020.tif,9443,0.15980091072752303,0.08291644604468919,Alexandria,0,283,3751.0
Alexandria_y2020.tif,4862,0.22727272727272727,0.10669477581242287,Alexandria,0,290,3751.0
Alexandria_y2020.tif,1429,0.7907627711686495,0.24401329601119667,Alexandria,0,274,3751.0
Alexandria_y2020.tif,2044,0.973091976516634,0.3309760273972603,Alexandria,1,271,3751.0
Alexandria_y2020.tif,2851,0.7506138197123816,0.25687302700806736,Alexandria,0,277,3751.0
Alexandria_y2020.tif,3801,0.4488292554590897,0.1796500920810313,Alexandria,0,275,3751.0
Alexandria_y2020.tif,10762,0.01839806727374094,0.06358715852072105,Alexandria,0,279,3751.0
Alexandria_y2020.tif,23124,0.1372599896211728,0.07755859712852449,Alexandria,0,297,3751.0
Alexandria_y2020.tif,3041,0.10785925682341335,0.1189033212758961,Alexandria,0,280,3751.0
Alexandria_y2020.tif,3433,0.07282260413632391,0.04997669676667638,Alexandria,0,282,3751.0
Alexandria_y2020.tif,12030,0.28437240232751454,0.12546467165419783,Alexandria,0,293,3751.0
Alexandria_y2020.tif,5226,0.0,0.019935897435897437,Alexandria,0,289,3751.0
Alexandria_y2020.tif,3444,0.6173054587688734,0.23140243902439026,Alexandria,0,284,3751.0
Alexandria_y2020.tif,3710,0.7347708894878706,0.23712803234501345,Alexandria,0,259,3751.0
Alexandria_y2020.tif,3230,0.5888544891640867,0.22915944272445818,Alexandria,0,270,3751.0
Alexandria_y2020.tif,1845,0.5311653116531165,0.18812195121951222,Alexandria,0,267,3751.0
Alexandria_y2020.tif,4613,0.16431823108606114,0.12526446997615434,Alexandria,0,276,3751.0
Alexandria_y2020.tif,4433,0.25874125874125875,0.11355515452289645,Alexandria,0,285,3751.0
Alexandria_y2020.tif,13049,0.2891409303394896,0.13439267376810482,Alexandria,0,303,3751.0
Alexandria_y2020.tif,5833,0.03908794788273615,0.04512772158409052,Alexandria,0,296,3751.0
Alexandria_y2020.tif,12338,0.16842275895607067,0.08457853785054303,Alexandria,0,398,3751.0
Alexandria_y2020.tif,3607,0.0002772387025228722,0.023315774882173554,Alexandria,0,407,3751.0
Alexandria_y2020.tif,5102,0.0007840062720501764,0.03005292042336339,Alexandria,0,299,3751.0
Alexandria_y2020.tif,3347,0.2724828204362115,0.11709889453241709,Alexandria,0,288,3751.0
Alexandria_y2020.tif,2733,0.018660812294182216,0.0453256494694475,Alexandria,0,291,3751.0
Alexandria_y2020.tif,13467,0.12682854384792455,0.08227147842875177,Alexandria,0,301,3751.0
Alexandria_y2020.tif,13540,0.03685376661742984,0.045155096011816845,Alexandria,0,304,3751.0
Alexandria_y2020.tif,4872,0.03140394088669951,0.11226190476190477,Alexandria,0,286,3751.0
Alexandria_y2020.tif,3835,0.22685788787483702,0.10346284224250328,Alexandria,0,292,3751.0
Alexandria_y2020.tif,6061,0.5657482263652862,0.22448110872793267,Alexandria,0,294,3751.0
Alexandria_y2020.tif,5592,0.3041845493562232,0.15271190987124467,Alexandria,0,300,3751.0
Alexandria_y2020.tif,2972,0.0,0.033887954239569314,Alexandria,0,302,3751.0
Alexandria_y2020.tif,14461,0.08962035820482678,0.06597365327432404,Alexandria,0,314,3751.0
Alexandria_y2020.tif,2251,0.0,0.08037538871612616,Alexandria,0,307,3751.0
Alexandria_y2020.tif,8848,0.6071428571428571,0.21945863471971067,Alexandria,0,315,3751.0
Alexandria_y2020.tif,5087,0.2925103204246118,0.15371830155297816,Alexandria,0,308,3751.0
Alexandria_y2020.tif,7846,0.5354320672954371,0.18666390517461126,Alexandria,0,319,3751.0
Alexandria_y2020.tif,2529,0.7651245551601423,0.27386120996441277,Alexandria,0,313,3751.0
Alexandria_y2020.tif,2185,1.0,0.3179176201372998,Alexandria,0,312,3751.0
Alexandria_y2020.tif,14001,0.14934647525176772,0.0679062209842154,Alexandria,0,323,3751.0
Alexandria_y2020.tif,3186,0.8499686126804771,0.27085059635907094,Alexandria,0,311,3751.0
Alexandria_y2020.tif,979,0.0,0.06955056179775282,Alexandria,0,310,3751.0
Alexandria_y2020.tif,3386,0.04695806261075015,0.06722533963378619,Alexandria,0,317,3751.0
Alexandria_y2020.tif,2287,0.9803235679930039,0.3345496283340621,Alexandria,0,321,3751.0
Alexandria_y2020.tif,4176,0.21551724137931033,0.13266283524904215,Alexandria,0,318,3751.0
Alexandria_y2020.tif,8461,0.11913485403616594,0.0574849308592365,Alexandria,0,324,3751.0
Alexandria_y2020.tif,18381,0.18345030194222295,0.10789592514009032,Alexandria,0,338,3751.0
Alexandria_y2020.tif,2291,0.0,0.062459624618070725,Alexandria,0,326,3751.0
Alexandria_y2020.tif,1313,0.6405178979436406,0.2283511043412034,Alexandria,1,329,3751.0
Alexandria_y2020.tif,2877,0.0003475842891901286,0.1282429614181439,Alexandria,0,322,3751.0
Alexandria_y2020.tif,2667,0.07011623547056618,0.09841019872515935,Alexandria,0,328,3751.0
Alexandria_y2020.tif,2345,0.14285714285714285,0.11696162046908315,Alexandria,0,330,3751.0
Alexandria_y2020.tif,3635,0.7262723521320495,0.2591458046767538,Alexandria,0,334,3751.0
Alexandria_y2020.tif,4660,0.21952789699570815,0.09613626609442061,Alexandria,0,295,3751.0
Alexandria_y2020.tif,1684,0.0172209026128266,0.06215855106888362,Alexandria,0,306,3751.0
Alexandria_y2020.tif,6080,0.19078947368421054,0.086484375,Alexandria,0,309,3751.0
Alexandria_y2020.tif,8035,0.0,0.021170504044803983,Alexandria,0,325,3751.0
Alexandria_y2020.tif,3020,0.5158940397350993,0.2021092715231788,Alexandria,0,316,3751.0
Alexandria_y2020.tif,14597,0.1651024183051312,0.0907446735630609,Alexandria,0,331,3751.0
Alexandria_y2020.tif,4030,0.0024813895781637717,0.0418424317617866,Alexandria,0,327,3751.0
Alexandria_y2020.tif,7763,0.2366353213963674,0.12476104598737602,Alexandria,0,340,3751.0
Alexandria_y2020.tif,8765,0.02327438676554478,0.037026240730176845,Alexandria,0,351,3751.0
Alexandria_y2020.tif,22467,0.08020652512573997,0.06868585035830328,Alexandria,0,374,3751.0
Alexandria_y2020.tif,1421,0.0,0.08392329345531317,Alexandria,0,333,3751.0
Alexandria_y2020.tif,1721,0.7518884369552585,0.25107786170830915,Alexandria,0,336,3751.0
Alexandria_y2020.tif,2439,0.0016400164001640015,0.1013489134891349,Alexandria,0,332,3751.0
Alexandria_y2020.tif,1641,0.7215112736136502,0.2489061547836685,Alexandria,0,339,3751.0
Alexandria_y2020.tif,2922,0.5434633812457221,0.1824914442162902,Alexandria,1,337,3751.0
Alexandria_y2020.tif,14508,0.20947063688999173,0.10564033636614283,Alexandria,0,345,3751.0
Alexandria_y2020.tif,2724,0.21292217327459617,0.16949339207048458,Alexandria,1,341,3751.0
Alexandria_y2020.tif,10376,0.0947378565921357,0.08799585582112568,Alexandria,0,356,3751.0
Alexandria_y2020.tif,10980,0.1355191256830601,0.109775956284153,Alexandria,0,353,3751.0
Alexandria_y2020.tif,2156,0.0,0.05723330241187383,Alexandria,0,335,3751.0
Alexandria_y2020.tif,8250,0.036727272727272726,0.0392339393939394,Alexandria,0,462,3751.0
Alexandria_y2020.tif,3536,0.3475678733031674,0.1377658371040724,Alexandria,0,342,3751.0
Alexandria_y2020.tif,6619,0.14156216951201087,0.09012690738782293,Alexandria,0,358,3751.0
Alexandria_y2020.tif,6404,0.40115552779512803,0.16756168019987508,Alexandria,0,383,3751.0
Alexandria_y2020.tif,3943,0.10347451179305098,0.06239411615521178,Alexandria,0,357,3751.0
Alexandria_y2020.tif,958,0.015657620041753653,0.05459812108559499,Alexandria,0,352,3751.0
Alexandria_y2020.tif,6810,0.37195301027900146,0.15023568281938326,Alexandria,0,378,3751.0
Alexandria_y2020.tif,4723,0.033241583739148844,0.0955123861952149,Alexandria,0,390,3751.0
Alexandria_y2020.tif,16282,0.013511853580641199,0.03819770298489129,Alexandria,0,409,3751.0
Alexandria_y2020.tif,5287,0.16417628144505392,0.07981180253451862,Alexandria,0,396,3751.0
Alexandria_y2020.tif,3444,0.2964576074332172,0.16668263646922185,Alexandria,0,349,3751.0
Alexandria_y2020.tif,4179,0.18664752333094042,0.1272278056951424,Alexandria,0,348,3751.0
Alexandria_y2020.tif,2552,0.10266457680250783,0.08859130094043886,Alexandria,0,343,3751.0
Alexandria_y2020.tif,1683,0.5127748068924539,0.19801841948900772,Alexandria,0,347,3751.0
Alexandria_y2020.tif,1526,0.009829619921363041,0.10480013106159895,Alexandria,0,344,3751.0
Alexandria_y2020.tif,1158,0.0008635578583765112,0.07633419689119172,Alexandria,0,350,3751.0
Alexandria_y2020.tif,9306,0.14528261336771975,0.07438265635074146,Alexandria,0,363,3751.0
Alexandria_y2020.tif,766,0.0,0.10870104438642297,Alexandria,0,354,3751.0
Alexandria_y2020.tif,2163,0.08460471567267684,0.11898058252427185,Alexandria,0,361,3751.0
Alexandria_y2020.tif,2950,0.4023728813559322,0.2088830508474576,Alexandria,1,359,3751.0
Alexandria_y2020.tif,873,0.0,0.12647766323024054,Alexandria,0,355,3751.0
Alexandria_y2020.tif,3334,0.0,0.09616676664667066,Alexandria,0,346,3751.0
Alexandria_y2020.tif,1315,0.0,0.06311787072243347,Alexandria,0,364,3751.0
Alexandria_y2020.tif,1548,0.0,0.031821705426356595,Alexandria,0,362,3751.0
Alexandria_y2020.tif,21949,0.1508496970249214,0.07870130757665497,Alexandria,0,401,3751.0
Alexandria_y2020.tif,1315,0.12623574144486693,0.13605703422053234,Alexandria,0,360,3751.0
Alexandria_y2020.tif,1125,0.4817777777777778,0.1623777777777778,Alexandria,1,365,3751.0
Alexandria_y2020.tif,2578,0.0,0.039858417377812254,Alexandria,0,372,3751.0
Alexandria_y2020.tif,1423,0.1510892480674631,0.1480393534785664,Alexandria,0,366,3751.0
Alexandria_y2020.tif,1607,0.2557560672059739,0.15943683883011822,Alexandria,0,371,3751.0
Alexandria_y2020.tif,3185,0.7755102040816326,0.261436420722135,Alexandria,0,380,3751.0
Alexandria_y2020.tif,1893,0.03803486529318542,0.1414606444796619,Alexandria,0,376,3751.0
Alexandria_y2020.tif,1359,0.0,0.09625091979396616,Alexandria,0,368,3751.0
Alexandria_y2020.tif,1469,0.053778080326752895,0.1118720217835262,Alexandria,0,370,3751.0
Alexandria_y2020.tif,3206,0.0,0.08007174048658766,Alexandria,0,367,3751.0
Alexandria_y2020.tif,2681,0.3233867959716524,0.15931741887355463,Alexandria,0,375,3751.0
Alexandria_y2020.tif,1660,0.0,0.06158734939759036,Alexandria,0,377,3751.0
Alexandria_y2020.tif,1097,0.5679124886052871,0.2116317228805834,Alexandria,1,381,3751.0
Alexandria_y2020.tif,1287,0.0,0.06273504273504273,Alexandria,0,369,3751.0
Alexandria_y2020.tif,2858,0.0675297410776767,0.15044611616515047,Alexandria,0,379,3751.0
Alexandria_y2020.tif,2362,0.09187129551227773,0.1413251481795089,Alexandria,0,384,3751.0
Alexandria_y2020.tif,1694,0.11570247933884298,0.12631050767414406,Alexandria,0,373,3751.0
Alexandria_y2020.tif,7653,0.21716973735789885,0.10361753560695153,Alexandria,0,411,3751.0
Alexandria_y2020.tif,1114,0.02333931777378815,0.1095825852782765,Alexandria,1,385,3751.0
Alexandria_y2020.tif,2819,0.0,0.10306136927988648,Alexandria,0,382,3751.0
Alexandria_y2020.tif,925,0.09621621621621622,0.11315135135135136,Alexandria,1,389,3751.0
Alexandria_y2020.tif,1576,0.015228426395939087,0.09400697969543147,Alexandria,0,386,3751.0
Alexandria_y2020.tif,2345,0.009381663113006396,0.11222601279317698,Alexandria,0,391,3751.0
Alexandria_y2020.tif,1454,0.0,0.10401994497936727,Alexandria,0,387,3751.0
Alexandria_y2020.tif,2254,0.0,0.07308340727595386,Alexandria,0,393,3751.0
Alexandria_y2020.tif,2692,0.06537890044576523,0.09538075780089153,Alexandria,0,406,3751.0
Alexandria_y2020.tif,1091776,0.0003324857846298142,0.018556622420716335,Alexandria,0,986,3751.0
Alexandria_y2020.tif,133839,0.00730728711362159,0.03150094516546,Alexandria,0,581,3751.0
Alexandria_y2020.tif,1929,0.303784344219803,0.17402280974598236,Alexandria,0,424,3751.0
Alexandria_y2020.tif,583154,0.0023733010491225302,0.02184493289937135,Alexandria,0,765,3751.0
Alexandria_y2020.tif,13058,0.0019911165568999847,0.03570186858630725,Alexandria,0,514,3751.0
Alexandria_y2020.tif,12466,0.015401893149366276,0.037284213059521905,Alexandria,0,672,3751.0
Alexandria_y2020.tif,468,0.0,0.025363247863247868,Alexandria,0,722,3751.0
Alexandria_y2020.tif,59265,0.002210410866447313,0.02615186028853455,Alexandria,0,808,3751.0
Alexandria_y2020.tif,1737,0.0,0.035486470926885436,Alexandria,0,742,3751.0
Alexandria_y2020.tif,1329,0.0,0.03401805869074492,Alexandria,0,388,3751.0
Alexandria_y2020.tif,1744,0.805045871559633,0.2567373853211009,Alexandria,0,392,3751.0
Alexandria_y2020.tif,1648,0.5236650485436893,0.2075091019417476,Alexandria,0,395,3751.0
Alexandria_y2020.tif,594,0.0,0.0826010101010101,Alexandria,1,394,3751.0
Alexandria_y2020.tif,729,0.0,0.08944444444444444,Alexandria,0,397,3751.0
Alexandria_y2020.tif,2106,0.0,0.08603513770180436,Alexandria,0,408,3751.0
Alexandria_y2020.tif,843,0.7390272835112692,0.2658540925266904,Alexandria,0,405,3751.0
Alexandria_y2020.tif,2740,0.16934306569343066,0.1191897810218978,Alexandria,0,404,3751.0
Alexandria_y2020.tif,1690,0.0,0.06522189349112427,Alexandria,0,399,3751.0
Alexandria_y2020.tif,987,0.0,0.04641843971631207,Alexandria,1,400,3751.0
Alexandria_y2020.tif,2325,0.0,0.07646451612903227,Alexandria,0,403,3751.0
Alexandria_y2020.tif,2569,0.09108602569093033,0.13285714285714287,Alexandria,0,402,3751.0
Alexandria_y2020.tif,2004,0.008982035928143712,0.06499251497005988,Alexandria,0,415,3751.0
Alexandria_y2020.tif,4098,0.5317227916056613,0.18586505612493898,Alexandria,0,419,3751.0
Alexandria_y2020.tif,714,0.42296918767507,0.17873949579831933,Alexandria,1,410,3751.0
Alexandria_y2020.tif,607,0.0,0.04346787479406919,Alexandria,0,414,3751.0
Alexandria_y2020.tif,893,0.3404255319148936,0.15462486002239642,Alexandria,0,416,3751.0
Alexandria_y2020.tif,4340,0.16705069124423963,0.14558986175115207,Alexandria,1,420,3751.0
Alexandria_y2020.tif,2967,0.0003370407819346141,0.09745028648466464,Alexandria,0,418,3751.0
Alexandria_y2020.tif,3287,0.3392150897474901,0.16564192272588987,Alexandria,0,422,3751.0
Alexandria_y2020.tif,2214,0.0,0.0665672990063234,Alexandria,0,417,3751.0
Alexandria_y2020.tif,1152,0.0,0.07189670138888889,Alexandria,0,413,3751.0
Alexandria_y2020.tif,1642,1.0,0.3415529841656516,Alexandria,0,431,3751.0
Alexandria_y2020.tif,3164,0.08122629582806574,0.116826801517067,Alexandria,0,429,3751.0
Alexandria_y2020.tif,735,0.5374149659863946,0.19756462585034015,Alexandria,1,425,3751.0
Alexandria_y2020.tif,2178,0.0,0.0926147842056933,Alexandria,0,428,3751.0
Alexandria_y2020.tif,868,0.3675115207373272,0.17816244239631338,Alexandria,1,427,3751.0
Alexandria_y2020.tif,1024,0.6865234375,0.22001953125,Alexandria,0,423,3751.0
Alexandria_y2020.tif,4063,0.7304947083435884,0.2773344819099188,Alexandria,0,438,3751.0
Alexandria_y2020.tif,1472,0.375679347826087,0.1794735054347826,Alexandria,0,433,3751.0
Alexandria_y2020.tif,2483,0.2629883205799436,0.12788562223117195,Alexandria,0,437,3751.0
Alexandria_y2020.tif,770,0.0,0.035240259740259745,Alexandria,1,430,3751.0
Alexandria_y2020.tif,479,0.24634655532359082,0.15681628392484345,Alexandria,1,432,3751.0
Alexandria_y2020.tif,1972,0.9589249492900609,0.3050481744421907,Alexandria,0,434,3751.0
Alexandria_y2020.tif,1731,0.43096476025418834,0.17636626227614094,Alexandria,0,439,3751.0
Alexandria_y2020.tif,7547,0.06148138333112495,0.06820193454352723,Alexandria,0,464,3751.0
Alexandria_y2020.tif,2005,0.19301745635910225,0.12116209476309227,Alexandria,0,450,3751.0
Alexandria_y2020.tif,584,0.0,0.044280821917808216,Alexandria,0,435,3751.0
Alexandria_y2020.tif,606,0.10066006600660066,0.10728547854785479,Alexandria,1,436,3751.0
Alexandria_y2020.tif,610,0.0,0.08747540983606557,Alexandria,0,441,3751.0
Alexandria_y2020.tif,585,0.0,0.02887179487179487,Alexandria,0,442,3751.0
Alexandria_y2020.tif,1537,0.4248536109303839,0.17901431359791806,Alexandria,0,447,3751.0
Alexandria_y2020.tif,1055,0.04454976303317536,0.1029952606635071,Alexandria,0,448,3751.0
Alexandria_y2020.tif,982,0.0010183299389002036,0.06612525458248472,Alexandria,0,445,3751.0
Alexandria_y2020.tif,3814,0.37519664394336655,0.16541164132144734,Alexandria,0,456,3751.0
Alexandria_y2020.tif,2736,0.3994883040935672,0.1334777046783626,Alexandria,0,451,3751.0
Alexandria_y2020.tif,1413,0.9554140127388535,0.3096567586694975,Alexandria,0,453,3751.0
Alexandria_y2020.tif,1743,0.5094664371772806,0.19098967297762479,Alexandria,0,457,3751.0
Alexandria_y2020.tif,777,0.0,0.02418275418275418,Alexandria,0,444,3751.0
Alexandria_y2020.tif,584,0.0,0.04026541095890411,Alexandria,1,449,3751.0
Alexandria_y2020.tif,837,0.0,0.018446833930704898,Alexandria,0,446,3751.0
Alexandria_y2020.tif,1705,0.30498533724340177,0.1714574780058651,Alexandria,0,463,3751.0
Alexandria_y2020.tif,3579,0.9787650181614976,0.36661637328862806,Alexandria,0,469,3751.0
Alexandria_y2020.tif,482,0.0,0.11137966804979253,Alexandria,0,455,3751.0
Alexandria_y2020.tif,1498,0.056742323097463285,0.14812082777036048,Alexandria,0,459,3751.0
Alexandria_y2020.tif,2405,0.8316008316008316,0.29173804573804574,Alexandria,0,465,3751.0
Alexandria_y2020.tif,796,0.0,0.018310301507537687,Alexandria,0,458,3751.0
Alexandria_y2020.tif,578,0.0,0.06542387543252595,Alexandria,1,461,3751.0
Alexandria_y2020.tif,2441,0.10897173289635395,0.11636624334289224,Alexandria,0,470,3751.0
Alexandria_y2020.tif,4943,0.202103985433947,0.10659316204733967,Alexandria,0,474,3751.0
Alexandria_y2020.tif,639,0.0,0.11068857589984352,Alexandria,1,467,3751.0
Alexandria_y2020.tif,1520,0.9861842105263158,0.3465526315789474,Alexandria,0,471,3751.0
Alexandria_y2020.tif,745,0.11140939597315436,0.1497986577181208,Alexandria,1,466,3751.0
Alexandria_y2020.tif,4352,0.48230698529411764,0.21390280330882352,Alexandria,0,495,3751.0
Alexandria_y2020.tif,541,0.0,0.08932532347504622,Alexandria,1,472,3751.0
Alexandria_y2020.tif,2527,0.9837752275425405,0.3692936288088643,Alexandria,0,483,3751.0
Alexandria_y2020.tif,2001,0.8265867066466767,0.2852073963018491,Alexandria,0,482,3751.0
Alexandria_y2020.tif,839,0.0,0.06043504171632897,Alexandria,0,478,3751.0
Alexandria_y2020.tif,513,0.0,0.029385964912280706,Alexandria,0,475,3751.0
Alexandria_y2020.tif,675,0.0,0.05163703703703703,Alexandria,0,477,3751.0
Alexandria_y2020.tif,1075,0.0,0.06236279069767441,Alexandria,1,473,3751.0
Alexandria_y2020.tif,783,0.06513409961685823,0.10882503192848021,Alexandria,0,476,3751.0
Alexandria_y2020.tif,1416,0.0014124293785310734,0.0616066384180791,Alexandria,1,479,3751.0
Alexandria_y2020.tif,921,0.507057546145494,0.20331161780673182,Alexandria,0,485,3751.0
Alexandria_y2020.tif,712,0.0,0.035610955056179776,Alexandria,1,486,3751.0
Alexandria_y2020.tif,993,0.0,0.06157099697885198,Alexandria,1,484,3751.0
Alexandria_y2020.tif,868,0.0,0.06960829493087557,Alexandria,1,487,3751.0
Alexandria_y2020.tif,6158,0.0,0.04355472556024684,Alexandria,0,508,3751.0
Alexandria_y2020.tif,3304,0.6104721549636803,0.24219582324455208,Alexandria,0,517,3751.0
Alexandria_y2020.tif,1077,0.0,0.04518570102135562,Alexandria,1,490,3751.0
Alexandria_y2020.tif,1053,0.8034188034188035,0.26894586894586897,Alexandria,0,491,3751.0
Alexandria_y2020.tif,1081,0.0,0.033760407030527295,Alexandria,0,493,3751.0
Alexandria_y2020.tif,3268,0.9850061199510404,0.3615330477356181,Alexandria,0,498,3751.0
Alexandria_y2020.tif,1012,0.2984189723320158,0.16886363636363638,Alexandria,1,489,3751.0
Alexandria_y2020.tif,1265,0.0,0.07058498023715415,Alexandria,0,488,3751.0
Alexandria_y2020.tif,1687,0.16241849436870184,0.07323058684054536,Alexandria,0,501,3751.0
Alexandria_y2020.tif,1758,0.9556313993174061,0.30904152445961325,Alexandria,0,503,3751.0
Alexandria_y2020.tif,901,0.0,0.07713096559378468,Alexandria,0,492,3751.0
Alexandria_y2020.tif,1447,1.0,0.3777505183137526,Alexandria,0,509,3751.0
Alexandria_y2020.tif,1101,0.0,0.07736603088101726,Alexandria,0,500,3751.0
Alexandria_y2020.tif,1111,0.0,0.09951845184518451,Alexandria,1,504,3751.0
Alexandria_y2020.tif,799,0.9436795994993742,0.2969774718397997,Alexandria,1,499,3751.0
Alexandria_y2020.tif,1438,0.0,0.05415159944367177,Alexandria,0,496,3751.0
Alexandria_y2020.tif,938,0.005330490405117271,0.09718017057569296,Alexandria,0,506,3751.0
Alexandria_y2020.tif,1039,0.0,0.03830125120307989,Alexandria,1,494,3751.0
Alexandria_y2020.tif,581,0.0,0.04144578313253012,Alexandria,0,505,3751.0
Alexandria_y2020.tif,967,0.02481902792140641,0.07739400206825232,Alexandria,0,510,3751.0
Alexandria_y2020.tif,909,0.0,0.08522002200220022,Alexandria,0,513,3751.0
Alexandria_y2020.tif,1535,0.5166123778501629,0.21346254071661236,Alexandria,0,511,3751.0
Alexandria_y2020.tif,2379,0.7818411097099621,0.28048970155527536,Alexandria,0,551,3751.0
Alexandria_y2020.tif,1611,0.014276846679081317,0.0825512104283054,Alexandria,0,515,3751.0
Alexandria_y2020.tif,3287,0.0,0.04632339519318528,Alexandria,0,526,3751.0
Alexandria_y2020.tif,4073,0.12423275227105328,0.08594279400932973,Alexandria,0,534,3751.0
Alexandria_y2020.tif,2172,0.02716390423572744,0.07647099447513814,Alexandria,0,523,3751.0
Alexandria_y2020.tif,408,0.031862745098039214,0.07491421568627452,Alexandria,0,507,3751.0
Alexandria_y2020.tif,1075,0.0,0.047609302325581394,Alexandria,0,512,3751.0
Alexandria_y2020.tif,1379,0.0340826686004351,0.10949238578680204,Alexandria,0,522,3751.0
Alexandria_y2020.tif,988,0.004048582995951417,0.10941801619433199,Alexandria,1,520,3751.0
Alexandria_y2020.tif,408,0.0,0.034840686274509806,Alexandria,0,518,3751.0
Alexandria_y2020.tif,2962,0.27177582714382176,0.1500219446320054,Alexandria,0,524,3751.0
Alexandria_y2020.tif,1233,0.18004866180048662,0.12883617193836172,Alexandria,0,529,3751.0
Alexandria_y2020.tif,1129,0.0,0.04602745792736935,Alexandria,0,521,3751.0
Alexandria_y2020.tif,737,0.0,0.06359565807327001,Alexandria,0,528,3751.0
Alexandria_y2020.tif,2980,0.02080536912751678,0.11004194630872484,Alexandria,0,538,3751.0
Alexandria_y2020.tif,818,0.10268948655256724,0.1312958435207824,Alexandria,0,532,3751.0
Alexandria_y2020.tif,789,0.0,0.0817490494296578,Alexandria,1,525,3751.0
Alexandria_y2020.tif,877,0.0,0.07705245153933864,Alexandria,1,530,3751.0
Alexandria_y2020.tif,4624,0.7491349480968859,0.2761721453287197,Alexandria,0,562,3751.0
Alexandria_y2020.tif,510,0.0,0.04066666666666667,Alexandria,0,533,3751.0
Alexandria_y2020.tif,2876,0.708970792767733,0.22925417246175245,Alexandria,0,542,3751.0
Alexandria_y2020.tif,454,0.0,0.028149779735682823,Alexandria,0,531,3751.0
Alexandria_y2020.tif,1838,0.6942328618063112,0.25449401523394993,Alexandria,0,540,3751.0
Alexandria_y2020.tif,966,0.06832298136645963,0.11521739130434783,Alexandria,0,541,3751.0
Alexandria_y2020.tif,571,0.0,0.052478108581436075,Alexandria,1,539,3751.0
Alexandria_y2020.tif,893,0.0,0.05623180291153416,Alexandria,0,543,3751.0
Alexandria_y2020.tif,1065,0.0,0.03978403755868545,Alexandria,0,544,3751.0
Alexandria_y2020.tif,810,0.2975308641975309,0.18395679012345678,Alexandria,1,536,3751.0
Alexandria_y2020.tif,909,0.0,0.023470847084708472,Alexandria,0,545,3751.0
Alexandria_y2020.tif,1063,0.010348071495766699,0.10809971777986829,Alexandria,1,548,3751.0
Alexandria_y2020.tif,15785,6.335128286347799e-05,0.036187203040861586,Alexandria,0,595,3751.0
Alexandria_y2020.tif,1847,0.0,0.08525175961017865,Alexandria,0,537,3751.0
Alexandria_y2020.tif,1014,0.0,0.06497041420118342,Alexandria,1,553,3751.0
Alexandria_y2020.tif,989,0.0,0.044069767441860475,Alexandria,0,552,3751.0
Alexandria_y2020.tif,1074,0.148975791433892,0.17190409683426444,Alexandria,1,547,3751.0
Alexandria_y2020.tif,1619,0.0,0.03664916615194565,Alexandria,0,550,3751.0
Alexandria_y2020.tif,957,0.0,0.04888192267502613,Alexandria,0,556,3751.0
Alexandria_y2020.tif,2056,0.9985408560311284,0.3178210116731518,Alexandria,0,559,3751.0
Alexandria_y2020.tif,520,0.18846153846153846,0.16449038461538462,Alexandria,0,555,3751.0
Alexandria_y2020.tif,3001,0.31789403532155946,0.1600999666777741,Alexandria,0,571,3751.0
Alexandria_y2020.tif,1421,0.5531315974665728,0.21198803659394794,Alexandria,0,561,3751.0
Alexandria_y2020.tif,1035,0.0,0.044942028985507254,Alexandria,1,554,3751.0
Alexandria_y2020.tif,1273,0.0,0.04380204241948154,Alexandria,0,563,3751.0
Alexandria_y2020.tif,1910,0.0,0.032204188481675396,Alexandria,0,549,3751.0
Alexandria_y2020.tif,759,1.0,0.34124505928853754,Alexandria,0,565,3751.0
Alexandria_y2020.tif,1269,0.0,0.039515366430260046,Alexandria,0,569,3751.0
Alexandria_y2020.tif,4778,0.4405609041439933,0.19293009627459187,Alexandria,0,590,3751.0
Alexandria_y2020.tif,901,0.0,0.060371809100998895,Alexandria,0,566,3751.0
Alexandria_y2020.tif,910,0.9582417582417583,0.2905164835164835,Alexandria,0,572,3751.0
Alexandria_y2020.tif,1210,0.0,0.0720495867768595,Alexandria,1,570,3751.0
Alexandria_y2020.tif,1357,0.0,0.0326750184229919,Alexandria,0,558,3751.0
Alexandria_y2020.tif,1555,0.0,0.025864951768488745,Alexandria,0,574,3751.0
Alexandria_y2020.tif,1255,0.6199203187250996,0.2491633466135458,Alexandria,1,567,3751.0
Alexandria_y2020.tif,912,0.0,0.08365679824561403,Alexandria,0,576,3751.0
Alexandria_y2020.tif,1244,0.0,0.042717041800643084,Alexandria,0,577,3751.0
Alexandria_y2020.tif,857,0.0,0.04464994165694283,Alexandria,0,575,3751.0
Alexandria_y2020.tif,1030,0.0,0.04102912621359224,Alexandria,0,578,3751.0
Alexandria_y2020.tif,784,0.0,0.05505102040816327,Alexandria,0,579,3751.0
Alexandria_y2020.tif,1388,0.0,0.03335374639769453,Alexandria,0,586,3751.0
Alexandria_y2020.tif,3106,0.6532517707662588,0.24357694784288472,Alexandria,0,591,3751.0
Alexandria_y2020.tif,1008,0.003968253968253968,0.10145337301587301,Alexandria,0,583,3751.0
Alexandria_y2020.tif,1002,0.0,0.07600299401197605,Alexandria,0,584,3751.0
Alexandria_y2020.tif,2244,0.5877896613190731,0.2042535650623886,Alexandria,0,596,3751.0
Alexandria_y2020.tif,2062,0.030552861299709022,0.1047866149369544,Alexandria,1,585,3751.0
Alexandria_y2020.tif,1145,0.0,0.036192139737991263,Alexandria,0,593,3751.0
Alexandria_y2020.tif,1197,0.04594820384294068,0.11885964912280703,Alexandria,0,580,3751.0
Alexandria_y2020.tif,1153,0.0,0.05420641803989593,Alexandria,1,592,3751.0
Alexandria_y2020.tif,2776,0.8793227665706052,0.27507744956772334,Alexandria,0,602,3751.0
Alexandria_y2020.tif,714,0.0,0.05183473389355743,Alexandria,0,589,3751.0
Alexandria_y2020.tif,2330,0.0,0.04191201716738197,Alexandria,0,597,3751.0
Alexandria_y2020.tif,758,0.0,0.10907651715039579,Alexandria,0,594,3751.0
Alexandria_y2020.tif,1208,0.5629139072847682,0.1799793046357616,Alexandria,0,588,3751.0
Alexandria_y2020.tif,943,0.0,0.03583244962884412,Alexandria,0,587,3751.0
Alexandria_y2020.tif,1857,0.0005385029617662897,0.08000269251480883,Alexandria,0,598,3751.0
Alexandria_y2020.tif,3598,0.0011117287381878821,0.08740550305725403,Alexandria,0,616,3751.0
Alexandria_y2020.tif,1306,0.12710566615620214,0.1480781010719755,Alexandria,0,603,3751.0
Alexandria_y2020.tif,611,0.0,0.08449263502454991,Alexandria,0,599,3751.0
Alexandria_y2020.tif,1171,0.0,0.034474807856532876,Alexandria,0,601,3751.0
Alexandria_y2020.tif,8782,0.16511045319972673,0.11048736051013437,Alexandria,0,644,3751.0
Alexandria_y2020.tif,1243,0.0,0.03665728077232502,Alexandria,0,609,3751.0
Alexandria_y2020.tif,1574,0.0031766200762388818,0.05479669631512071,Alexandria,0,610,3751.0
Alexandria_y2020.tif,2242,0.08519179304192685,0.09119090098126674,Alexandria,0,612,3751.0
Alexandria_y2020.tif,1148,0.0,0.07408536585365855,Alexandria,1,604,3751.0
Alexandria_y2020.tif,1272,0.12735849056603774,0.14127358490566036,Alexandria,0,611,3751.0
Alexandria_y2020.tif,607,0.0,0.04597199341021417,Alexandria,0,607,3751.0
Alexandria_y2020.tif,1144,0.0,0.033570804195804195,Alexandria,0,600,3751.0
Alexandria_y2020.tif,1119,0.0,0.048525469168900805,Alexandria,0,613,3751.0
Alexandria_y2020.tif,583,0.08919382504288165,0.09020583190394511,Alexandria,0,608,3751.0
Alexandria_y2020.tif,786,0.6552162849872774,0.24121501272264628,Alexandria,0,614,3751.0
Alexandria_y2020.tif,1366,0.021961932650073207,0.06178623718887263,Alexandria,0,623,3751.0
Alexandria_y2020.tif,2366,0.7121724429416737,0.27564454775993236,Alexandria,1,615,3751.0
Alexandria_y2020.tif,999,0.0,0.043898898898898905,Alexandria,0,619,3751.0
Alexandria_y2020.tif,1141,0.0,0.10093777388255915,Alexandria,1,606,3751.0
Alexandria_y2020.tif,1963,0.10341314314824249,0.14049159449821702,Alexandria,0,618,3751.0
Alexandria_y2020.tif,778,0.9794344473007712,0.3292480719794344,Alexandria,0,630,3751.0
Alexandria_y2020.tif,581,0.0051635111876075735,0.08695352839931153,Alexandria,1,621,3751.0
Alexandria_y2020.tif,1643,0.25015216068167984,0.16341448569689593,Alexandria,0,633,3751.0
Alexandria_y2020.tif,2844,0.02707454289732771,0.103820323488045,Alexandria,0,635,3751.0
Alexandria_y2020.tif,1261,0.0,0.0409238699444885,Alexandria,0,632,3751.0
Alexandria_y2020.tif,1770,0.1327683615819209,0.14099717514124294,Alexandria,0,639,3751.0
Alexandria_y2020.tif,1728,0.0023148148148148147,0.08208912037037036,Alexandria,0,634,3751.0
Alexandria_y2020.tif,701,0.0,0.04571326676176891,Alexandria,0,625,3751.0
Alexandria_y2020.tif,655,0.0,0.09213740458015267,Alexandria,1,626,3751.0
Alexandria_y2020.tif,723,0.636237897648686,0.2330221300138312,Alexandria,1,628,3751.0
Alexandria_y2020.tif,1406,0.12304409672830725,0.08631223328591749,Alexandria,0,629,3751.0
Alexandria_y2020.tif,3501,0.14395886889460155,0.09557269351613826,Alexandria,0,648,3751.0
Alexandria_y2020.tif,1981,0.568904593639576,0.20876325088339223,Alexandria,0,647,3751.0
Alexandria_y2020.tif,1694,0.0,0.10021841794569067,Alexandria,0,642,3751.0
Alexandria_y2020.tif,1342,0.0,0.06706035767511177,Alexandria,0,640,3751.0
Alexandria_y2020.tif,1411,0.0,0.10167257264351522,Alexandria,1,637,3751.0
Alexandria_y2020.tif,644,0.22826086956521738,0.13847049689440996,Alexandria,0,645,3751.0
Alexandria_y2020.tif,2636,0.026555386949924126,0.09600341426403643,Alexandria,0,643,3751.0
Alexandria_y2020.tif,836,0.08732057416267942,0.12720095693779904,Alexandria,0,649,3751.0
Alexandria_y2020.tif,2457,0.687016687016687,0.2587016687016687,Alexandria,0,653,3751.0
Alexandria_y2020.tif,2265,0.3293598233995585,0.19200883002207506,Alexandria,0,658,3751.0
Alexandria_y2020.tif,952,0.0,0.08363970588235294,Alexandria,0,651,3751.0
Alexandria_y2020.tif,1225,0.5771428571428572,0.24334693877551017,Alexandria,0,654,3751.0
Alexandria_y2020.tif,1619,0.0,0.07262816553428042,Alexandria,0,657,3751.0
Alexandria_y2020.tif,1978,0.378159757330637,0.1915015166835187,Alexandria,0,660,3751.0
Alexandria_y2020.tif,776,0.10309278350515463,0.12889819587628867,Alexandria,1,652,3751.0
Alexandria_y2020.tif,2194,0.038742023701002735,0.061201002734731086,Alexandria,0,656,3751.0
Alexandria_y2020.tif,1689,0.35642391947898167,0.16851391355831855,Alexandria,0,655,3751.0
Alexandria_y2020.tif,939,0.08839190628328009,0.09879659211927584,Alexandria,0,659,3751.0
Alexandria_y2020.tif,1826,0.0,0.07064895947426067,Alexandria,0,662,3751.0
Alexandria_y2020.tif,705,0.0,0.0644822695035461,Alexandria,0,663,3751.0
Alexandria_y2020.tif,3328,0.0,0.054178185096153846,Alexandria,0,668,3751.0
Alexandria_y2020.tif,3034,0.06262359920896507,0.10128213579433093,Alexandria,0,674,3751.0
Alexandria_y2020.tif,701,0.0,0.05756776034236805,Alexandria,0,669,3751.0
Alexandria_y2020.tif,1823,0.1557871640153593,0.13887822270981898,Alexandria,0,678,3751.0
Alexandria_y2020.tif,626,0.0,0.0517891373801917,Alexandria,0,666,3751.0
Alexandria_y2020.tif,1351,0.11028867505551443,0.11870096225018506,Alexandria,0,673,3751.0
Alexandria_y2020.tif,841,0.5077288941736029,0.20041022592152202,Alexandria,0,667,3751.0
Alexandria_y2020.tif,941,0.2592986184909671,0.13803400637619553,Alexandria,0,670,3751.0
Alexandria_y2020.tif,1147,0.7340889276373147,0.2536573670444638,Alexandria,0,676,3751.0
Alexandria_y2020.tif,1265,0.0,0.08195256916996047,Alexandria,0,677,3751.0
Alexandria_y2020.tif,975,0.0,0.042466666666666666,Alexandria,0,665,3751.0
Alexandria_y2020.tif,1021,0.16454456415279137,0.15121939275220372,Alexandria,0,675,3751.0
Alexandria_y2020.tif,5976,0.9643574297188755,0.3312106760374833,Alexandria,0,704,3751.0
Alexandria_y2020.tif,634,0.0914826498422713,0.1151813880126183,Alexandria,0,681,3751.0
Alexandria_y2020.tif,394,0.0,0.06161167512690355,Alexandria,0,679,3751.0
Alexandria_y2020.tif,3029,0.42027071640805547,0.19651205018157808,Alexandria,0,686,3751.0
Alexandria_y2020.tif,881,0.0,0.06250283768444949,Alexandria,1,684,3751.0
Alexandria_y2020.tif,1317,0.0630220197418375,0.12143887623386485,Alexandria,0,685,3751.0
Alexandria_y2020.tif,2970,0.8441077441077441,0.32413636363636367,Alexandria,0,705,3751.0
Alexandria_y2020.tif,659,0.0,0.08379362670713202,Alexandria,0,682,3751.0
Alexandria_y2020.tif,1258,0.0,0.10404213036565978,Alexandria,0,683,3751.0
Alexandria_y2020.tif,2159,0.35988883742473365,0.16656553960166745,Alexandria,0,688,3751.0
Alexandria_y2020.tif,1866,0.0,0.046789924973204715,Alexandria,0,689,3751.0
Alexandria_y2020.tif,796,0.0,0.06025125628140704,Alexandria,0,690,3751.0
Alexandria_y2020.tif,697,0.0,0.07145624103299857,Alexandria,1,695,3751.0
Alexandria_y2020.tif,1764,0.15192743764172337,0.12376133786848074,Alexandria,0,696,3751.0
Alexandria_y2020.tif,1341,0.8553318419090231,0.2797986577181208,Alexandria,0,698,3751.0
Alexandria_y2020.tif,1607,0.0,0.1125233354075918,Alexandria,1,697,3751.0
Alexandria_y2020.tif,1472,0.0,0.09915760869565218,Alexandria,0,702,3751.0
Alexandria_y2020.tif,1958,0.0,0.04351378958120532,Alexandria,0,706,3751.0
Alexandria_y2020.tif,1128,0.0,0.07515514184397162,Alexandria,0,712,3751.0
Alexandria_y2020.tif,703,0.0,0.03853485064011379,Alexandria,0,703,3751.0
Alexandria_y2020.tif,926,0.0,0.055907127429805616,Alexandria,0,711,3751.0
Alexandria_y2020.tif,801,0.0,0.09263420724094881,Alexandria,1,708,3751.0
Alexandria_y2020.tif,6289,0.6681507393862299,0.2688201621879472,Alexandria,0,732,3751.0
Alexandria_y2020.tif,1990,1.0,0.4095175879396985,Alexandria,0,718,3751.0
Alexandria_y2020.tif,602,0.0,0.027915282392026577,Alexandria,0,707,3751.0
Alexandria_y2020.tif,1855,0.0,0.046611859838274934,Alexandria,0,710,3751.0
Alexandria_y2020.tif,1570,0.0,0.09526433121019108,Alexandria,0,709,3751.0
Alexandria_y2020.tif,792,0.0,0.05905934343434343,Alexandria,0,717,3751.0
Alexandria_y2020.tif,2220,1.0,0.3887477477477478,Alexandria,0,721,3751.0
Alexandria_y2020.tif,1373,0.0,0.039231609613983975,Alexandria,0,716,3751.0
Alexandria_y2020.tif,2064,1.0,0.40354166666666663,Alexandria,0,725,3751.0
Alexandria_y2020.tif,1088,0.0,0.04282169117647059,Alexandria,0,720,3751.0
Alexandria_y2020.tif,1203,0.0,0.05181629260182875,Alexandria,0,724,3751.0
Alexandria_y2020.tif,2495,0.5026052104208417,0.2064488977955912,Alexandria,0,728,3751.0
Alexandria_y2020.tif,2575,0.44737864077669903,0.1898485436893204,Alexandria,0,729,3751.0
Alexandria_y2020.tif,2281,0.0,0.047281893906181496,Alexandria,0,723,3751.0
Alexandria_y2020.tif,1773,1.0,0.3880992667794698,Alexandria,0,731,3751.0
Alexandria_y2020.tif,2032,0.0,0.040686515748031504,Alexandria,0,734,3751.0
Alexandria_y2020.tif,2523,1.0,0.39362663495838285,Alexandria,0,738,3751.0
Alexandria_y2020.tif,2183,0.0,0.04759963353183692,Alexandria,0,726,3751.0
Alexandria_y2020.tif,824,0.0,0.02098907766990291,Alexandria,0,733,3751.0
Alexandria_y2020.tif,903,0.0,0.027054263565891478,Alexandria,0,740,3751.0
Alexandria_y2020.tif,3976,1.0,0.40106011066398395,Alexandria,0,752,3751.0
Alexandria_y2020.tif,1264,0.06408227848101265,0.06721123417721518,Alexandria,0,746,3751.0
Alexandria_y2020.tif,1696,0.0,0.03400353773584906,Alexandria,0,739,3751.0
Alexandria_y2020.tif,2559,1.0,0.4009534974599453,Alexandria,0,743,3751.0
Alexandria_y2020.tif,2209,0.0,0.034076505205975556,Alexandria,0,745,3751.0
Alexandria_y2020.tif,1204,0.0,0.03476744186046512,Alexandria,0,749,3751.0
Alexandria_y2020.tif,2777,0.5812027367662945,0.23530968671227945,Alexandria,0,754,3751.0
Alexandria_y2020.tif,1764,1.0,0.3962414965986395,Alexandria,0,753,3751.0
Alexandria_y2020.tif,2208,0.8582427536231884,0.29963994565217394,Alexandria,0,750,3751.0
Alexandria_y2020.tif,4579,0.790347237388076,0.3094343743175366,Alexandria,0,764,3751.0
Alexandria_y2020.tif,1449,0.002070393374741201,0.04792270531400967,Alexandria,0,751,3751.0
Alexandria_y2020.tif,1014,0.0,0.028254437869822492,Alexandria,0,757,3751.0
Alexandria_y2020.tif,1736,0.9971198156682027,0.33630472350230417,Alexandria,0,761,3751.0
Alexandria_y2020.tif,1425,0.0,0.04345964912280702,Alexandria,0,759,3751.0
Alexandria_y2020.tif,1828,0.9431072210065645,0.3686323851203501,Alexandria,0,768,3751.0
Alexandria_y2020.tif,1129,0.75022143489814,0.27022143489814,Alexandria,0,774,3751.0
Alexandria_y2020.tif,1801,0.001110494169905608,0.037176568573015,Alexandria,0,767,3751.0
Alexandria_y2020.tif,2021,0.9960415635823849,0.35420336467095503,Alexandria,0,763,3751.0
Alexandria_y2020.tif,1162,0.8657487091222031,0.3273149741824441,Alexandria,0,769,3751.0
Alexandria_y2020.tif,989,0.45601617795753285,0.1840899898887765,Alexandria,0,775,3751.0
Alexandria_y2020.tif,938,0.0767590618336887,0.08407782515991472,Alexandria,0,771,3751.0
Alexandria_y2020.tif,1141,0.0,0.041424189307624884,Alexandria,0,779,3751.0
Alexandria_y2020.tif,597,0.0,0.035510887772194306,Alexandria,0,777,3751.0
Alexandria_y2020.tif,534,0.0,0.05716292134831461,Alexandria,0,772,3751.0
Alexandria_y2020.tif,1059,0.6666666666666666,0.24598677998111426,Alexandria,0,781,3751.0
Alexandria_y2020.tif,1775,0.4647887323943662,0.1766338028169014,Alexandria,0,783,3751.0
Alexandria_y2020.tif,727,0.0,0.05976616231086658,Alexandria,0,782,3751.0
Alexandria_y2020.tif,486,0.0,0.04279835390946503,Alexandria,0,778,3751.0
Alexandria_y2020.tif,780,0.0,0.03883974358974359,Alexandria,0,785,3751.0
Alexandria_y2020.tif,1266,0.30647709320695105,0.14467219589257505,Alexandria,0,788,3751.0
Alexandria_y2020.tif,1780,0.0044943820224719105,0.056994382022471916,Alexandria,0,787,3751.0
Alexandria_y2020.tif,1115,0.0,0.04780717488789238,Alexandria,0,790,3751.0
Alexandria_y2020.tif,1004,0.0,0.029038844621513953,Alexandria,0,791,3751.0
Alexandria_y2020.tif,38724,0.06616052060737528,0.05066095961161038,Alexandria,0,886,3751.0
Alexandria_y2020.tif,1481,0.2802160702228224,0.12909858203916272,Alexandria,0,801,3751.0
Alexandria_y2020.tif,2064,0.0,0.03956153100775194,Alexandria,0,789,3751.0
Alexandria_y2020.tif,1340,0.0,0.043522388059701496,Alexandria,0,797,3751.0
Alexandria_y2020.tif,979,0.0,0.06270684371807968,Alexandria,0,792,3751.0
Alexandria_y2020.tif,1553,0.5080489375402447,0.19745331616226658,Alexandria,0,799,3751.0
Alexandria_y2020.tif,2303,0.03343465045592705,0.10950716456795484,Alexandria,0,807,3751.0
Alexandria_y2020.tif,1611,0.6014897579143389,0.18003103662321537,Alexandria,0,820,3751.0
Alexandria_y2020.tif,1039,0.0,0.03151106833493745,Alexandria,0,800,3751.0
Alexandria_y2020.tif,165302,0.0,0.017608619375446152,Alexandria,0,1122,3751.0
Alexandria_y2020.tif,5785,0.002074330164217805,0.028670700086430426,Alexandria,0,827,3751.0
Alexandria_y2020.tif,12500,0.02704,0.07103280000000001,Alexandria,0,858,3751.0
Alexandria_y2020.tif,4064,0.2829724409448819,0.15350147637795275,Alexandria,0,822,3751.0
Alexandria_y2020.tif,1351,0.1080680977054034,0.12908586232420427,Alexandria,0,841,3751.0
Alexandria_y2020.tif,824,0.933252427184466,0.2983434466019418,Alexandria,1,850,3751.0
Alexandria_y2020.tif,175392,0.011003922641853677,0.028941171775223505,Alexandria,0,1182,3751.0
Alexandria_y2020.tif,1511,0.17935142289874256,0.17474189278623425,Alexandria,1,854,3751.0
Alexandria_y2020.tif,2047,0.00537371763556424,0.06506595017098192,Alexandria,0,869,3751.0
Alexandria_y2020.tif,2703,0.07177210506844248,0.1285701072881983,Alexandria,1,873,3751.0
Alexandria_y2020.tif,2150,0.2013953488372093,0.09646279069767442,Alexandria,0,803,3751.0
Alexandria_y2020.tif,773,0.0,0.035530401034928855,Alexandria,0,813,3751.0
Alexandria_y2020.tif,593,0.0,0.025404721753794268,Alexandria,0,810,3751.0
Alexandria_y2020.tif,4107,0.5797419040662284,0.1994472851229608,Alexandria,0,833,3751.0
Alexandria_y2020.tif,2447,0.13567633837351858,0.09137719656722518,Alexandria,0,837,3751.0
Alexandria_y2020.tif,1408,0.3877840909090909,0.1532919034090909,Alexandria,0,821,3751.0
Alexandria_y2020.tif,1402,0.9108416547788873,0.3011947218259629,Alexandria,0,838,3751.0
Alexandria_y2020.tif,3180,0.30471698113207546,0.14254088050314465,Alexandria,0,860,3751.0
Alexandria_y2020.tif,1086,1.0,0.32004604051565383,Alexandria,0,853,3751.0
Alexandria_y2020.tif,827,0.5646916565900847,0.1896795646916566,Alexandria,0,864,3751.0
Alexandria_y2020.tif,3158,0.21469284357188093,0.12073622545915137,Alexandria,0,894,3751.0
Alexandria_y2020.tif,672,0.32589285714285715,0.1302232142857143,Alexandria,0,884,3751.0
Alexandria_y2020.tif,1521,0.957922419460881,0.34586456278763966,Alexandria,0,890,3751.0
Alexandria_y2020.tif,792,0.0,0.09208964646464647,Alexandria,0,897,3751.0
Alexandria_y2020.tif,2557,0.03245991396167384,0.08431755964020338,Alexandria,0,927,3751.0
Alexandria_y2020.tif,2913,0.9900446275317542,0.3787401304497082,Alexandria,0,949,3751.0
Alexandria_y2020.tif,1295,0.0,0.033613899613899614,Alexandria,0,905,3751.0
Alexandria_y2020.tif,4268,0.6710402999062793,0.25366447985004686,Alexandria,0,987,3751.0
Alexandria_y2020.tif,1177,0.002548853016142736,0.08375955819881054,Alexandria,0,941,3751.0
Alexandria_y2020.tif,1460,0.025342465753424658,0.06896232876712328,Alexandria,0,918,3751.0
Alexandria_y2020.tif,2241,0.107095046854083,0.1923583221775993,Alexandria,1,888,3751.0
Alexandria_y2020.tif,2519,0.32155617308455736,0.17316395394998016,Alexandria,0,916,3751.0
Alexandria_y2020.tif,1528,0.024214659685863876,0.09204515706806282,Alexandria,1,909,3751.0
Alexandria_y2020.tif,2886,0.05093555093555094,0.09930353430353431,Alexandria,0,907,3751.0
Alexandria_y2020.tif,1633,0.02694427434170239,0.10207287201469688,Alexandria,1,926,3751.0
Alexandria_y2020.tif,1871,0.0,0.07272314270443613,Alexandria,1,908,3751.0
Alexandria_y2020.tif,943,0.5015906680805938,0.23534464475079533,Alexandria,1,938,3751.0
Alexandria_y2020.tif,4391,0.0,0.01749829196082897,Alexandria,0,1010,3751.0
Alexandria_y2020.tif,1831,0.8290551611141452,0.32270890223921356,Alexandria,1,951,3751.0
Alexandria_y2020.tif,1144,0.0,0.03107954545454546,Alexandria,1,934,3751.0
Alexandria_y2020.tif,1121,0.15611061552185548,0.18501338090990188,Alexandria,1,968,3751.0
Alexandria_y2020.tif,1520,0.009210526315789473,0.08369407894736842,Alexandria,1,978,3751.0
Alexandria_y2020.tif,2064,0.0,0.03372093023255814,Alexandria,1,966,3751.0
Alexandria_y2020.tif,1245,0.5799196787148594,0.302859437751004,Alexandria,1,985,3751.0
Alexandria_y2020.tif,1786,0.0,0.029963605823068316,Alexandria,0,991,3751.0
Alexandria_y2020.tif,832,0.0,0.04519831730769231,Alexandria,1,979,3751.0
Alexandria_y2020.tif,1020,0.0,0.023965686274509804,Alexandria,1,989,3751.0
Alexandria_y2020.tif,1001,0.00999000999000999,0.1372977022977023,Alexandria,1,996,3751.0
Alexandria_y2020.tif,728,0.0,0.020432692307692308,Alexandria,1,1008,3751.0
Alexandria_y2020.tif,631,0.0,0.023597464342313787,Alexandria,1,1006,3751.0
Alexandria_y2020.tif,719,0.0,0.08096662030598054,Alexandria,1,1018,3751.0
Alexandria_y2020.tif,1029,0.0,0.025724003887269198,Alexandria,0,1013,3751.0
Alexandria_y2020.tif,1031,0.0,0.05399612027158099,Alexandria,0,1029,3751.0
Alexandria_y2020.tif,1360,0.0,0.028235294117647063,Alexandria,0,1024,3751.0
Alexandria_y2020.tif,2220,0.0,0.05193243243243244,Alexandria,0,1072,3751.0
Alexandria_y2020.tif,8896,0.0,0.025133205935251802,Alexandria,0,1115,3751.0
Alexandria_y2020.tif,26396,0.0,0.03330201545688741,Alexandria,0,1181,3751.0
Alexandria_y2020.tif,907,0.6350606394707828,0.2759977949283352,Alexandria,0,1112,3751.0
Alexandria_y2020.tif,1603,0.603243917654398,0.2761759201497193,Alexandria,0,1139,3751.0
Alexandria_y2020.tif,1638,0.31929181929181927,0.17652014652014655,Alexandria,0,1146,3751.0
Alexandria_y2020.tif,56479,0.04803555303741214,0.062075550204500785,Alexandria,0,1239,3751.0
Alexandria_y2020.tif,118098,0.0045978763399888226,0.024381022540601874,Alexandria,0,1335,3751.0
Alexandria_y2020.tif,5772,0.0,0.017814449064449064,Alexandria,0,1276,3751.0
Alexandria_y2020.tif,3212,0.0,0.023443337484433373,Alexandria,0,1274,3751.0
Alexandria_y2020.tif,5073,0.0,0.02293514685590381,Alexandria,0,1286,3751.0
Alexandria_y2020.tif,3523,0.0,0.02128583593528243,Alexandria,0,1287,3751.0
Alexandria_y2020.tif,499,0.5651302605210421,0.2409619238476954,Alexandria,1,1290,3751.0
Alexandria_y2020.tif,465,0.3956989247311828,0.22586021505376344,Alexandria,1,1293,3751.0
Alexandria_y2020.tif,401,0.6084788029925187,0.23963840399002492,Alexandria,1,1283,3751.0
Alexandria_y2020.tif,551,0.37749546279491836,0.2117785843920145,Alexandria,1,1296,3751.0
Alexandria_y2020.tif,451,0.6984478935698448,0.2778048780487805,Alexandria,1,1285,3751.0
Alexandria_y2020.tif,523,0.3977055449330784,0.21649139579349905,Alexandria,1,1298,3751.0
Alexandria_y2020.tif,493,0.43610547667342797,0.21746450304259632,Alexandria,1,1299,3751.0
Alexandria_y2020.tif,480,0.71875,0.3077083333333333,Alexandria,1,1288,3751.0
Alexandria_y2020.tif,476,0.39915966386554624,0.21160714285714285,Alexandria,1,1301,3751.0
Alexandria_y2020.tif,1038,0.19845857418111754,0.16477360308285163,Alexandria,1,1320,3751.0
Alexandria_y2020.tif,688,0.0,0.10965116279069767,Alexandria,0,1294,3751.0
Alexandria_y2020.tif,2489,0.0,0.014847328244274809,Alexandria,0,1315,3751.0
Alexandria_y2020.tif,375,0.005333333333333333,0.14489333333333335,Alexandria,1,1306,3751.0
Alexandria_y2020.tif,548,0.072992700729927,0.14468065693430657,Alexandria,0,1309,3751.0
Alexandria_y2020.tif,243,0.0,0.15456790123456787,Alexandria,1,1308,3751.0
Alexandria_y2020.tif,537,0.10614525139664804,0.148584729981378,Alexandria,1,1311,3751.0
Alexandria_y2020.tif,259,0.011583011583011582,0.14237451737451737,Alexandria,1,1312,3751.0
Alexandria_y2020.tif,281,0.0,0.12962633451957295,Alexandria,1,1314,3751.0
Alexandria_y2020.tif,530,0.0018867924528301887,0.09787735849056604,Alexandria,0,1318,3751.0
Alexandria_y2020.tif,400,0.0,0.126475,Alexandria,1,1316,3751.0
Alexandria_y2020.tif,325,0.043076923076923075,0.10243076923076923,Alexandria,0,1321,3751.0
Alexandria_y2020.tif,3151,0.13995556966042527,0.1614995239606474,Alexandria,1,1325,3751.0
Alexandria_y2020.tif,206,0.0,0.09257281553398058,Alexandria,1,1322,3751.0
Alexandria_y2020.tif,315,0.19365079365079366,0.17701587301587302,Alexandria,1,1319,3751.0
Alexandria_y2020.tif,342,0.0,0.06694444444444446,Alexandria,0,1317,3751.0
Alexandria_y2020.tif,76391,0.06868610176591483,0.04981895773062271,Alexandria,0,1465,3751.0
Alexandria_y2020.tif,135982,0.00031621832301334,0.02003522525040079,Alexandria,0,1516,3751.0
Alexandria_y2020.tif,1273,0.012568735271013355,0.08489395129615084,Alexandria,0,1331,3751.0
Alexandria_y2020.tif,626,0.0,0.034297124600638974,Alexandria,0,1324,3751.0
Alexandria_y2020.tif,587,0.0,0.02943781942078364,Alexandria,1,1330,3751.0
Alexandria_y2020.tif,392,0.0,0.06807397959183674,Alexandria,0,1329,3751.0
Alexandria_y2020.tif,1108,0.0,0.043781588447653425,Alexandria,1,1332,3751.0
Alexandria_y2020.tif,281,0.0,0.037811387900355875,Alexandria,0,1327,3751.0
Alexandria_y2020.tif,403,0.0,0.016873449131513646,Alexandria,1,1328,3751.0
Alexandria_y2020.tif,484,0.0,0.021890495867768596,Alexandria,1,1333,3751.0
Alexandria_y2020.tif,339,0.0,0.020206489675516224,Alexandria,1,1336,3751.0
Alexandria_y2020.tif,592,0.0,0.03348817567567568,Alexandria,0,1334,3751.0
Alexandria_y2020.tif,602,0.0,0.021461794019933554,Alexandria,0,1339,3751.0
Alexandria_y2020.tif,304,0.0,0.029342105263157895,Alexandria,0,1337,3751.0
Alexandria_y2020.tif,599,0.0,0.019732888146911518,Alexandria,1,1343,3751.0
Alexandria_y2020.tif,613,0.0,0.021150081566068516,Alexandria,1,1341,3751.0
Alexandria_y2020.tif,5784,0.01504149377593361,0.03076849930843707,Alexandria,0,1357,3751.0
Alexandria_y2020.tif,286,0.0,0.02171328671328671,Alexandria,0,1340,3751.0
Alexandria_y2020.tif,404,0.0,0.018737623762376233,Alexandria,1,1344,3751.0
Alexandria_y2020.tif,220,0.0,0.018295454545454542,Alexandria,1,1347,3751.0
Alexandria_y2020.tif,684,0.0,0.022331871345029237,Alexandria,0,1346,3751.0
Alexandria_y2020.tif,693,0.0,0.023838383838383843,Alexandria,0,1362,3751.0
Alexandria_y2020.tif,1863,0.0,0.030182501341921634,Alexandria,1,1360,3751.0
Alexandria_y2020.tif,683,0.0,0.02748169838945827,Alexandria,0,1366,3751.0
Alexandria_y2020.tif,749,0.0,0.017730307076101466,Alexandria,1,1352,3751.0
Alexandria_y2020.tif,469,0.0,0.018166311300639656,Alexandria,0,1349,3751.0
Alexandria_y2020.tif,379,0.0,0.01808707124010554,Alexandria,0,1353,3751.0
Alexandria_y2020.tif,335,0.0,0.01698507462686567,Alexandria,0,1350,3751.0
Alexandria_y2020.tif,4757,0.00588606264452386,0.04761614462896784,Alexandria,0,1380,3751.0
Alexandria_y2020.tif,1101,0.0,0.022506811989100817,Alexandria,0,1359,3751.0
Alexandria_y2020.tif,391,0.0,0.016176470588235292,Alexandria,0,1358,3751.0
Alexandria_y2020.tif,369,0.0,0.020311653116531162,Alexandria,1,1363,3751.0
Alexandria_y2020.tif,1885,0.0,0.018482758620689654,Alexandria,0,1370,3751.0
Alexandria_y2020.tif,676,0.0,0.0182396449704142,Alexandria,0,1365,3751.0
Alexandria_y2020.tif,440,0.0,0.015511363636363634,Alexandria,1,1369,3751.0
Alexandria_y2020.tif,477,0.0,0.015419287211740042,Alexandria,1,1368,3751.0
Alexandria_y2020.tif,595,0.0,0.023890756302521007,Alexandria,0,1367,3751.0
Alexandria_y2020.tif,345,0.0,0.05421739130434783,Alexandria,0,1371,3751.0
Alexandria_y2020.tif,639,0.0,0.02032863849765258,Alexandria,0,1376,3751.0
Alexandria_y2020.tif,531,0.0,0.020009416195856874,Alexandria,0,1375,3751.0
Alexandria_y2020.tif,546,0.0,0.027673992673992672,Alexandria,1,1373,3751.0
Alexandria_y2020.tif,336,0.0,0.023005952380952384,Alexandria,1,1372,3751.0
Alexandria_y2020.tif,560,0.0,0.01711607142857143,Alexandria,1,1381,3751.0
Alexandria_y2020.tif,364,0.0,0.014313186813186815,Alexandria,1,1385,3751.0
Alexandria_y2020.tif,559,0.0,0.0168783542039356,Alexandria,0,1383,3751.0
Alexandria_y2020.tif,372,0.0,0.020524193548387092,Alexandria,1,1387,3751.0
Alexandria_y2020.tif,10584,0.0,0.02707813681027967,Alexandria,0,1461,3751.0
Alexandria_y2020.tif,341,0.0,0.021085043988269794,Alexandria,1,1388,3751.0
Alexandria_y2020.tif,442,0.0,0.018088235294117648,Alexandria,1,1392,3751.0
Alexandria_y2020.tif,241,0.0,0.015767634854771784,Alexandria,1,1382,3751.0
Alexandria_y2020.tif,1087,0.0,0.04348666053357865,Alexandria,0,1396,3751.0
Alexandria_y2020.tif,544,0.0,0.013988970588235295,Alexandria,0,1377,3751.0
Alexandria_y2020.tif,610,0.0,0.020950819672131145,Alexandria,1,1398,3751.0
Alexandria_y2020.tif,290,0.0,0.018137931034482756,Alexandria,1,1391,3751.0
Alexandria_y2020.tif,308,0.0,0.011834415584415583,Alexandria,1,1384,3751.0
Alexandria_y2020.tif,206,0.0,0.017718446601941745,Alexandria,1,1386,3751.0
Alexandria_y2020.tif,236,0.0,0.015084745762711866,Alexandria,1,1397,3751.0
Alexandria_y2020.tif,342,0.0,0.017149122807017546,Alexandria,1,1400,3751.0
Alexandria_y2020.tif,457,0.0,0.024835886214442018,Alexandria,0,1390,3751.0
Alexandria_y2020.tif,380,0.0,0.017960526315789475,Alexandria,1,1394,3751.0
Alexandria_y2020.tif,283,0.0,0.019134275618374556,Alexandria,1,1393,3751.0
Alexandria_y2020.tif,205,0.0,0.01241463414634146,Alexandria,1,1402,3751.0
Alexandria_y2020.tif,386,0.0,0.01800518134715026,Alexandria,1,1404,3751.0
Alexandria_y2020.tif,325,0.0,0.017384615384615387,Alexandria,1,1399,3751.0
Alexandria_y2020.tif,175,0.0,0.022142857142857138,Alexandria,1,1406,3751.0
Alexandria_y2020.tif,293,0.0,0.018071672354948807,Alexandria,1,1405,3751.0
Alexandria_y2020.tif,924,0.0,0.031964285714285716,Alexandria,0,1413,3751.0
Alexandria_y2020.tif,590,0.0,0.01664406779661017,Alexandria,1,1401,3751.0
Alexandria_y2020.tif,216,0.0,0.01266203703703704,Alexandria,1,1407,3751.0
Alexandria_y2020.tif,283,0.0,0.017561837455830388,Alexandria,1,1403,3751.0
Alexandria_y2020.tif,402,0.0,0.015099502487562186,Alexandria,1,1414,3751.0
Alexandria_y2020.tif,319,0.0,0.01183385579937304,Alexandria,1,1415,3751.0
Alexandria_y2020.tif,177,0.0,0.02344632768361582,Alexandria,0,1408,3751.0
Alexandria_y2020.tif,235,0.0,0.01442553191489362,Alexandria,1,1416,3751.0
Alexandria_y2020.tif,309,0.0,0.039838187702265375,Alexandria,1,1417,3751.0
Alexandria_y2020.tif,968,0.0,0.0237809917355372,Alexandria,1,1421,3751.0
Alexandria_y2020.tif,371,0.0,0.017560646900269542,Alexandria,1,1418,3751.0
Alexandria_y2020.tif,466,0.0,0.017274678111587984,Alexandria,1,1422,3751.0
Alexandria_y2020.tif,842,0.8883610451306413,0.34995843230403795,Alexandria,0,1427,3751.0
Alexandria_y2020.tif,37009,0.04704261125672134,0.031265232781215374,Alexandria,0,1098,3751.0
Alexandria_y2020.tif,1789,0.8060368921185019,0.2828926774734489,Alexandria,0,1077,3751.0
Alexandria_y2020.tif,2030,0.8453201970443349,0.2663571428571429,Alexandria,0,1087,3751.0
Alexandria_y2020.tif,49595,0.014295795947172094,0.025293880431495115,Alexandria,0,1203,3751.0
Alexandria_y2020.tif,52775,0.045097110374230226,0.03349654192325912,Alexandria,0,1345,3751.0
Alexandria_y2020.tif,1696,0.8125,0.2661969339622642,Alexandria,0,1446,3751.0
Alexandria_y2020.tif,1672,0.6399521531100478,0.23305023923444973,Alexandria,0,1462,3751.0
Alexandria_y2020.tif,4871,0.3814411825087251,0.15870457811537672,Alexandria,0,1493,3751.0
Alexandria_y2020.tif,7666,0.27393686407513695,0.11524458648578136,Alexandria,0,1486,3751.0
Alexandria_y2020.tif,1767,0.11544991511035653,0.07664402942840974,Alexandria,0,1557,3751.0
Alexandria_y2020.tif,158,0.0,0.0,Alexandria,0,1117,3751.0
Alexandria_y2020.tif,37348,0.015743814929848988,0.017501071007818357,Alexandria,0,1201,3751.0
Alexandria_y2020.tif,4365,0.0,0.0,Alexandria,0,1233,3751.0
Alexandria_y2020.tif,1516,0.09960422163588391,0.039346965699208446,Alexandria,0,1225,3751.0
Alexandria_y2020.tif,39591,0.009648657523174458,0.015582834482584428,Alexandria,0,1282,3751.0
Alexandria_y2020.tif,18554,0.011480004311738708,0.011629837231863751,Alexandria,0,1496,3751.0
Alexandria_y2020.tif,10607,0.020929574809088337,0.028097954181201097,Alexandria,0,1508,3751.0
Alexandria_y2020.tif,1574,0.0,0.009066073697585768,Alexandria,0,1503,3751.0
Alexandria_y2020.tif,4026,0.0,0.029437406855439645,Alexandria,0,1513,3751.0
Alexandria_y2020.tif,127626,0.026867566169902685,0.029721177503016633,Alexandria,0,1562,3751.0
Alexandria_y2020.tif,12698,0.1327768152464955,0.08092770515041738,Alexandria,0,1529,3751.0
Alexandria_y2020.tif,24563,0.1867850018320238,0.10035683751984692,Alexandria,0,1530,3751.0
Alexandria_y2020.tif,2879,0.9718652309829802,0.36975164987842996,Alexandria,0,1489,3751.0
Alexandria_y2020.tif,10203,0.4105655199451142,0.15893952758992455,Alexandria,0,1556,3751.0
Alexandria_y2020.tif,2940,0.9993197278911564,0.37384863945578234,Alexandria,0,1535,3751.0
Alexandria_y2020.tif,51671,0.09070852122080084,0.06309941746821233,Alexandria,0,1675,3751.0
Alexandria_y2020.tif,2535,0.0,0.02560355029585799,Alexandria,0,1548,3751.0
Alexandria_y2020.tif,7815,0.19641714651311581,0.12479782469609726,Alexandria,0,1566,3751.0
Alexandria_y2020.tif,2927,0.7318073112401776,0.2730662794670311,Alexandria,0,1564,3751.0
Alexandria_y2020.tif,25169,0.04660495053438754,0.026139894314434423,Alexandria,0,1514,3751.0
Alexandria_y2020.tif,2352,0.0,0.0,Alexandria,0,1551,3751.0
Alexandria_y2020.tif,7229,0.045096140545026975,0.026729146493290907,Alexandria,0,1561,3751.0
Alexandria_y2020.tif,3763,0.0,0.0,Alexandria,0,1594,3751.0
Alexandria_y2020.tif,2845,0.0,0.005931458699472759,Alexandria,0,1620,3751.0
Alexandria_y2020.tif,1295,0.0,0.0,Alexandria,0,1619,3751.0
Alexandria_y2020.tif,2545,0.7524557956777996,0.27972691552062867,Alexandria,0,1512,3751.0
Alexandria_y2020.tif,1837,0.4240609689711486,0.1502994011976048,Alexandria,0,1509,3751.0
Alexandria_y2020.tif,1761,0.38671209540034074,0.13629187961385575,Alexandria,0,1527,3751.0
Alexandria_y2020.tif,1131,0.9858532272325375,0.3655923961096375,Alexandria,0,1532,3751.0
Alexandria_y2020.tif,1590,0.4918238993710692,0.16362264150943395,Alexandria,0,1539,3751.0
Alexandria_y2020.tif,1743,0.9529546758462422,0.32457831325301206,Alexandria,0,1533,3751.0
Alexandria_y2020.tif,1610,0.6347826086956522,0.21722049689440995,Alexandria,0,1550,3751.0
Alexandria_y2020.tif,2085,0.7525179856115108,0.2732134292565947,Alexandria,0,1544,3751.0
Alexandria_y2020.tif,3275,0.07480916030534351,0.06518778625954198,Alexandria,0,1560,3751.0
Alexandria_y2020.tif,3191,0.006894390473205891,0.030434033218426828,Alexandria,0,1593,3751.0
Alexandria_y2020.tif,1323,0.0,0.0,Alexandria,0,1650,3751.0
Alexandria_y2020.tif,3380,0.0,0.0,Alexandria,0,1686,3751.0
Alexandria_y2020.tif,6487,0.0,0.017454139047325422,Alexandria,0,1697,3751.0
Alexandria_y2020.tif,1557,0.0,0.0,Alexandria,0,1725,3751.0
Alexandria_y2020.tif,542,0.0,0.0,Alexandria,0,1726,3751.0
Alexandria_y2020.tif,106,0.0,0.0,Alexandria,0,1727,3751.0
Alexandria_y2020.tif,2112,0.0,0.0,Alexandria,0,1763,3751.0
Alexandria_y2020.tif,1411,0.0,0.0,Alexandria,0,1764,3751.0
Alexandria_y2020.tif,1765,0.0005665722379603399,0.0001529745042492918,Alexandria,0,1802,3751.0
Alexandria_y2020.tif,567,0.0,0.0,Alexandria,1,1793,3751.0
Alexandria_y2020.tif,386,0.0,0.0,Alexandria,1,1797,3751.0
Alexandria_y2020.tif,7973,0.14047410008779632,0.08151699485764456,Alexandria,0,1541,3751.0
Alexandria_y2020.tif,7238,0.7953854655982315,0.28948673666758773,Alexandria,0,1584,3751.0
Alexandria_y2020.tif,8201,0.673942202170467,0.23864162906962563,Alexandria,0,1617,3751.0
Alexandria_y2020.tif,11611,0.06416329342864525,0.05986952028249074,Alexandria,0,1708,3751.0
Alexandria_y2020.tif,157648,0.0029749822389120066,0.020269714807672794,Alexandria,0,2354,3751.0
Alexandria_y2020.tif,28128,0.0022042093287827076,0.022318686006825943,Alexandria,0,2050,3751.0
Alexandria_y2020.tif,294417,0.007448618795789646,0.022374574158421562,Alexandria,0,2625,3751.0
Alexandria_y2020.tif,696,0.0,0.03947557471264368,Alexandria,0,2280,3751.0
Alexandria_y2020.tif,275,0.6436363636363637,0.2594909090909091,Alexandria,1,2344,3751.0
Alexandria_y2020.tif,873,0.009163802978235968,0.08315005727376862,Alexandria,0,2387,3751.0
Alexandria_y2020.tif,688,0.0,0.0,Alexandria,1,1833,3751.0
Alexandria_y2020.tif,1514,0.0,0.0,Alexandria,0,1836,3751.0
Alexandria_y2020.tif,270,0.0,0.0,Alexandria,1,1860,3751.0
Alexandria_y2020.tif,5156,0.0017455391776570986,0.0009057408844065167,Alexandria,0,1938,3751.0
Alexandria_y2020.tif,14299,0.0796559199944052,0.053940135673823345,Alexandria,0,1636,3751.0
Alexandria_y2020.tif,4939,0.044948370115407976,0.05028548289127354,Alexandria,0,1729,3751.0
Alexandria_y2020.tif,1534,0.20730117340286833,0.09872555410691006,Alexandria,0,1792,3751.0
Alexandria_y2020.tif,4664,0.25064322469982847,0.09894296740994855,Alexandria,0,1918,3751.0
Alexandria_y2020.tif,5294,0.09841329807329052,0.07659236871930487,Alexandria,0,2018,3751.0
Alexandria_y2020.tif,32250,0.00034108527131782945,0.017920775193798453,Alexandria,0,2598,3751.0
Alexandria_y2020.tif,5952,0.018649193548387098,0.038875168010752685,Alexandria,0,2168,3751.0
Alexandria_y2020.tif,6245,0.0,0.023032025620496395,Alexandria,0,2600,3751.0
Alexandria_y2020.tif,6775,0.008265682656826569,0.036371955719557196,Alexandria,0,2311,3751.0
Alexandria_y2020.tif,1518,0.015810276679841896,0.03723320158102767,Alexandria,0,2360,3751.0
Alexandria_y2020.tif,247,0.0,0.0151417004048583,Alexandria,0,1423,3751.0
Alexandria_y2020.tif,915,0.0,0.028065573770491802,Alexandria,0,1426,3751.0
Alexandria_y2020.tif,574,0.0,0.013841463414634145,Alexandria,1,1430,3751.0
Alexandria_y2020.tif,462,0.0,0.028387445887445895,Alexandria,1,1425,3751.0
Alexandria_y2020.tif,196,0.0,0.011658163265306123,Alexandria,1,1420,3751.0
Alexandria_y2020.tif,404,0.0,0.017809405940594054,Alexandria,1,1419,3751.0
Alexandria_y2020.tif,278,0.0,0.02703237410071942,Alexandria,1,1424,3751.0
Alexandria_y2020.tif,623,1.0,0.395569823434992,Alexandria,0,1437,3751.0
Alexandria_y2020.tif,291,0.0,0.0229553264604811,Alexandria,1,1431,3751.0
Alexandria_y2020.tif,238,0.0,0.013214285714285717,Alexandria,1,1434,3751.0
Alexandria_y2020.tif,376,0.0,0.025917553191489365,Alexandria,0,1429,3751.0
Alexandria_y2020.tif,222,0.0,0.039954954954954956,Alexandria,0,1428,3751.0
Alexandria_y2020.tif,232,0.0,0.012090517241379313,Alexandria,0,1438,3751.0
Alexandria_y2020.tif,1077,0.25069637883008355,0.10573351903435468,Alexandria,0,1448,3751.0
Alexandria_y2020.tif,305,0.0,0.019786885245901633,Alexandria,1,1441,3751.0
Alexandria_y2020.tif,545,0.0,0.02142201834862385,Alexandria,1,1433,3751.0
Alexandria_y2020.tif,452,0.0,0.019623893805309735,Alexandria,1,1444,3751.0
Alexandria_y2020.tif,8055,0.0009931719428926133,0.034960893854748605,Alexandria,0,1471,3751.0
Alexandria_y2020.tif,279,0.0,0.019480286738351255,Alexandria,1,1436,3751.0
Alexandria_y2020.tif,229,0.0,0.02753275109170306,Alexandria,0,1442,3751.0
Alexandria_y2020.tif,241,0.0,0.040933609958506235,Alexandria,0,1443,3751.0
Alexandria_y2020.tif,204,0.0,0.017745098039215684,Alexandria,0,1440,3751.0
Alexandria_y2020.tif,399,0.0,0.01600250626566416,Alexandria,1,1450,3751.0
Alexandria_y2020.tif,812,0.0,0.02307881773399015,Alexandria,1,1449,3751.0
Alexandria_y2020.tif,407,0.0,0.02511056511056511,Alexandria,0,1447,3751.0
Alexandria_y2020.tif,591,0.8527918781725888,0.307834179357022,Alexandria,0,1455,3751.0
Alexandria_y2020.tif,404,0.0,0.02308168316831683,Alexandria,0,1451,3751.0
Alexandria_y2020.tif,468,0.0,0.0317948717948718,Alexandria,0,1445,3751.0
Alexandria_y2020.tif,481,0.0,0.017089397089397086,Alexandria,1,1459,3751.0
Alexandria_y2020.tif,382,0.0,0.021819371727748685,Alexandria,1,1457,3751.0
Alexandria_y2020.tif,234,0.0,0.02773504273504274,Alexandria,0,1454,3751.0
Alexandria_y2020.tif,321,0.0,0.017710280373831776,Alexandria,1,1456,3751.0
Alexandria_y2020.tif,258,0.0,0.02131782945736434,Alexandria,0,1453,3751.0
Alexandria_y2020.tif,385,0.0,0.013636363636363636,Alexandria,1,1460,3751.0
Alexandria_y2020.tif,1174,0.3807495741056218,0.17172061328790458,Alexandria,0,1470,3751.0
Alexandria_y2020.tif,559,0.0,0.03220035778175313,Alexandria,0,1464,3751.0
Alexandria_y2020.tif,1392,0.0,0.019741379310344826,Alexandria,0,1474,3751.0
Alexandria_y2020.tif,534,0.0,0.016395131086142323,Alexandria,1,1467,3751.0
Alexandria_y2020.tif,416,0.0,0.02247596153846154,Alexandria,0,1469,3751.0
Alexandria_y2020.tif,2644,0.0,0.02147692889561271,Alexandria,0,1481,3751.0
Alexandria_y2020.tif,2081,0.0,0.020002402691013936,Alexandria,0,1484,3751.0
Alexandria_y2020.tif,1913,0.0,0.02739937271301621,Alexandria,0,1488,3751.0
Alexandria_y2020.tif,2248,0.0,0.023091637010676156,Alexandria,0,1483,3751.0
Alexandria_y2020.tif,637,0.0,0.016711145996860282,Alexandria,0,1477,3751.0
Alexandria_y2020.tif,578,0.0,0.024749134948096885,Alexandria,1,1476,3751.0
Alexandria_y2020.tif,498,0.0,0.02209839357429719,Alexandria,1,1482,3751.0
Alexandria_y2020.tif,3301,0.0,0.030118146016358684,Alexandria,0,1502,3751.0
Alexandria_y2020.tif,1096,0.0,0.028289233576642335,Alexandria,0,1492,3751.0
Alexandria_y2020.tif,825,0.0,0.019806060606060612,Alexandria,0,1491,3751.0
Alexandria_y2020.tif,361,0.0,0.02828254847645429,Alexandria,1,1485,3751.0
Alexandria_y2020.tif,42531,0.0035503515083115844,0.027259763466647855,Alexandria,0,1549,3751.0
Alexandria_y2020.tif,1533,0.0,0.017413568166992823,Alexandria,0,1495,3751.0
Alexandria_y2020.tif,490,0.0,0.01653061224489796,Alexandria,1,1498,3751.0
Alexandria_y2020.tif,206,0.0,0.03432038834951456,Alexandria,1,1499,3751.0
Alexandria_y2020.tif,948,0.0,0.019973628691983124,Alexandria,1,1504,3751.0
Alexandria_y2020.tif,995,0.0,0.03105025125628141,Alexandria,0,1505,3751.0
Alexandria_y2020.tif,191,0.0,0.013821989528795809,Alexandria,1,1500,3751.0
Alexandria_y2020.tif,176,0.0,0.034147727272727274,Alexandria,1,1506,3751.0
Alexandria_y2020.tif,431,0.0,0.03270301624129931,Alexandria,0,1515,3751.0
Alexandria_y2020.tif,187,0.0,0.012754010695187166,Alexandria,1,1507,3751.0
Alexandria_y2020.tif,803,0.0,0.015896637608966376,Alexandria,0,1520,3751.0
Alexandria_y2020.tif,241,0.0,0.029502074688796686,Alexandria,1,1510,3751.0
Alexandria_y2020.tif,745,0.0,0.02120134228187919,Alexandria,0,1522,3751.0
Alexandria_y2020.tif,173,0.0,0.02676300578034682,Alexandria,1,1511,3751.0
Alexandria_y2020.tif,926,0.0,0.01955183585313175,Alexandria,1,1521,3751.0
Alexandria_y2020.tif,179,0.0,0.016787709497206704,Alexandria,1,1518,3751.0
Alexandria_y2020.tif,317,0.0,0.014637223974763408,Alexandria,1,1524,3751.0
Alexandria_y2020.tif,189,0.0,0.020582010582010576,Alexandria,0,1523,3751.0
Alexandria_y2020.tif,395,0.0,0.019063291139240504,Alexandria,0,1536,3751.0
Alexandria_y2020.tif,746,0.0,0.017037533512064343,Alexandria,0,1531,3751.0
Alexandria_y2020.tif,296,0.0,0.015591216216216217,Alexandria,1,1528,3751.0
Alexandria_y2020.tif,442,0.0,0.014321266968325792,Alexandria,0,1526,3751.0
Alexandria_y2020.tif,361,0.0,0.017368421052631578,Alexandria,1,1537,3751.0
Alexandria_y2020.tif,3081,0.0,0.019756572541382668,Alexandria,1,1554,3751.0
Alexandria_y2020.tif,1514,0.0,0.025541611624834877,Alexandria,0,1545,3751.0
Alexandria_y2020.tif,882,0.0,0.014591836734693879,Alexandria,0,1547,3751.0
Alexandria_y2020.tif,5023,0.0,0.017964363925940672,Alexandria,0,1568,3751.0
Alexandria_y2020.tif,324,0.0,0.01810185185185185,Alexandria,0,1542,3751.0
Alexandria_y2020.tif,706,0.0,0.053654390934844205,Alexandria,1,1553,3751.0
Alexandria_y2020.tif,1246,0.0,0.0198314606741573,Alexandria,0,1552,3751.0
Alexandria_y2020.tif,11141,0.0,0.01980297998384346,Alexandria,0,1497,3751.0
Alexandria_y2020.tif,27367,0.0036174955238060438,0.02276994190082947,Alexandria,0,1696,3751.0
Alexandria_y2020.tif,129765,0.018071128578584363,0.03818587446537973,Alexandria,0,1800,3751.0
Alexandria_y2020.tif,1781,0.0,0.013307130825379,Alexandria,0,1707,3751.0
Alexandria_y2020.tif,5185,0.06788813886210222,0.05242526518804244,Alexandria,0,1709,3751.0
Alexandria_y2020.tif,2042,0.058765915768854066,0.07352350636630754,Alexandria,0,1575,3751.0
Alexandria_y2020.tif,632,0.0,0.04909018987341772,Alexandria,1,1601,3751.0
Alexandria_y2020.tif,1237,0.2497978981406629,0.1775909458367017,Alexandria,1,1585,3751.0
Alexandria_y2020.tif,398,0.23618090452261306,0.13315326633165828,Alexandria,1,1607,3751.0
Alexandria_y2020.tif,250,0.0,0.04161999999999999,Alexandria,1,1609,3751.0
Alexandria_y2020.tif,555,0.0,0.025963963963963964,Alexandria,1,1555,3751.0
Alexandria_y2020.tif,31928,0.0,0.024974630418441494,Alexandria,0,1680,3751.0
Alexandria_y2020.tif,823,0.0,0.021366950182260022,Alexandria,1,1565,3751.0
Alexandria_y2020.tif,5387,0.012251717096714312,0.04671802487469835,Alexandria,0,1573,3751.0
Alexandria_y2020.tif,434,0.0,0.02029953917050691,Alexandria,1,1559,3751.0
Alexandria_y2020.tif,922,0.0,0.025563991323210418,Alexandria,1,1569,3751.0
Alexandria_y2020.tif,1397,0.0,0.019137437365783824,Alexandria,0,1578,3751.0
Alexandria_y2020.tif,1143,0.0,0.0284339457567804,Alexandria,0,1579,3751.0
Alexandria_y2020.tif,401,0.0,0.023042394014962594,Alexandria,1,1567,3751.0
Alexandria_y2020.tif,559,0.08407871198568873,0.07577817531305903,Alexandria,1,1571,3751.0
Alexandria_y2020.tif,4188,0.0,0.027873686723973265,Alexandria,0,1598,3751.0
Alexandria_y2020.tif,382,0.0,0.0243717277486911,Alexandria,0,1572,3751.0
Alexandria_y2020.tif,209,0.0,0.023660287081339715,Alexandria,0,1574,3751.0
Alexandria_y2020.tif,2060,0.006796116504854369,0.052951456310679615,Alexandria,0,1583,3751.0
Alexandria_y2020.tif,1229,0.0,0.023523189585028477,Alexandria,0,1586,3751.0
Alexandria_y2020.tif,484,0.004132231404958678,0.07547520661157026,Alexandria,0,1577,3751.0
Alexandria_y2020.tif,431,0.0,0.10607888631090487,Alexandria,1,1576,3751.0
Alexandria_y2020.tif,490,0.0,0.03887755102040817,Alexandria,0,1582,3751.0
Alexandria_y2020.tif,838,0.0,0.03280429594272077,Alexandria,1,1603,3751.0
Alexandria_y2020.tif,191,0.0,0.0487696335078534,Alexandria,1,1589,3751.0
Alexandria_y2020.tif,180,0.0,0.035277777777777776,Alexandria,1,1591,3751.0
Alexandria_y2020.tif,363,0.0,0.033581267217630856,Alexandria,0,1590,3751.0
Alexandria_y2020.tif,651,0.0,0.02891705069124424,Alexandria,0,1606,3751.0
Alexandria_y2020.tif,271,0.0,0.07850553505535054,Alexandria,0,1597,3751.0
Alexandria_y2020.tif,614,0.0,0.03496742671009772,Alexandria,0,1592,3751.0
Alexandria_y2020.tif,272,0.0,0.05308823529411765,Alexandria,0,1604,3751.0
Alexandria_y2020.tif,218,0.0,0.032889908256880734,Alexandria,0,1605,3751.0
Alexandria_y2020.tif,689,0.0,0.03587808417997097,Alexandria,1,1602,3751.0
Alexandria_y2020.tif,473,0.0,0.05232558139534884,Alexandria,0,1600,3751.0
Alexandria_y2020.tif,250,0.0,0.02538,Alexandria,0,1599,3751.0
Alexandria_y2020.tif,409,0.0,0.035733496332518336,Alexandria,0,1613,3751.0
Alexandria_y2020.tif,215,0.027906976744186046,0.1901395348837209,Alexandria,1,1608,3751.0
Alexandria_y2020.tif,327,0.009174311926605505,0.16246177370030582,Alexandria,1,1610,3751.0
Alexandria_y2020.tif,347,0.0,0.029077809798270893,Alexandria,0,1616,3751.0
Alexandria_y2020.tif,1781,0.0,0.03539584503088153,Alexandria,1,1624,3751.0
Alexandria_y2020.tif,970,0.0,0.042123711340206184,Alexandria,0,1625,3751.0
Alexandria_y2020.tif,364,0.0,0.028173076923076926,Alexandria,0,1622,3751.0
Alexandria_y2020.tif,215,0.0,0.019558139534883712,Alexandria,1,1631,3751.0
Alexandria_y2020.tif,358,0.0,0.029217877094972068,Alexandria,1,1633,3751.0
Alexandria_y2020.tif,410,0.0,0.019841463414634143,Alexandria,1,1634,3751.0
Alexandria_y2020.tif,266,0.0,0.057687969924812024,Alexandria,1,1611,3751.0
Alexandria_y2020.tif,206,0.0,0.04973300970873787,Alexandria,1,1612,3751.0
Alexandria_y2020.tif,301,0.0,0.048953488372093026,Alexandria,0,1615,3751.0
Alexandria_y2020.tif,444,0.5833333333333334,0.22027027027027027,Alexandria,1,1614,3751.0
Alexandria_y2020.tif,674,0.0,0.028405044510385762,Alexandria,1,1626,3751.0
Alexandria_y2020.tif,125,0.0,0.03288,Alexandria,1,1618,3751.0
Alexandria_y2020.tif,307,0.7654723127035831,0.28057003257328994,Alexandria,1,1623,3751.0
Alexandria_y2020.tif,268,0.0,0.03080223880597015,Alexandria,0,1628,3751.0
Alexandria_y2020.tif,183,0.0,0.026475409836065576,Alexandria,1,1629,3751.0
Alexandria_y2020.tif,452,0.0,0.028816371681415934,Alexandria,1,1641,3751.0
Alexandria_y2020.tif,253,0.0,0.02351778656126482,Alexandria,1,1635,3751.0
Alexandria_y2020.tif,2667,0.12410948631421072,0.08515935508061494,Alexandria,0,1664,3751.0
Alexandria_y2020.tif,148,0.0,0.024459459459459456,Alexandria,0,1637,3751.0
Alexandria_y2020.tif,672,0.8348214285714286,0.2812202380952381,Alexandria,1,1642,3751.0
Alexandria_y2020.tif,401,0.0,0.022705735660847878,Alexandria,1,1643,3751.0
Alexandria_y2020.tif,467,0.0,0.026263383297644546,Alexandria,1,1655,3751.0
Alexandria_y2020.tif,130,0.0,0.021115384615384616,Alexandria,1,1645,3751.0
Alexandria_y2020.tif,224,0.0,0.02591517857142858,Alexandria,1,1646,3751.0
Alexandria_y2020.tif,162,0.0,0.028734567901234565,Alexandria,0,1651,3751.0
Alexandria_y2020.tif,356,0.0,0.026839887640449436,Alexandria,1,1656,3751.0
Alexandria_y2020.tif,1357,0.0007369196757553427,0.06798820928518791,Alexandria,1,1638,3751.0
Alexandria_y2020.tif,386,0.0,0.04023316062176166,Alexandria,0,1630,3751.0
Alexandria_y2020.tif,319,0.0,0.024482758620689653,Alexandria,0,1644,3751.0
Alexandria_y2020.tif,1283,0.0,0.01946999220576773,Alexandria,0,1667,3751.0
Alexandria_y2020.tif,216,0.0,0.018657407407407404,Alexandria,1,1648,3751.0
Alexandria_y2020.tif,357,0.0,0.024397759103641455,Alexandria,1,1649,3751.0
Alexandria_y2020.tif,256,0.0,0.028515625000000006,Alexandria,1,1654,3751.0
Alexandria_y2020.tif,618,0.0,0.024555016181229773,Alexandria,1,1640,3751.0
Alexandria_y2020.tif,268,0.0,0.03031716417910448,Alexandria,1,1661,3751.0
Alexandria_y2020.tif,707,0.0,0.08447666195190948,Alexandria,1,1657,3751.0
Alexandria_y2020.tif,4119,0.0,0.023851663025006076,Alexandria,0,1704,3751.0
Alexandria_y2020.tif,295,0.0,0.03450847457627119,Alexandria,1,1669,3751.0
Alexandria_y2020.tif,350,0.0,0.055999999999999994,Alexandria,1,1668,3751.0
Alexandria_y2020.tif,287,0.0,0.04109756097560976,Alexandria,1,1672,3751.0
Alexandria_y2020.tif,292,0.0,0.0496917808219178,Alexandria,1,1671,3751.0
Alexandria_y2020.tif,847,0.0,0.03408500590318773,Alexandria,0,1691,3751.0
Alexandria_y2020.tif,324,0.0,0.021003086419753087,Alexandria,1,1674,3751.0
Alexandria_y2020.tif,334,0.0,0.019446107784431135,Alexandria,1,1683,3751.0
Alexandria_y2020.tif,4193,0.0,0.03343191032673504,Alexandria,0,1730,3751.0
Alexandria_y2020.tif,433,0.0,0.02541570438799077,Alexandria,1,1682,3751.0
Alexandria_y2020.tif,409,0.0,0.017029339853300733,Alexandria,0,1647,3751.0
Alexandria_y2020.tif,324,0.0,0.016944444444444446,Alexandria,0,1652,3751.0
Alexandria_y2020.tif,266,0.0,0.02417293233082707,Alexandria,0,1658,3751.0
Alexandria_y2020.tif,572,0.8601398601398601,0.2648688811188811,Alexandria,1,1662,3751.0
Alexandria_y2020.tif,236,0.0,0.041673728813559324,Alexandria,1,1659,3751.0
Alexandria_y2020.tif,161,0.0,0.019906832298136647,Alexandria,1,1665,3751.0
Alexandria_y2020.tif,263,0.0,0.027889733840304187,Alexandria,0,1670,3751.0
Alexandria_y2020.tif,275,0.0,0.023127272727272725,Alexandria,0,1673,3751.0
Alexandria_y2020.tif,208,0.0,0.014687500000000001,Alexandria,1,1677,3751.0
Alexandria_y2020.tif,325,0.9569230769230769,0.31586153846153847,Alexandria,1,1681,3751.0
Alexandria_y2020.tif,158,0.0,0.021234177215189873,Alexandria,1,1679,3751.0
Alexandria_y2020.tif,292,1.0,0.3258047945205479,Alexandria,1,1660,3751.0
Alexandria_y2020.tif,503,0.0,0.024204771371769386,Alexandria,1,1687,3751.0
Alexandria_y2020.tif,178,0.0,0.018595505617977525,Alexandria,0,1676,3751.0
Alexandria_y2020.tif,166,0.0,0.019608433734939756,Alexandria,0,1685,3751.0
Alexandria_y2020.tif,158,0.0,0.02034810126582278,Alexandria,0,1684,3751.0
Alexandria_y2020.tif,273,0.0,0.027564102564102567,Alexandria,0,1678,3751.0
Alexandria_y2020.tif,158,0.0,0.019462025316455696,Alexandria,0,1689,3751.0
Alexandria_y2020.tif,474,0.0,0.01827004219409283,Alexandria,1,1701,3751.0
Alexandria_y2020.tif,450,0.0,0.019755555555555554,Alexandria,0,1703,3751.0
Alexandria_y2020.tif,816,0.0,0.03595588235294118,Alexandria,1,1702,3751.0
Alexandria_y2020.tif,423,0.0,0.04712765957446808,Alexandria,0,1699,3751.0
Alexandria_y2020.tif,489,0.0,0.0244478527607362,Alexandria,1,1693,3751.0
Alexandria_y2020.tif,185,0.0,0.022189189189189187,Alexandria,1,1700,3751.0
Alexandria_y2020.tif,268,0.0,0.021977611940298507,Alexandria,1,1698,3751.0
Alexandria_y2020.tif,2749,0.0,0.018457620953073847,Alexandria,0,1761,3751.0
Alexandria_y2020.tif,302,0.0,0.025579470198675496,Alexandria,1,1710,3751.0
Alexandria_y2020.tif,382,0.0,0.028795811518324606,Alexandria,1,1714,3751.0
Alexandria_y2020.tif,1016,0.0,0.027440944881889768,Alexandria,0,1731,3751.0
Alexandria_y2020.tif,1377,0.058823529411764705,0.10084967320261438,Alexandria,1,1735,3751.0
Alexandria_y2020.tif,432,0.0,0.019687499999999997,Alexandria,1,1705,3751.0
Alexandria_y2020.tif,686,0.0,0.0306268221574344,Alexandria,1,1715,3751.0
Alexandria_y2020.tif,150,0.0,0.03613333333333333,Alexandria,0,1706,3751.0
Alexandria_y2020.tif,24620,0.02307067424857839,0.042330016246953706,Alexandria,0,1951,3751.0
Alexandria_y2020.tif,133,0.0,0.03781954887218046,Alexandria,1,1712,3751.0
Alexandria_y2020.tif,491,0.0,0.024012219959266803,Alexandria,1,1717,3751.0
Alexandria_y2020.tif,241,0.0,0.023443983402489627,Alexandria,1,1724,3751.0
Alexandria_y2020.tif,159,0.0,0.028081761006289306,Alexandria,1,1734,3751.0
Alexandria_y2020.tif,370,0.0,0.022054054054054053,Alexandria,0,1736,3751.0
Alexandria_y2020.tif,194,0.0,0.020283505154639173,Alexandria,1,1733,3751.0
Alexandria_y2020.tif,665,0.0,0.0361203007518797,Alexandria,1,1721,3751.0
Alexandria_y2020.tif,443,0.0,0.020914221218961623,Alexandria,1,1713,3751.0
Alexandria_y2020.tif,406,0.0,0.01852216748768473,Alexandria,1,1722,3751.0
Alexandria_y2020.tif,837,0.0,0.01627837514934289,Alexandria,1,1750,3751.0
Alexandria_y2020.tif,1732,0.0,0.015874711316397228,Alexandria,0,1756,3751.0
Alexandria_y2020.tif,212,0.0,0.030448113207547173,Alexandria,1,1738,3751.0
Alexandria_y2020.tif,511,0.0,0.018414872798434442,Alexandria,1,1740,3751.0
Alexandria_y2020.tif,416,0.0,0.016790865384615387,Alexandria,1,1760,3751.0
Alexandria_y2020.tif,288,0.0,0.01973958333333333,Alexandria,1,1744,3751.0
Alexandria_y2020.tif,517,0.0,0.01529980657640232,Alexandria,1,1752,3751.0
Alexandria_y2020.tif,6445,0.050271528316524434,0.04334057408844066,Alexandria,0,1786,3751.0
Alexandria_y2020.tif,364,0.0,0.023543956043956045,Alexandria,1,1723,3751.0
Alexandria_y2020.tif,194,0.0,0.016675257731958763,Alexandria,1,1741,3751.0
Alexandria_y2020.tif,198,0.0,0.018838383838383835,Alexandria,1,1742,3751.0
Alexandria_y2020.tif,217,0.0,0.023525345622119817,Alexandria,1,1745,3751.0
Alexandria_y2020.tif,532,0.0,0.0349812030075188,Alexandria,1,1759,3751.0
Alexandria_y2020.tif,4537,0.0,0.022391448093453822,Alexandria,0,1966,3751.0
Alexandria_y2020.tif,205,0.0,0.019463414634146338,Alexandria,1,1748,3751.0
Alexandria_y2020.tif,1717,0.0,0.037178217821782183,Alexandria,1,1753,3751.0
Alexandria_y2020.tif,213,0.0,0.01788732394366197,Alexandria,1,1751,3751.0
Alexandria_y2020.tif,1097,0.0,0.01840018231540565,Alexandria,0,1772,3751.0
Alexandria_y2020.tif,284,0.0,0.02068661971830986,Alexandria,1,1743,3751.0
Alexandria_y2020.tif,364,0.0,0.018076923076923077,Alexandria,1,1754,3751.0
Alexandria_y2020.tif,340,0.0,0.018411764705882353,Alexandria,0,1757,3751.0
Alexandria_y2020.tif,392,0.0,0.019961734693877548,Alexandria,1,1737,3751.0
Alexandria_y2020.tif,475,0.0,0.03236842105263158,Alexandria,1,1749,3751.0
Alexandria_y2020.tif,9952,0.3692725080385852,0.16369121784565915,Alexandria,1,1870,3751.0
Alexandria_y2020.tif,1090,0.0,0.04338990825688074,Alexandria,0,1785,3751.0
Alexandria_y2020.tif,282,0.0,0.016365248226950357,Alexandria,1,1769,3751.0
Alexandria_y2020.tif,1084,0.0940959409594096,0.1474538745387454,Alexandria,1,1788,3751.0
Alexandria_y2020.tif,204,0.0,0.025441176470588238,Alexandria,1,1762,3751.0
Alexandria_y2020.tif,407,0.0,0.03168304668304669,Alexandria,1,1766,3751.0
Alexandria_y2020.tif,219,0.0,0.018835616438356163,Alexandria,1,1768,3751.0
Alexandria_y2020.tif,153,0.0,0.03686274509803922,Alexandria,0,1755,3751.0
Alexandria_y2020.tif,15597,0.041289991665063794,0.04181893953965506,Alexandria,0,1880,3751.0
Alexandria_y2020.tif,626,0.0,0.02584664536741214,Alexandria,1,1774,3751.0
Alexandria_y2020.tif,1101,0.0,0.044627611262488646,Alexandria,1,1783,3751.0
Alexandria_y2020.tif,217,0.0,0.02251152073732719,Alexandria,1,1775,3751.0
Alexandria_y2020.tif,531,0.0,0.03246704331450095,Alexandria,1,1758,3751.0
Alexandria_y2020.tif,165,0.0,0.03330303030303031,Alexandria,1,1779,3751.0
Alexandria_y2020.tif,549,0.0,0.02268670309653916,Alexandria,0,1782,3751.0
Alexandria_y2020.tif,1891,0.0,0.025087255420412485,Alexandria,0,1811,3751.0
Alexandria_y2020.tif,277,0.0,0.02241877256317689,Alexandria,1,1776,3751.0
Alexandria_y2020.tif,325,0.0,0.015692307692307693,Alexandria,0,1767,3751.0
Alexandria_y2020.tif,799,0.0,0.01637672090112641,Alexandria,0,1803,3751.0
Alexandria_y2020.tif,393,0.0,0.01907124681933842,Alexandria,1,1778,3751.0
Alexandria_y2020.tif,323,0.0,0.01786377708978328,Alexandria,1,1789,3751.0
Alexandria_y2020.tif,369,0.0,0.01981029810298103,Alexandria,1,1781,3751.0
Alexandria_y2020.tif,230,0.0,0.012282608695652175,Alexandria,0,1780,3751.0
Alexandria_y2020.tif,460,0.0,0.013565217391304348,Alexandria,0,1812,3751.0
Alexandria_y2020.tif,259,0.0,0.04737451737451738,Alexandria,1,1777,3751.0
Alexandria_y2020.tif,194,0.0,0.034458762886597945,Alexandria,0,1773,3751.0
Alexandria_y2020.tif,225,0.0,0.03813333333333334,Alexandria,1,1784,3751.0
Alexandria_y2020.tif,220,0.0,0.03368181818181819,Alexandria,1,1790,3751.0
Alexandria_y2020.tif,371,0.0,0.04264150943396226,Alexandria,1,1799,3751.0
Alexandria_y2020.tif,302,0.0,0.0279635761589404,Alexandria,1,1801,3751.0
Alexandria_y2020.tif,505,0.0,0.027435643564356443,Alexandria,1,1810,3751.0
Alexandria_y2020.tif,235,0.0,0.018042553191489362,Alexandria,1,1804,3751.0
Alexandria_y2020.tif,342,0.0,0.033406432748538016,Alexandria,1,1805,3751.0
Alexandria_y2020.tif,508,0.0,0.03358267716535433,Alexandria,0,1820,3751.0
Alexandria_y2020.tif,312,0.0,0.019022435897435897,Alexandria,0,1808,3751.0
Alexandria_y2020.tif,345,0.0,0.02301449275362319,Alexandria,1,1806,3751.0
Alexandria_y2020.tif,648,0.0,0.023310185185185187,Alexandria,0,1818,3751.0
Alexandria_y2020.tif,362,0.0,0.0230939226519337,Alexandria,1,1814,3751.0
Alexandria_y2020.tif,327,0.0,0.017033639143730888,Alexandria,0,1813,3751.0
Alexandria_y2020.tif,312,0.0,0.022820512820512822,Alexandria,1,1816,3751.0
Alexandria_y2020.tif,864,0.0,0.007592592592592592,Alexandria,0,1834,3751.0
Alexandria_y2020.tif,298,0.0,0.018808724832214768,Alexandria,0,1817,3751.0
Alexandria_y2020.tif,931,0.0,0.030026852846401723,Alexandria,0,1837,3751.0
Alexandria_y2020.tif,341,0.0,0.015733137829912022,Alexandria,0,1823,3751.0
Alexandria_y2020.tif,268,0.0,0.04473880597014925,Alexandria,1,1791,3751.0
Alexandria_y2020.tif,342,0.0,0.04334795321637427,Alexandria,1,1831,3751.0
Alexandria_y2020.tif,412,0.0,0.03391990291262137,Alexandria,1,1809,3751.0
Alexandria_y2020.tif,191,0.0,0.034869109947643986,Alexandria,0,1819,3751.0
Alexandria_y2020.tif,322,0.0,0.038726708074534155,Alexandria,0,1807,3751.0
Alexandria_y2020.tif,177,0.0,0.03581920903954802,Alexandria,1,1826,3751.0
Alexandria_y2020.tif,305,0.0,0.035721311475409835,Alexandria,1,1815,3751.0
Alexandria_y2020.tif,355,0.0,0.025535211267605638,Alexandria,0,1821,3751.0
Alexandria_y2020.tif,908,0.0,0.032984581497797365,Alexandria,1,1843,3751.0
Alexandria_y2020.tif,360,0.0,0.012347222222222223,Alexandria,0,1842,3751.0
Alexandria_y2020.tif,174,0.0,0.011580459770114944,Alexandria,1,1827,3751.0
Alexandria_y2020.tif,368,0.0,0.02869565217391305,Alexandria,1,1824,3751.0
Alexandria_y2020.tif,559,0.0,0.01607334525939177,Alexandria,1,1841,3751.0
Alexandria_y2020.tif,392,0.0,0.028099489795918375,Alexandria,1,1835,3751.0
Alexandria_y2020.tif,2496,0.0,0.034214743589743586,Alexandria,0,1896,3751.0
Alexandria_y2020.tif,189,0.0,0.028121693121693124,Alexandria,1,1840,3751.0
Alexandria_y2020.tif,212,0.0,0.024339622641509434,Alexandria,1,1830,3751.0
Alexandria_y2020.tif,265,0.2792452830188679,0.1747358490566038,Alexandria,1,1851,3751.0
Alexandria_y2020.tif,455,0.0,0.017472527472527474,Alexandria,1,1850,3751.0
Alexandria_y2020.tif,336,0.0,0.013645833333333333,Alexandria,0,1848,3751.0
Alexandria_y2020.tif,324,0.0,0.025509259259259256,Alexandria,1,1822,3751.0
Alexandria_y2020.tif,446,0.0,0.020650224215246638,Alexandria,1,1829,3751.0
Alexandria_y2020.tif,378,0.0,0.021164021164021163,Alexandria,0,1847,3751.0
Alexandria_y2020.tif,434,0.0,0.024884792626728113,Alexandria,1,1844,3751.0
Alexandria_y2020.tif,1118,0.0,0.01795169946332737,Alexandria,0,1838,3751.0
Alexandria_y2020.tif,314,0.0,0.024872611464968154,Alexandria,0,1854,3751.0
Alexandria_y2020.tif,338,0.0,0.02381656804733728,Alexandria,1,1846,3751.0
Alexandria_y2020.tif,1364,0.0,0.03517595307917889,Alexandria,1,1855,3751.0
Alexandria_y2020.tif,751,0.0,0.032936085219707055,Alexandria,0,1852,3751.0
Alexandria_y2020.tif,332,0.0,0.021792168674698794,Alexandria,0,1857,3751.0
Alexandria_y2020.tif,795,0.025157232704402517,0.07849685534591196,Alexandria,1,1869,3751.0
Alexandria_y2020.tif,381,0.0,0.021692913385826768,Alexandria,1,1856,3751.0
Alexandria_y2020.tif,282,0.0,0.022375886524822697,Alexandria,1,1861,3751.0
Alexandria_y2020.tif,309,0.0,0.04210355987055016,Alexandria,1,1858,3751.0
Alexandria_y2020.tif,182,0.0,0.021236263736263732,Alexandria,1,1853,3751.0
Alexandria_y2020.tif,188,0.0,0.020292553191489357,Alexandria,1,1864,3751.0
Alexandria_y2020.tif,464,0.0,0.022036637931034487,Alexandria,0,1867,3751.0
Alexandria_y2020.tif,309,0.0,0.021553398058252425,Alexandria,1,1866,3751.0
Alexandria_y2020.tif,235,0.0,0.018851063829787233,Alexandria,0,1873,3751.0
Alexandria_y2020.tif,154,0.0,0.02717532467532468,Alexandria,1,1893,3751.0
Alexandria_y2020.tif,250,0.0,0.01158,Alexandria,1,1875,3751.0
Alexandria_y2020.tif,320,0.0,0.022406249999999996,Alexandria,1,1874,3751.0
Alexandria_y2020.tif,336,0.0,0.021041666666666667,Alexandria,0,1885,3751.0
Alexandria_y2020.tif,172,0.0,0.022209302325581392,Alexandria,0,1876,3751.0
Alexandria_y2020.tif,254,0.0,0.02106299212598425,Alexandria,0,1863,3751.0
Alexandria_y2020.tif,870,0.0,0.025235632183908053,Alexandria,0,1884,3751.0
Alexandria_y2020.tif,265,0.0,0.016981132075471698,Alexandria,1,1872,3751.0
Alexandria_y2020.tif,255,0.0,0.0213921568627451,Alexandria,1,1886,3751.0
Alexandria_y2020.tif,396,0.0,0.026881313131313134,Alexandria,1,1881,3751.0
Alexandria_y2020.tif,452,0.0,0.021393805309734518,Alexandria,1,1892,3751.0
Alexandria_y2020.tif,187,0.0,0.01660427807486631,Alexandria,0,1859,3751.0
Alexandria_y2020.tif,486,0.0,0.016337448559670783,Alexandria,1,1839,3751.0
Alexandria_y2020.tif,307,0.0,0.020586319218241042,Alexandria,1,1849,3751.0
Alexandria_y2020.tif,993,0.0,0.008992950654582074,Alexandria,0,1894,3751.0
Alexandria_y2020.tif,239,0.0,0.01619246861924686,Alexandria,0,1865,3751.0
Alexandria_y2020.tif,413,0.0,0.0590314769975787,Alexandria,0,1879,3751.0
Alexandria_y2020.tif,341,0.0,0.01690615835777126,Alexandria,1,1888,3751.0
Alexandria_y2020.tif,1977,0.0,0.016980273141122913,Alexandria,0,1933,3751.0
Alexandria_y2020.tif,195,0.0,0.019897435897435898,Alexandria,0,1871,3751.0
Alexandria_y2020.tif,759,0.0,0.03316205533596838,Alexandria,1,1868,3751.0
Alexandria_y2020.tif,109,0.0,0.012293577981651376,Alexandria,1,1883,3751.0
Alexandria_y2020.tif,908,0.0,0.022984581497797363,Alexandria,1,1922,3751.0
Alexandria_y2020.tif,440,0.0,0.02793181818181819,Alexandria,1,1907,3751.0
Alexandria_y2020.tif,1373,0.0,0.02123452294246176,Alexandria,1,1924,3751.0
Alexandria_y2020.tif,398,0.0,0.01592964824120603,Alexandria,0,1902,3751.0
Alexandria_y2020.tif,217,0.0,0.015230414746543778,Alexandria,0,1889,3751.0
Alexandria_y2020.tif,563,0.0,0.03845470692717584,Alexandria,1,1912,3751.0
Alexandria_y2020.tif,258,0.0,0.013410852713178297,Alexandria,0,1901,3751.0
Alexandria_y2020.tif,251,0.0,0.015199203187250997,Alexandria,0,1925,3751.0
Alexandria_y2020.tif,190,0.0,0.015210526315789476,Alexandria,0,1920,3751.0
Alexandria_y2020.tif,292,0.0,0.09010273972602739,Alexandria,1,1895,3751.0
Alexandria_y2020.tif,147,0.0,0.013809523809523811,Alexandria,0,1887,3751.0
Alexandria_y2020.tif,198,0.0,0.013762626262626261,Alexandria,0,1890,3751.0
Alexandria_y2020.tif,279,0.0,0.020555555555555553,Alexandria,0,1898,3751.0
Alexandria_y2020.tif,180,0.0,0.017027777777777774,Alexandria,1,1891,3751.0
Alexandria_y2020.tif,212,0.0,0.0661556603773585,Alexandria,1,1904,3751.0
Alexandria_y2020.tif,559,0.0,0.061457960644007166,Alexandria,1,1903,3751.0
Alexandria_y2020.tif,151,0.0,0.015629139072847683,Alexandria,1,1900,3751.0
Alexandria_y2020.tif,156,0.0,0.019775641025641024,Alexandria,0,1899,3751.0
Alexandria_y2020.tif,205,0.0,0.013170731707317074,Alexandria,1,1909,3751.0
Alexandria_y2020.tif,218,0.0,0.029243119266055054,Alexandria,1,1906,3751.0
Alexandria_y2020.tif,272,0.0,0.025441176470588234,Alexandria,1,1911,3751.0
Alexandria_y2020.tif,341,0.0,0.017859237536656893,Alexandria,0,1913,3751.0
Alexandria_y2020.tif,166,0.0,0.020933734939759033,Alexandria,1,1905,3751.0
Alexandria_y2020.tif,265,0.0,0.03820754716981132,Alexandria,1,1915,3751.0
Alexandria_y2020.tif,200,0.0,0.01905,Alexandria,1,1917,3751.0
Alexandria_y2020.tif,283,0.0,0.01971731448763251,Alexandria,1,1910,3751.0
Alexandria_y2020.tif,492,0.0,0.05430894308943089,Alexandria,1,1942,3751.0
Alexandria_y2020.tif,182,0.0,0.012252747252747253,Alexandria,0,1923,3751.0
Alexandria_y2020.tif,294,0.0,0.026785714285714284,Alexandria,1,1914,3751.0
Alexandria_y2020.tif,127,0.0,0.014409448818897639,Alexandria,0,1919,3751.0
Alexandria_y2020.tif,1104,0.0,0.01666666666666667,Alexandria,0,1954,3751.0
Alexandria_y2020.tif,125,0.0,0.012279999999999996,Alexandria,0,1928,3751.0
Alexandria_y2020.tif,324,0.0,0.013179012345679012,Alexandria,0,1916,3751.0
Alexandria_y2020.tif,194,0.0,0.01167525773195876,Alexandria,0,1943,3751.0
Alexandria_y2020.tif,2756,0.0,0.0025235849056603776,Alexandria,0,2071,3751.0
Alexandria_y2020.tif,331,0.0,0.01773413897280967,Alexandria,0,1949,3751.0
Alexandria_y2020.tif,887,0.0,0.030000000000000002,Alexandria,1,1939,3751.0
Alexandria_y2020.tif,510,0.0,0.014686274509803926,Alexandria,0,1952,3751.0
Alexandria_y2020.tif,187,0.0,0.021818181818181813,Alexandria,1,1948,3751.0
Alexandria_y2020.tif,384,0.0,0.021145833333333326,Alexandria,1,1921,3751.0
Alexandria_y2020.tif,367,0.0,0.01922343324250681,Alexandria,1,1931,3751.0
Alexandria_y2020.tif,142,0.0,0.018767605633802815,Alexandria,0,1929,3751.0
Alexandria_y2020.tif,263,0.0,0.01692015209125475,Alexandria,1,1927,3751.0
Alexandria_y2020.tif,191,0.0,0.013952879581151831,Alexandria,1,1934,3751.0
Alexandria_y2020.tif,157,0.0,0.021210191082802546,Alexandria,1,1932,3751.0
Alexandria_y2020.tif,294,0.0,0.017976190476190472,Alexandria,0,1944,3751.0
Alexandria_y2020.tif,3688,0.0,0.0316662147505423,Alexandria,0,1997,3751.0
Alexandria_y2020.tif,196,0.0,0.02081632653061224,Alexandria,1,1936,3751.0
Alexandria_y2020.tif,188,0.0,0.02031914893617021,Alexandria,0,1945,3751.0
Alexandria_y2020.tif,187,0.0,0.020401069518716574,Alexandria,0,1937,3751.0
Alexandria_y2020.tif,260,0.0,0.019269230769230768,Alexandria,1,1946,3751.0
Alexandria_y2020.tif,496,0.0,0.01689516129032258,Alexandria,0,1957,3751.0
Alexandria_y2020.tif,218,0.0,0.011513761467889906,Alexandria,0,1950,3751.0
Alexandria_y2020.tif,198,0.0,0.01934343434343434,Alexandria,0,1953,3751.0
Alexandria_y2020.tif,378,0.0,0.01878306878306878,Alexandria,1,1947,3751.0
Alexandria_y2020.tif,280,0.007142857142857143,0.10335714285714286,Alexandria,1,1935,3751.0
Alexandria_y2020.tif,276,0.0,0.019963768115942027,Alexandria,1,1965,3751.0
Alexandria_y2020.tif,184,0.0,0.019592391304347822,Alexandria,0,1955,3751.0
Alexandria_y2020.tif,213,0.0,0.012511737089201879,Alexandria,0,1963,3751.0
Alexandria_y2020.tif,252,0.0,0.016666666666666663,Alexandria,0,1956,3751.0
Alexandria_y2020.tif,2141,0.0,0.022989257356375525,Alexandria,1,1978,3751.0
Alexandria_y2020.tif,316,0.0,0.018386075949367087,Alexandria,1,1958,3751.0
Alexandria_y2020.tif,416,0.0,0.01591346153846154,Alexandria,0,1970,3751.0
Alexandria_y2020.tif,1151,0.0,0.028644656820156385,Alexandria,0,1992,3751.0
Alexandria_y2020.tif,483,0.0,0.013571428571428573,Alexandria,0,1959,3751.0
Alexandria_y2020.tif,405,0.0,0.016839506172839504,Alexandria,0,1972,3751.0
Alexandria_y2020.tif,496,0.0,0.012872983870967745,Alexandria,0,1975,3751.0
Alexandria_y2020.tif,731,0.0,0.020253077975376198,Alexandria,1,1962,3751.0
Alexandria_y2020.tif,321,0.0,0.019049844236760125,Alexandria,0,1979,3751.0
Alexandria_y2020.tif,355,0.0,0.024943661971830986,Alexandria,1,1964,3751.0
Alexandria_y2020.tif,524,0.0,0.021326335877862597,Alexandria,1,1971,3751.0
Alexandria_y2020.tif,172,0.0,0.01985465116279069,Alexandria,0,1961,3751.0
Alexandria_y2020.tif,328,0.0,0.016189024390243903,Alexandria,0,1967,3751.0
Alexandria_y2020.tif,171,0.0,0.019035087719298245,Alexandria,0,1968,3751.0
Alexandria_y2020.tif,201,0.0,0.02111940298507462,Alexandria,0,1969,3751.0
Alexandria_y2020.tif,490,0.0,0.017724489795918365,Alexandria,1,1986,3751.0
Alexandria_y2020.tif,667,0.0,0.020787106446776612,Alexandria,0,1989,3751.0
Alexandria_y2020.tif,274,0.0,0.02428832116788321,Alexandria,1,1982,3751.0
Alexandria_y2020.tif,326,0.0,0.019662576687116563,Alexandria,0,1981,3751.0
Alexandria_y2020.tif,604,0.046357615894039736,0.07293874172185431,Alexandria,1,1991,3751.0
Alexandria_y2020.tif,379,0.0,0.01952506596306068,Alexandria,0,1973,3751.0
Alexandria_y2020.tif,456,0.0,0.01842105263157895,Alexandria,0,1977,3751.0
Alexandria_y2020.tif,383,0.0,0.016240208877284595,Alexandria,0,1983,3751.0
Alexandria_y2020.tif,381,0.0,0.01896325459317585,Alexandria,1,1980,3751.0
Alexandria_y2020.tif,3625,0.0,0.03431586206896552,Alexandria,0,2041,3751.0
Alexandria_y2020.tif,456,0.0,0.016359649122807015,Alexandria,0,1995,3751.0
Alexandria_y2020.tif,507,0.0,0.021942800788954636,Alexandria,0,2002,3751.0
Alexandria_y2020.tif,430,0.0,0.016325581395348836,Alexandria,0,2000,3751.0
Alexandria_y2020.tif,264,0.0,0.02115530303030303,Alexandria,1,1988,3751.0
Alexandria_y2020.tif,398,0.0,0.018479899497487434,Alexandria,0,2001,3751.0
Alexandria_y2020.tif,580,0.0,0.021206896551724135,Alexandria,0,2007,3751.0
Alexandria_y2020.tif,329,0.0,0.10548632218844985,Alexandria,1,2009,3751.0
Alexandria_y2020.tif,201,0.0,0.011641791044776119,Alexandria,0,2003,3751.0
Alexandria_y2020.tif,412,0.0048543689320388345,0.11641990291262135,Alexandria,1,2004,3751.0
Alexandria_y2020.tif,278,0.0,0.01992805755395683,Alexandria,0,1999,3751.0
Alexandria_y2020.tif,265,0.0,0.01379245283018868,Alexandria,1,2008,3751.0
Alexandria_y2020.tif,842,0.0,0.015005938242280286,Alexandria,1,2030,3751.0
Alexandria_y2020.tif,705,0.0,0.021156028368794325,Alexandria,1,2024,3751.0
Alexandria_y2020.tif,256,0.0,0.0183984375,Alexandria,1,2015,3751.0
Alexandria_y2020.tif,693,0.0,0.013513708513708514,Alexandria,1,1974,3751.0
Alexandria_y2020.tif,218,0.0,0.017637614678899082,Alexandria,1,1990,3751.0
Alexandria_y2020.tif,986,0.0,0.01273326572008114,Alexandria,0,1993,3751.0
Alexandria_y2020.tif,247,0.0,0.020506072874493925,Alexandria,0,1998,3751.0
Alexandria_y2020.tif,1207,0.0,0.02349212924606462,Alexandria,0,1996,3751.0
Alexandria_y2020.tif,443,0.0,0.02203160270880361,Alexandria,1,2012,3751.0
Alexandria_y2020.tif,355,0.0,0.014464788732394368,Alexandria,0,2006,3751.0
Alexandria_y2020.tif,752,0.0,0.02448803191489362,Alexandria,0,2014,3751.0
Alexandria_y2020.tif,581,0.0,0.014956970740103269,Alexandria,1,2010,3751.0
Alexandria_y2020.tif,964,0.0,0.016265560165975107,Alexandria,0,1987,3751.0
Alexandria_y2020.tif,883,0.0,0.028125707814269544,Alexandria,1,2042,3751.0
Alexandria_y2020.tif,306,0.0,0.018480392156862743,Alexandria,0,2017,3751.0
Alexandria_y2020.tif,442,0.0,0.0142420814479638,Alexandria,1,2013,3751.0
Alexandria_y2020.tif,387,0.0,0.017829457364341085,Alexandria,0,2026,3751.0
Alexandria_y2020.tif,520,0.0,0.03815384615384616,Alexandria,1,2037,3751.0
Alexandria_y2020.tif,189,0.047619047619047616,0.16970899470899473,Alexandria,1,2028,3751.0
Alexandria_y2020.tif,302,0.0,0.012897350993377483,Alexandria,1,2016,3751.0
Alexandria_y2020.tif,1247,0.0,0.03517642341619887,Alexandria,0,2057,3751.0
Alexandria_y2020.tif,262,0.0,0.013835877862595424,Alexandria,0,2020,3751.0
Alexandria_y2020.tif,260,0.0,0.021076923076923076,Alexandria,1,2022,3751.0
Alexandria_y2020.tif,594,0.0,0.019520202020202018,Alexandria,0,2019,3751.0
Alexandria_y2020.tif,361,0.0,0.024210526315789474,Alexandria,1,2011,3751.0
Alexandria_y2020.tif,1810,0.0,0.012345303867403314,Alexandria,0,2068,3751.0
Alexandria_y2020.tif,524,0.0,0.026459923664122142,Alexandria,0,2038,3751.0
Alexandria_y2020.tif,459,0.0,0.03486928104575164,Alexandria,1,2033,3751.0
Alexandria_y2020.tif,413,0.0,0.014794188861985472,Alexandria,1,2031,3751.0
Alexandria_y2020.tif,995,0.0,0.03428643216080403,Alexandria,1,2052,3751.0
Alexandria_y2020.tif,413,0.0,0.012312348668280874,Alexandria,1,2047,3751.0
Alexandria_y2020.tif,1387,0.0,0.017786589762076425,Alexandria,0,2040,3751.0
Alexandria_y2020.tif,973,0.0,0.03196813977389518,Alexandria,0,2063,3751.0
Alexandria_y2020.tif,311,0.0,0.0897427652733119,Alexandria,1,2034,3751.0
Alexandria_y2020.tif,281,0.0,0.01859430604982206,Alexandria,1,2053,3751.0
Alexandria_y2020.tif,381,0.0,0.01610236220472441,Alexandria,0,2056,3751.0
Alexandria_y2020.tif,3784,0.039904862579281185,0.05641781183932347,Alexandria,0,2128,3751.0
Alexandria_y2020.tif,259,0.0,0.017953667953667957,Alexandria,0,2051,3751.0
Alexandria_y2020.tif,410,0.0,0.018658536585365853,Alexandria,1,2045,3751.0
Alexandria_y2020.tif,341,0.0,0.025586510263929618,Alexandria,0,2054,3751.0
Alexandria_y2020.tif,180,0.0,0.013583333333333333,Alexandria,0,2039,3751.0
Alexandria_y2020.tif,250,0.0,0.014740000000000001,Alexandria,1,2044,3751.0
Alexandria_y2020.tif,759,0.002635046113306983,0.09702239789196311,Alexandria,1,2094,3751.0
Alexandria_y2020.tif,740,0.0,0.018614864864864862,Alexandria,1,2060,3751.0
Alexandria_y2020.tif,240,0.0,0.01575,Alexandria,0,2049,3751.0
Alexandria_y2020.tif,187,0.0,0.029491978609625682,Alexandria,1,2055,3751.0
Alexandria_y2020.tif,302,0.0033112582781456954,0.1012251655629139,Alexandria,1,2046,3751.0
Alexandria_y2020.tif,496,0.0,0.05553427419354839,Alexandria,1,2079,3751.0
Alexandria_y2020.tif,296,0.0,0.10785472972972973,Alexandria,1,2062,3751.0
Alexandria_y2020.tif,1130,0.0,0.019508849557522124,Alexandria,0,2091,3751.0
Alexandria_y2020.tif,702,0.0,0.016773504273504273,Alexandria,1,2048,3751.0
Alexandria_y2020.tif,832,0.0,0.013191105769230771,Alexandria,0,2065,3751.0
Alexandria_y2020.tif,370,0.0,0.02358108108108108,Alexandria,1,2075,3751.0
Alexandria_y2020.tif,279,0.03225806451612903,0.09410394265232976,Alexandria,1,2059,3751.0
Alexandria_y2020.tif,243,0.0,0.013353909465020576,Alexandria,1,2043,3751.0
Alexandria_y2020.tif,239,0.0,0.017029288702928864,Alexandria,0,2067,3751.0
Alexandria_y2020.tif,957,0.0,0.015517241379310346,Alexandria,0,2086,3751.0
Alexandria_y2020.tif,187,0.0,0.022379679144385024,Alexandria,1,2073,3751.0
Alexandria_y2020.tif,403,0.0,0.01389578163771712,Alexandria,0,2072,3751.0
Alexandria_y2020.tif,205,0.0,0.01421951219512195,Alexandria,0,2064,3751.0
Alexandria_y2020.tif,547,0.0,0.017989031078610603,Alexandria,1,2089,3751.0
Alexandria_y2020.tif,237,0.0,0.014409282700421942,Alexandria,0,2126,3751.0
Alexandria_y2020.tif,1130,0.0,0.031933628318584074,Alexandria,0,2120,3751.0
Alexandria_y2020.tif,357,0.0,0.026526610644257705,Alexandria,1,2070,3751.0
Alexandria_y2020.tif,480,0.0,0.0151875,Alexandria,1,2066,3751.0
Alexandria_y2020.tif,1423,0.0,0.02980674631061139,Alexandria,0,2069,3751.0
Alexandria_y2020.tif,216,0.0,0.017384259259259256,Alexandria,0,2074,3751.0
Alexandria_y2020.tif,472,0.0,0.023103813559322037,Alexandria,0,2085,3751.0
Alexandria_y2020.tif,199,0.0,0.01846733668341708,Alexandria,1,2083,3751.0
Alexandria_y2020.tif,331,0.0,0.01743202416918429,Alexandria,0,2095,3751.0
Alexandria_y2020.tif,3023,0.0,0.024419450876612635,Alexandria,0,2152,3751.0
Alexandria_y2020.tif,766,0.0,0.025561357702349866,Alexandria,1,2106,3751.0
Alexandria_y2020.tif,1064,0.0,0.02294642857142857,Alexandria,1,2133,3751.0
Alexandria_y2020.tif,591,0.0,0.05884940778341794,Alexandria,1,2096,3751.0
Alexandria_y2020.tif,367,0.0,0.022806539509536778,Alexandria,1,2092,3751.0
Alexandria_y2020.tif,400,0.0,0.036500000000000005,Alexandria,1,2102,3751.0
Alexandria_y2020.tif,147,0.0,0.017993197278911566,Alexandria,1,2088,3751.0
Alexandria_y2020.tif,173,0.0,0.013439306358381501,Alexandria,0,2087,3751.0
Alexandria_y2020.tif,304,0.0,0.019276315789473683,Alexandria,1,2098,3751.0
Alexandria_y2020.tif,346,0.0,0.035924855491329476,Alexandria,0,2103,3751.0
Alexandria_y2020.tif,225,0.0,0.016688888888888885,Alexandria,1,2093,3751.0
Alexandria_y2020.tif,239,0.0,0.022071129707112967,Alexandria,1,2090,3751.0
Alexandria_y2020.tif,1376,0.0,0.052216569767441864,Alexandria,0,2099,3751.0
Alexandria_y2020.tif,2329,0.0,0.02056676685272649,Alexandria,0,2144,3751.0
Alexandria_y2020.tif,510,0.0,0.013333333333333332,Alexandria,0,2115,3751.0
Alexandria_y2020.tif,168,0.0,0.017738095238095237,Alexandria,0,2097,3751.0
Alexandria_y2020.tif,199,0.0,0.01236180904522613,Alexandria,0,2114,3751.0
Alexandria_y2020.tif,536,0.0,0.022761194029850745,Alexandria,0,2101,3751.0
Alexandria_y2020.tif,527,0.0,0.0357495256166983,Alexandria,1,2119,3751.0
Alexandria_y2020.tif,325,0.0,0.015938461538461537,Alexandria,0,2108,3751.0
Alexandria_y2020.tif,330,0.0,0.018787878787878787,Alexandria,0,2110,3751.0
Alexandria_y2020.tif,468,0.0,0.03287393162393163,Alexandria,1,2146,3751.0
Alexandria_y2020.tif,126,0.0,0.015674603174603178,Alexandria,0,2100,3751.0
Alexandria_y2020.tif,185,0.0,0.01683783783783784,Alexandria,0,2112,3751.0
Alexandria_y2020.tif,148,0.0,0.014222972972972973,Alexandria,0,2113,3751.0
Alexandria_y2020.tif,149,0.0,0.015906040268456375,Alexandria,1,2116,3751.0
Alexandria_y2020.tif,650,0.0,0.026576923076923074,Alexandria,0,2135,3751.0
Alexandria_y2020.tif,314,0.0,0.01676751592356688,Alexandria,0,2122,3751.0
Alexandria_y2020.tif,260,0.0,0.025673076923076927,Alexandria,1,2125,3751.0
Alexandria_y2020.tif,437,0.0,0.017597254004576658,Alexandria,0,2124,3751.0
Alexandria_y2020.tif,141,0.0,0.021808510638297873,Alexandria,1,2121,3751.0
Alexandria_y2020.tif,252,0.0,0.026884920634920637,Alexandria,1,2117,3751.0
Alexandria_y2020.tif,201,0.0,0.016616915422885573,Alexandria,0,2107,3751.0
Alexandria_y2020.tif,110,0.0,0.012818181818181817,Alexandria,0,2127,3751.0
Alexandria_y2020.tif,315,0.0,0.018555555555555558,Alexandria,1,2123,3751.0
Alexandria_y2020.tif,339,0.0,0.016283185840707964,Alexandria,0,2143,3751.0
Alexandria_y2020.tif,702,0.0,0.02117521367521367,Alexandria,0,2160,3751.0
Alexandria_y2020.tif,490,0.0,0.03325510204081633,Alexandria,0,2137,3751.0
Alexandria_y2020.tif,164,0.0,0.014725609756097562,Alexandria,0,2139,3751.0
Alexandria_y2020.tif,221,0.0,0.02072398190045249,Alexandria,1,2141,3751.0
Alexandria_y2020.tif,215,0.0,0.03306976744186047,Alexandria,1,2149,3751.0
Alexandria_y2020.tif,164,0.0,0.01588414634146342,Alexandria,0,2140,3751.0
Alexandria_y2020.tif,138,0.0,0.02996376811594203,Alexandria,0,2136,3751.0
Alexandria_y2020.tif,161,0.0,0.018788819875776394,Alexandria,1,2145,3751.0
Alexandria_y2020.tif,125,0.0,0.029480000000000003,Alexandria,0,2138,3751.0
Alexandria_y2020.tif,726,0.0,0.03568870523415978,Alexandria,1,2174,3751.0
Alexandria_y2020.tif,205,0.0,0.01851219512195122,Alexandria,1,2154,3751.0
Alexandria_y2020.tif,404,0.0,0.04222772277227723,Alexandria,1,2150,3751.0
Alexandria_y2020.tif,229,0.0,0.019563318777292577,Alexandria,1,2151,3751.0
Alexandria_y2020.tif,371,0.0,0.016859838274932613,Alexandria,1,2162,3751.0
Alexandria_y2020.tif,168,0.0,0.017916666666666664,Alexandria,1,2153,3751.0
Alexandria_y2020.tif,1339,0.0,0.05973861090365946,Alexandria,1,2175,3751.0
Alexandria_y2020.tif,169,0.0,0.017041420118343198,Alexandria,0,2157,3751.0
Alexandria_y2020.tif,762,0.0,0.015564304461942256,Alexandria,0,2104,3751.0
Alexandria_y2020.tif,190,0.0,0.01944736842105263,Alexandria,0,2105,3751.0
Alexandria_y2020.tif,378,0.0,0.016044973544973543,Alexandria,1,2129,3751.0
Alexandria_y2020.tif,1757,0.0,0.003295389869095048,Alexandria,0,2179,3751.0
Alexandria_y2020.tif,1304,0.0,0.022492331288343558,Alexandria,0,2142,3751.0
Alexandria_y2020.tif,747,0.0,0.016633199464524767,Alexandria,0,2155,3751.0
Alexandria_y2020.tif,591,0.0,0.01887478849407783,Alexandria,0,2147,3751.0
Alexandria_y2020.tif,1079,0.0,0.014810009267840594,Alexandria,0,2190,3751.0
Alexandria_y2020.tif,945,0.0,0.01419047619047619,Alexandria,0,2178,3751.0
Alexandria_y2020.tif,2889,0.0,0.02074939425406715,Alexandria,0,2240,3751.0
Alexandria_y2020.tif,139,0.0,0.019532374100719424,Alexandria,0,2165,3751.0
Alexandria_y2020.tif,221,0.0,0.02088235294117647,Alexandria,0,2159,3751.0
Alexandria_y2020.tif,201,0.0,0.014328358208955224,Alexandria,0,2163,3751.0
Alexandria_y2020.tif,173,0.0,0.03563583815028902,Alexandria,0,2166,3751.0
Alexandria_y2020.tif,185,0.0,0.02943243243243244,Alexandria,1,2169,3751.0
Alexandria_y2020.tif,182,0.0,0.019423076923076918,Alexandria,0,2158,3751.0
Alexandria_y2020.tif,394,0.0,0.039949238578680206,Alexandria,1,2185,3751.0
Alexandria_y2020.tif,214,0.0,0.01633177570093458,Alexandria,0,2167,3751.0
Alexandria_y2020.tif,319,0.0,0.027664576802507834,Alexandria,1,2173,3751.0
Alexandria_y2020.tif,205,0.0,0.01895121951219512,Alexandria,1,2170,3751.0
Alexandria_y2020.tif,138,0.0,0.019166666666666665,Alexandria,0,2164,3751.0
Alexandria_y2020.tif,221,0.0,0.018212669683257916,Alexandria,0,2176,3751.0
Alexandria_y2020.tif,256,0.0,0.036328125,Alexandria,0,2171,3751.0
Alexandria_y2020.tif,782,0.0,0.022365728900255746,Alexandria,1,2191,3751.0
Alexandria_y2020.tif,191,0.0,0.024528795811518327,Alexandria,0,2186,3751.0
Alexandria_y2020.tif,388,0.0,0.01354381443298969,Alexandria,0,2172,3751.0
Alexandria_y2020.tif,606,0.0,0.02082508250825082,Alexandria,0,2207,3751.0
Alexandria_y2020.tif,224,0.0,0.017142857142857144,Alexandria,1,2180,3751.0
Alexandria_y2020.tif,186,0.0,0.025940860215053766,Alexandria,1,2177,3751.0
Alexandria_y2020.tif,338,0.0,0.02356508875739645,Alexandria,0,2188,3751.0
Alexandria_y2020.tif,323,0.0,0.02047987616099071,Alexandria,0,2181,3751.0
Alexandria_y2020.tif,788,0.0,0.017931472081218272,Alexandria,1,2183,3751.0
Alexandria_y2020.tif,1377,0.0,0.01927378358750908,Alexandria,0,2222,3751.0
Alexandria_y2020.tif,469,0.0,0.016940298507462682,Alexandria,1,2200,3751.0
Alexandria_y2020.tif,868,0.0,0.019521889400921658,Alexandria,0,2182,3751.0
Alexandria_y2020.tif,572,0.0,0.017875874125874124,Alexandria,0,2213,3751.0
Alexandria_y2020.tif,322,0.0,0.019177018633540373,Alexandria,0,2212,3751.0
Alexandria_y2020.tif,645,0.0,0.018015503875968994,Alexandria,0,2227,3751.0
Alexandria_y2020.tif,788,0.0,0.015621827411167511,Alexandria,0,2228,3751.0
Alexandria_y2020.tif,836,0.0,0.015233253588516748,Alexandria,0,2236,3751.0
Alexandria_y2020.tif,175,0.0,0.01985714285714285,Alexandria,0,2187,3751.0
Alexandria_y2020.tif,186,0.0,0.021290322580645157,Alexandria,0,2184,3751.0
Alexandria_y2020.tif,178,0.0,0.027443820224719105,Alexandria,1,2193,3751.0
Alexandria_y2020.tif,140,0.0,0.019142857142857142,Alexandria,1,2192,3751.0
Alexandria_y2020.tif,275,0.0,0.01745454545454546,Alexandria,1,2203,3751.0
Alexandria_y2020.tif,195,0.0,0.019948717948717946,Alexandria,1,2198,3751.0
Alexandria_y2020.tif,462,0.049783549783549784,0.1661904761904762,Alexandria,1,2206,3751.0
Alexandria_y2020.tif,359,0.0,0.025584958217270196,Alexandria,1,2194,3751.0
Alexandria_y2020.tif,280,0.0,0.02469642857142857,Alexandria,0,2214,3751.0
Alexandria_y2020.tif,1374,0.0,0.02177947598253275,Alexandria,0,2243,3751.0
Alexandria_y2020.tif,417,0.0,0.021378896882494006,Alexandria,0,2189,3751.0
Alexandria_y2020.tif,369,0.0,0.05044715447154472,Alexandria,1,2216,3751.0
Alexandria_y2020.tif,316,0.0,0.02041139240506329,Alexandria,1,2201,3751.0
Alexandria_y2020.tif,511,0.0,0.02555772994129159,Alexandria,0,2219,3751.0
Alexandria_y2020.tif,233,0.0,0.017339055793991417,Alexandria,1,2218,3751.0
Alexandria_y2020.tif,230,0.0,0.0205,Alexandria,0,2209,3751.0
Alexandria_y2020.tif,141,0.0,0.02067375886524822,Alexandria,1,2202,3751.0
Alexandria_y2020.tif,183,0.0,0.026612021857923503,Alexandria,1,2204,3751.0
Alexandria_y2020.tif,197,0.0,0.02213197969543147,Alexandria,1,2217,3751.0
Alexandria_y2020.tif,201,0.0,0.03126865671641792,Alexandria,1,2210,3751.0
Alexandria_y2020.tif,428,0.0,0.027698598130841127,Alexandria,1,2197,3751.0
Alexandria_y2020.tif,455,0.0,0.01778021978021978,Alexandria,1,2220,3751.0
Alexandria_y2020.tif,192,0.0,0.014973958333333334,Alexandria,0,2205,3751.0
Alexandria_y2020.tif,1580,0.0,0.041354430379746836,Alexandria,0,2259,3751.0
Alexandria_y2020.tif,216,0.0,0.022129629629629628,Alexandria,1,2221,3751.0
Alexandria_y2020.tif,399,0.0,0.023583959899749374,Alexandria,1,2224,3751.0
Alexandria_y2020.tif,182,0.0,0.03497252747252747,Alexandria,0,2223,3751.0
Alexandria_y2020.tif,537,0.0,0.02723463687150838,Alexandria,1,2234,3751.0
Alexandria_y2020.tif,297,0.0,0.02037037037037037,Alexandria,1,2208,3751.0
Alexandria_y2020.tif,1125,0.0,0.03267111111111111,Alexandria,0,2250,3751.0
Alexandria_y2020.tif,815,0.024539877300613498,0.08609815950920248,Alexandria,1,2245,3751.0
Alexandria_y2020.tif,316,0.0,0.017120253164556964,Alexandria,0,2229,3751.0
Alexandria_y2020.tif,4781,0.0,0.019753189709265845,Alexandria,0,2293,3751.0
Alexandria_y2020.tif,37449,0.02737055729124943,0.04185959571684157,Alexandria,0,2569,3751.0
Alexandria_y2020.tif,291,0.0,0.023865979381443293,Alexandria,0,2232,3751.0
Alexandria_y2020.tif,247,0.0,0.01856275303643725,Alexandria,0,2233,3751.0
Alexandria_y2020.tif,867,0.6758938869665513,0.2538119953863899,Alexandria,0,2231,3751.0
Alexandria_y2020.tif,560,0.0,0.03533035714285714,Alexandria,0,2230,3751.0
Alexandria_y2020.tif,272,0.0,0.0209375,Alexandria,0,2242,3751.0
Alexandria_y2020.tif,283,0.0,0.025795053003533564,Alexandria,0,2226,3751.0
Alexandria_y2020.tif,217,0.0,0.03599078341013824,Alexandria,0,2237,3751.0
Alexandria_y2020.tif,626,0.0,0.044824281150159746,Alexandria,1,2225,3751.0
Alexandria_y2020.tif,1277,0.0,0.021989036805011745,Alexandria,1,2269,3751.0
Alexandria_y2020.tif,525,0.0,0.019133333333333336,Alexandria,0,2260,3751.0
Alexandria_y2020.tif,561,0.0,0.035204991087344026,Alexandria,0,2265,3751.0
Alexandria_y2020.tif,295,0.0,0.03903389830508475,Alexandria,0,2238,3751.0
Alexandria_y2020.tif,358,0.0,0.024092178770949716,Alexandria,0,2235,3751.0
Alexandria_y2020.tif,274,0.0,0.024343065693430657,Alexandria,0,2252,3751.0
Alexandria_y2020.tif,730,0.37945205479452054,0.21813013698630138,Alexandria,1,2251,3751.0
Alexandria_y2020.tif,378,0.0,0.02850529100529101,Alexandria,0,2248,3751.0
Alexandria_y2020.tif,325,0.0,0.023184615384615383,Alexandria,0,2246,3751.0
Alexandria_y2020.tif,1542,0.0,0.015402075226977952,Alexandria,0,2261,3751.0
Alexandria_y2020.tif,584,0.0,0.016703767123287673,Alexandria,0,2255,3751.0
Alexandria_y2020.tif,3868,0.0,0.0029498448810754913,Alexandria,0,2357,3751.0
Alexandria_y2020.tif,299,0.0,0.021889632107023407,Alexandria,1,2253,3751.0
Alexandria_y2020.tif,1805,0.0,0.03735734072022161,Alexandria,0,2287,3751.0
Alexandria_y2020.tif,185,0.0,0.017054054054054052,Alexandria,0,2247,3751.0
Alexandria_y2020.tif,240,0.0,0.017229166666666667,Alexandria,0,2249,3751.0
Alexandria_y2020.tif,320,0.0,0.017656250000000002,Alexandria,1,2258,3751.0
Alexandria_y2020.tif,903,0.0,0.02276854928017719,Alexandria,0,2277,3751.0
Alexandria_y2020.tif,567,0.0,0.037804232804232805,Alexandria,1,2270,3751.0
Alexandria_y2020.tif,393,0.0,0.017697201017811706,Alexandria,1,2257,3751.0
Alexandria_y2020.tif,577,0.0,0.01598786828422877,Alexandria,0,2271,3751.0
Alexandria_y2020.tif,772,0.0,0.02501295336787565,Alexandria,0,2273,3751.0
Alexandria_y2020.tif,342,0.0,0.032690058479532165,Alexandria,0,2268,3751.0
Alexandria_y2020.tif,1281,0.0,0.016666666666666666,Alexandria,0,2372,3751.0
Alexandria_y2020.tif,387,0.0,0.02363049095607235,Alexandria,0,2254,3751.0
Alexandria_y2020.tif,565,0.0,0.029601769911504427,Alexandria,0,2285,3751.0
Alexandria_y2020.tif,420,0.0,0.019452380952380947,Alexandria,0,2283,3751.0
Alexandria_y2020.tif,1458,0.0,0.03053497942386832,Alexandria,0,2301,3751.0
Alexandria_y2020.tif,184,0.0,0.019483695652173914,Alexandria,0,2266,3751.0
Alexandria_y2020.tif,356,0.0,0.014592696629213484,Alexandria,0,2279,3751.0
Alexandria_y2020.tif,318,0.0,0.01671383647798742,Alexandria,1,2272,3751.0
Alexandria_y2020.tif,632,0.0,0.012642405063291139,Alexandria,0,2288,3751.0
Alexandria_y2020.tif,711,0.0,0.029746835443037974,Alexandria,1,2276,3751.0
Alexandria_y2020.tif,132,0.0,0.015719696969696967,Alexandria,0,2267,3751.0
Alexandria_y2020.tif,4743,0.0,0.034417035631456885,Alexandria,0,2315,3751.0
Alexandria_y2020.tif,441,0.0,0.016043083900226757,Alexandria,1,2274,3751.0
Alexandria_y2020.tif,334,0.0,0.022604790419161674,Alexandria,1,2286,3751.0
Alexandria_y2020.tif,310,0.0,0.020435483870967743,Alexandria,0,2298,3751.0
Alexandria_y2020.tif,1019,0.0,0.031192345436702656,Alexandria,1,2284,3751.0
Alexandria_y2020.tif,428,0.6728971962616822,0.25533878504672897,Alexandria,1,2275,3751.0
Alexandria_y2020.tif,307,0.0,0.022377850162866447,Alexandria,0,2278,3751.0
Alexandria_y2020.tif,431,0.0,0.1018445475638051,Alexandria,1,2289,3751.0
Alexandria_y2020.tif,738,0.0,0.021375338753387534,Alexandria,0,2299,3751.0
Alexandria_y2020.tif,309,0.0,0.0316504854368932,Alexandria,1,2292,3751.0
Alexandria_y2020.tif,1421,0.0,0.021664320900774105,Alexandria,0,2380,3751.0
Alexandria_y2020.tif,311,0.0,0.021864951768488742,Alexandria,1,2297,3751.0
Alexandria_y2020.tif,456,0.0,0.1311842105263158,Alexandria,1,2294,3751.0
Alexandria_y2020.tif,3643,0.040625857809497665,0.057647543233598685,Alexandria,0,2336,3751.0
Alexandria_y2020.tif,2252932,0.010863177406153404,0.010143248886340113,Alexandria,0,5515,3751.0
Alexandria_y2020.tif,369,0.0,0.023509485094850947,Alexandria,1,2296,3751.0
Alexandria_y2020.tif,480,0.0,0.017625000000000002,Alexandria,0,2304,3751.0
Alexandria_y2020.tif,672,0.0,0.023950892857142855,Alexandria,0,2321,3751.0
Alexandria_y2020.tif,445,0.0,0.017213483146067413,Alexandria,0,2310,3751.0
Alexandria_y2020.tif,203,0.0,0.019137931034482757,Alexandria,0,2322,3751.0
Alexandria_y2020.tif,234,0.0,0.01769230769230769,Alexandria,1,2318,3751.0
Alexandria_y2020.tif,1466,0.0,0.013472032742155525,Alexandria,0,2328,3751.0
Alexandria_y2020.tif,561,0.0,0.015819964349376114,Alexandria,0,2330,3751.0
Alexandria_y2020.tif,2024,0.0,0.018347332015810274,Alexandria,0,2362,3751.0
Alexandria_y2020.tif,579,0.0,0.02669257340241796,Alexandria,1,2295,3751.0
Alexandria_y2020.tif,748,0.0,0.042727272727272725,Alexandria,0,2316,3751.0
Alexandria_y2020.tif,803,0.0,0.028623910336239112,Alexandria,0,2308,3751.0
Alexandria_y2020.tif,1036,0.0,0.027335907335907343,Alexandria,0,2320,3751.0
Alexandria_y2020.tif,207,0.0,0.020797101449275362,Alexandria,0,2302,3751.0
Alexandria_y2020.tif,257,0.0,0.027509727626459153,Alexandria,1,2303,3751.0
Alexandria_y2020.tif,662,0.0,0.030785498489425987,Alexandria,1,2300,3751.0
Alexandria_y2020.tif,1676,0.0,0.017234486873508353,Alexandria,0,2340,3751.0
Alexandria_y2020.tif,207,0.0,0.03270531400966184,Alexandria,0,2305,3751.0
Alexandria_y2020.tif,453,0.0,0.03141280353200883,Alexandria,0,2317,3751.0
Alexandria_y2020.tif,2354,0.0,0.038443075615972815,Alexandria,0,2348,3751.0
Alexandria_y2020.tif,437,0.0,0.02249427917620137,Alexandria,1,2309,3751.0
Alexandria_y2020.tif,341,0.0,0.08134897360703813,Alexandria,1,2313,3751.0
Alexandria_y2020.tif,633,0.0,0.07091627172195893,Alexandria,1,2323,3751.0
Alexandria_y2020.tif,233,0.0,0.02562231759656653,Alexandria,1,2314,3751.0
Alexandria_y2020.tif,375,0.0,0.024386666666666664,Alexandria,1,2307,3751.0
Alexandria_y2020.tif,1036,0.0,0.01775579150579151,Alexandria,0,2337,3751.0
Alexandria_y2020.tif,359,0.0,0.01885793871866295,Alexandria,0,2324,3751.0
Alexandria_y2020.tif,367,0.0,0.024836512261580377,Alexandria,1,2326,3751.0
Alexandria_y2020.tif,961,0.0,0.03507804370447452,Alexandria,1,2349,3751.0
Alexandria_y2020.tif,442,0.0,0.026470588235294124,Alexandria,1,2327,3751.0
Alexandria_y2020.tif,467,0.0,0.020920770877944323,Alexandria,1,2341,3751.0
Alexandria_y2020.tif,258,0.0,0.02275193798449612,Alexandria,1,2345,3751.0
Alexandria_y2020.tif,247,0.0,0.030991902834008107,Alexandria,0,2338,3751.0
Alexandria_y2020.tif,217,0.0,0.030391705069124426,Alexandria,1,2335,3751.0
Alexandria_y2020.tif,249,0.0,0.02152610441767068,Alexandria,1,2356,3751.0
Alexandria_y2020.tif,391,0.0,0.030000000000000002,Alexandria,1,2358,3751.0
Alexandria_y2020.tif,1749,0.0,0.03131789594053745,Alexandria,1,2365,3751.0
Alexandria_y2020.tif,393,0.0,0.020585241730279896,Alexandria,0,2350,3751.0
Alexandria_y2020.tif,332,0.0,0.018975903614457834,Alexandria,0,2353,3751.0
Alexandria_y2020.tif,270,0.0,0.019648148148148147,Alexandria,1,2325,3751.0
Alexandria_y2020.tif,345,0.0,0.026376811594202892,Alexandria,1,2339,3751.0
Alexandria_y2020.tif,302,0.0,0.015678807947019868,Alexandria,0,2331,3751.0
Alexandria_y2020.tif,321,0.0,0.018987538940809966,Alexandria,1,2342,3751.0
Alexandria_y2020.tif,781,0.0,0.018469910371318822,Alexandria,0,2347,3751.0
Alexandria_y2020.tif,584,0.0,0.028219178082191782,Alexandria,1,2343,3751.0
Alexandria_y2020.tif,823,0.0,0.016130012150668286,Alexandria,0,2373,3751.0
Alexandria_y2020.tif,829,0.0,0.016278648974668276,Alexandria,0,2366,3751.0
Alexandria_y2020.tif,647,0.0,0.020765069551777433,Alexandria,1,2379,3751.0
Alexandria_y2020.tif,484,0.0,0.004225206611570248,Alexandria,0,2369,3751.0
Alexandria_y2020.tif,243,0.0,0.02226337448559671,Alexandria,0,2364,3751.0
Alexandria_y2020.tif,331,0.0,0.025619335347432024,Alexandria,1,2346,3751.0
Alexandria_y2020.tif,396,0.0,0.034090909090909095,Alexandria,1,2367,3751.0
Alexandria_y2020.tif,1159,0.0,0.027018981880931835,Alexandria,0,2376,3751.0
Alexandria_y2020.tif,378,0.0,0.042870370370370364,Alexandria,1,2355,3751.0
Alexandria_y2020.tif,849,0.0,0.03012956419316844,Alexandria,1,2370,3751.0
Alexandria_y2020.tif,2563,0.0,0.015559890753023798,Alexandria,0,2395,3751.0
Alexandria_y2020.tif,437,0.0,0.032826086956521734,Alexandria,0,2374,3751.0
Alexandria_y2020.tif,453,0.0,0.022097130242825603,Alexandria,0,2378,3751.0
Alexandria_y2020.tif,425,0.0,0.026364705882352936,Alexandria,1,2368,3751.0
Alexandria_y2020.tif,527,0.0,0.029525616698292224,Alexandria,0,2383,3751.0
Alexandria_y2020.tif,516,0.0,0.033149224806201555,Alexandria,1,2382,3751.0
Alexandria_y2020.tif,1935,0.0,0.05227131782945737,Alexandria,0,2405,3751.0
Alexandria_y2020.tif,369,0.0,0.017723577235772357,Alexandria,0,2390,3751.0
Alexandria_y2020.tif,227,0.0,0.022136563876651985,Alexandria,0,2388,3751.0
Alexandria_y2020.tif,434,0.0,0.01619815668202765,Alexandria,0,2386,3751.0
Alexandria_y2020.tif,431,0.0,0.03902552204176334,Alexandria,0,2377,3751.0
Alexandria_y2020.tif,439,0.0,0.024806378132118452,Alexandria,0,2394,3751.0
Alexandria_y2020.tif,1136,0.0,0.03111355633802817,Alexandria,0,2407,3751.0
Alexandria_y2020.tif,670,0.0,0.015917910447761193,Alexandria,0,2385,3751.0
Alexandria_y2020.tif,195,0.0,0.016512820512820516,Alexandria,1,2371,3751.0
Alexandria_y2020.tif,3116,0.0,0.016888639281129655,Alexandria,0,2416,3751.0
Alexandria_y2020.tif,1709,0.0,0.027650672908133417,Alexandria,0,2399,3751.0
Alexandria_y2020.tif,223,0.0,0.01773542600896861,Alexandria,0,2375,3751.0
Alexandria_y2020.tif,766,0.0,0.019954308093994774,Alexandria,1,2392,3751.0
Alexandria_y2020.tif,1087,0.0,0.022221711131554737,Alexandria,0,2408,3751.0
Alexandria_y2020.tif,589,0.0,0.016723259762308998,Alexandria,0,2398,3751.0
Alexandria_y2020.tif,2620,0.0,0.01739503816793893,Alexandria,0,2434,3751.0
Alexandria_y2020.tif,268,0.0,0.024645522388059702,Alexandria,0,2396,3751.0
Alexandria_y2020.tif,133,0.0,0.020526315789473684,Alexandria,1,2397,3751.0
Alexandria_y2020.tif,641,0.0,0.0615990639625585,Alexandria,1,2403,3751.0
Alexandria_y2020.tif,1111,0.0,0.02795229522952295,Alexandria,0,2431,3751.0
Alexandria_y2020.tif,338,0.0,0.02748520710059172,Alexandria,1,2391,3751.0
Alexandria_y2020.tif,502,0.0,0.02039840637450199,Alexandria,1,2401,3751.0
Alexandria_y2020.tif,2831,0.0,0.026303426351112682,Alexandria,0,2448,3751.0
Alexandria_y2020.tif,6955,0.008914450035945364,0.04406326383896478,Alexandria,0,2464,3751.0
Alexandria_y2020.tif,270,0.0,0.04742592592592593,Alexandria,1,2413,3751.0
Alexandria_y2020.tif,286,0.0,0.017517482517482516,Alexandria,1,2409,3751.0
Alexandria_y2020.tif,309,0.0,0.020080906148867313,Alexandria,0,2411,3751.0
Alexandria_y2020.tif,784,0.0,0.022270408163265306,Alexandria,0,2430,3751.0
Alexandria_y2020.tif,351,0.0,0.013632478632478628,Alexandria,0,2417,3751.0
Alexandria_y2020.tif,3258,0.0,0.0007274401473296501,Alexandria,0,2507,3751.0
Alexandria_y2020.tif,105,0.0,0.019380952380952377,Alexandria,1,2410,3751.0
Alexandria_y2020.tif,135,0.0,0.019629629629629632,Alexandria,0,2421,3751.0
Alexandria_y2020.tif,1077,0.0,0.025761374187558028,Alexandria,1,2404,3751.0
Alexandria_y2020.tif,834,0.0,0.0209652278177458,Alexandria,0,2440,3751.0
Alexandria_y2020.tif,593,0.0,0.016306913996627315,Alexandria,0,2418,3751.0
Alexandria_y2020.tif,331,0.0,0.01873111782477341,Alexandria,0,2426,3751.0
Alexandria_y2020.tif,188,0.0,0.02082446808510638,Alexandria,1,2424,3751.0
Alexandria_y2020.tif,299,0.0,0.019548494983277594,Alexandria,0,2422,3751.0
Alexandria_y2020.tif,484,0.0,0.024245867768595043,Alexandria,1,2414,3751.0
Alexandria_y2020.tif,364,0.0,0.017582417582417582,Alexandria,0,2425,3751.0
Alexandria_y2020.tif,1976,0.0,0.015743927125506076,Alexandria,0,2467,3751.0
Alexandria_y2020.tif,293,0.0,0.015887372013651882,Alexandria,1,2427,3751.0
Alexandria_y2020.tif,593,0.0,0.02369308600337268,Alexandria,0,2444,3751.0
Alexandria_y2020.tif,1220,0.0,0.02079918032786885,Alexandria,0,2442,3751.0
Alexandria_y2020.tif,474,0.0,0.02007383966244726,Alexandria,0,2441,3751.0
Alexandria_y2020.tif,600,0.0,0.022875,Alexandria,0,2462,3751.0
Alexandria_y2020.tif,329,0.0,0.012902735562310029,Alexandria,0,2454,3751.0
Alexandria_y2020.tif,953,0.0,0.019501573976915005,Alexandria,0,2533,3751.0
Alexandria_y2020.tif,615,0.0,0.02386991869918699,Alexandria,0,2436,3751.0
Alexandria_y2020.tif,348,0.0,0.009094827586206895,Alexandria,1,2439,3751.0
Alexandria_y2020.tif,474,0.0,0.014514767932489455,Alexandria,0,2447,3751.0
Alexandria_y2020.tif,389,0.0,0.019151670951156812,Alexandria,1,2437,3751.0
Alexandria_y2020.tif,836,0.0,0.02563995215311005,Alexandria,0,2461,3751.0
Alexandria_y2020.tif,2316,0.0,0.03142055267702936,Alexandria,1,2480,3751.0
Alexandria_y2020.tif,445,0.0,0.02485393258426967,Alexandria,0,2435,3751.0
Alexandria_y2020.tif,879,0.0,0.013088737201365186,Alexandria,0,2473,3751.0
Alexandria_y2020.tif,459,0.0,0.003104575163398693,Alexandria,0,2474,3751.0
Alexandria_y2020.tif,1157,0.0,0.012973206568712184,Alexandria,0,2443,3751.0
Alexandria_y2020.tif,1454,0.0,0.023906464924346633,Alexandria,0,2477,3751.0
Alexandria_y2020.tif,273,0.0,0.013754578754578754,Alexandria,0,2453,3751.0
Alexandria_y2020.tif,657,0.0,0.019124809741248097,Alexandria,1,2433,3751.0
Alexandria_y2020.tif,261,0.0,0.016800766283524903,Alexandria,0,2463,3751.0
Alexandria_y2020.tif,1253,0.0,0.046304868316041504,Alexandria,1,2470,3751.0
Alexandria_y2020.tif,2397,0.0,0.019977054651647896,Alexandria,1,2478,3751.0
Alexandria_y2020.tif,390,0.0,0.029089743589743592,Alexandria,0,2469,3751.0
Alexandria_y2020.tif,596,0.0,0.012651006711409394,Alexandria,1,2472,3751.0
Alexandria_y2020.tif,151,0.0,0.019933774834437083,Alexandria,0,2468,3751.0
Alexandria_y2020.tif,247,0.0,0.025465587044534416,Alexandria,1,2475,3751.0
Alexandria_y2020.tif,11870,0.0,0.02281802864363943,Alexandria,0,2877,3751.0
Alexandria_y2020.tif,1376,0.0,0.020421511627906976,Alexandria,0,2503,3751.0
Alexandria_y2020.tif,3748,0.0,0.026407417289220924,Alexandria,0,2520,3751.0
Alexandria_y2020.tif,595,0.0,0.01784873949579832,Alexandria,1,2479,3751.0
Alexandria_y2020.tif,313,0.0,0.016006389776357828,Alexandria,1,2476,3751.0
Alexandria_y2020.tif,2432,0.0,0.035135690789473685,Alexandria,0,2524,3751.0
Alexandria_y2020.tif,636,0.0,0.019276729559748428,Alexandria,0,2495,3751.0
Alexandria_y2020.tif,312,0.0,0.01876602564102564,Alexandria,0,2487,3751.0
Alexandria_y2020.tif,470,0.0,0.01551063829787234,Alexandria,0,2500,3751.0
Alexandria_y2020.tif,294,0.0,0.024081632653061222,Alexandria,0,2494,3751.0
Alexandria_y2020.tif,163,0.0,0.01969325153374233,Alexandria,0,2465,3751.0
Alexandria_y2020.tif,743,0.0,0.02478465679676985,Alexandria,0,2482,3751.0
Alexandria_y2020.tif,236,0.0,0.015487288135593226,Alexandria,1,2466,3751.0
Alexandria_y2020.tif,526,0.0,0.014885931558935361,Alexandria,1,2481,3751.0
Alexandria_y2020.tif,1636,0.0,0.016815403422982884,Alexandria,0,2496,3751.0
Alexandria_y2020.tif,476,0.0,0.018098739495798318,Alexandria,1,2484,3751.0
Alexandria_y2020.tif,904,0.0,0.013761061946902657,Alexandria,0,2498,3751.0
Alexandria_y2020.tif,556,0.0,0.024676258992805754,Alexandria,1,2497,3751.0
Alexandria_y2020.tif,1282,0.0,0.02282371294851794,Alexandria,0,2483,3751.0
Alexandria_y2020.tif,1331,0.0,0.017396694214876034,Alexandria,0,2525,3751.0
Alexandria_y2020.tif,264,0.0,0.01513257575757576,Alexandria,1,2493,3751.0
Alexandria_y2020.tif,227,0.0,0.025000000000000012,Alexandria,0,2508,3751.0
Alexandria_y2020.tif,890,0.0,0.019320224719101123,Alexandria,0,2532,3751.0
Alexandria_y2020.tif,259,0.0,0.015154440154440153,Alexandria,1,2512,3751.0
Alexandria_y2020.tif,336,0.0,0.018794642857142857,Alexandria,1,2536,3751.0
Alexandria_y2020.tif,187,0.0,0.0253475935828877,Alexandria,0,2517,3751.0
Alexandria_y2020.tif,152,0.0,0.022697368421052633,Alexandria,1,2527,3751.0
Alexandria_y2020.tif,418,0.0,0.017033492822966505,Alexandria,0,2539,3751.0
Alexandria_y2020.tif,522,0.0,0.016657088122605364,Alexandria,0,2537,3751.0
Alexandria_y2020.tif,788,0.0,0.017766497461928935,Alexandria,1,2550,3751.0
Alexandria_y2020.tif,1496,0.0,0.024689171122994655,Alexandria,0,2526,3751.0
Alexandria_y2020.tif,460,0.0,0.02011956521739131,Alexandria,0,2511,3751.0
Alexandria_y2020.tif,393,0.0,0.027391857506361323,Alexandria,1,2506,3751.0
Alexandria_y2020.tif,430,0.0,0.02080232558139535,Alexandria,0,2514,3751.0
Alexandria_y2020.tif,313,0.0,0.01515974440894569,Alexandria,0,2510,3751.0
Alexandria_y2020.tif,1003,0.0,0.07950648055832503,Alexandria,1,2575,3751.0
Alexandria_y2020.tif,686,0.0,0.0294533527696793,Alexandria,0,2531,3751.0
Alexandria_y2020.tif,245,0.0,0.028897959183673477,Alexandria,0,2518,3751.0
Alexandria_y2020.tif,10018,0.0,0.02373477740067878,Alexandria,0,2635,3751.0
Alexandria_y2020.tif,788,0.0,0.021535532994923855,Alexandria,0,2538,3751.0
Alexandria_y2020.tif,450,0.0,0.07907777777777777,Alexandria,1,2393,3751.0
Alexandria_y2020.tif,1190,0.34789915966386553,0.1497058823529412,Alexandria,1,2420,3751.0
Alexandria_y2020.tif,277,0.0,0.06240072202166065,Alexandria,1,2419,3751.0
Alexandria_y2020.tif,901,0.01220865704772475,0.15671476137624862,Alexandria,0,2428,3751.0
Alexandria_y2020.tif,11924,0.0011741026501174102,0.03459158000670916,Alexandria,0,2653,3751.0
Alexandria_y2020.tif,1725,0.0,0.06958260869565218,Alexandria,0,2521,3751.0
Alexandria_y2020.tif,923,0.0,0.02923618634886241,Alexandria,0,2633,3751.0
Alexandria_y2020.tif,23138,0.16730054455873455,0.09582613017546894,Alexandria,0,2750,3751.0
Alexandria_y2020.tif,24254,0.003958110002473819,0.028789684175806057,Alexandria,0,2805,3751.0
Alexandria_y2020.tif,5639,0.0,0.02044866111012591,Alexandria,0,2744,3751.0
Alexandria_y2020.tif,509,0.0,0.018880157170923378,Alexandria,0,2554,3751.0
Alexandria_y2020.tif,377,0.0,0.01083554376657825,Alexandria,1,2545,3751.0
Alexandria_y2020.tif,1557,0.0,0.01251766217084136,Alexandria,0,2566,3751.0
Alexandria_y2020.tif,310,0.0,0.015064516129032257,Alexandria,1,2542,3751.0
Alexandria_y2020.tif,5288,0.0,0.007576588502269288,Alexandria,0,2589,3751.0
Alexandria_y2020.tif,732,0.0,0.01657103825136612,Alexandria,0,2558,3751.0
Alexandria_y2020.tif,278,0.0,0.019658273381294965,Alexandria,1,2551,3751.0
Alexandria_y2020.tif,418,0.0,0.015322966507177033,Alexandria,0,2563,3751.0
Alexandria_y2020.tif,316,0.0,0.02085443037974683,Alexandria,1,2571,3751.0
Alexandria_y2020.tif,210,0.0,0.019166666666666665,Alexandria,0,2556,3751.0
Alexandria_y2020.tif,221,0.0,0.012895927601809952,Alexandria,1,2560,3751.0
Alexandria_y2020.tif,229,0.0,0.01980349344978166,Alexandria,1,2559,3751.0
Alexandria_y2020.tif,437,0.0,0.014382151029748285,Alexandria,0,2573,3751.0
Alexandria_y2020.tif,256,0.0,0.022167968750000003,Alexandria,1,2567,3751.0
Alexandria_y2020.tif,629,0.0,0.02431637519872814,Alexandria,0,2578,3751.0
Alexandria_y2020.tif,159,0.0,0.01591194968553459,Alexandria,0,2555,3751.0
Alexandria_y2020.tif,146,0.0,0.017465753424657532,Alexandria,1,2574,3751.0
Alexandria_y2020.tif,271,0.0,0.013800738007380074,Alexandria,1,2570,3751.0
Alexandria_y2020.tif,294,0.0,0.013809523809523811,Alexandria,1,2577,3751.0
Alexandria_y2020.tif,286,0.0,0.016433566433566433,Alexandria,0,2576,3751.0
Alexandria_y2020.tif,643,0.0,0.03147744945567652,Alexandria,0,2523,3751.0
Alexandria_y2020.tif,848,0.0,0.06231721698113207,Alexandria,1,2568,3751.0
Alexandria_y2020.tif,1074,0.0,0.016205772811918064,Alexandria,0,2513,3751.0
Alexandria_y2020.tif,809,0.0,0.020791100123609393,Alexandria,0,2543,3751.0
Alexandria_y2020.tif,168,0.0,0.03193452380952381,Alexandria,1,2529,3751.0
Alexandria_y2020.tif,687,0.0,0.046055312954876276,Alexandria,1,2544,3751.0
Alexandria_y2020.tif,741,0.0,0.03339406207827261,Alexandria,0,2565,3751.0
Alexandria_y2020.tif,495,0.0,0.029353535353535364,Alexandria,1,2557,3751.0
Alexandria_y2020.tif,524,0.0,0.04496183206106871,Alexandria,1,2572,3751.0
Alexandria_y2020.tif,4618,0.0,0.02197379818103075,Alexandria,0,2623,3751.0
Alexandria_y2020.tif,0,,,Alexandria,1,1930,3751.0
Alexandria_y2020.tif,300,0.0,0.0,Alexandria,1,2035,3751.0
Alexandria_y2020.tif,5606,0.0,0.0002711380663574741,Alexandria,0,2082,3751.0
Alexandria_y2020.tif,1874,0.0,0.0,Alexandria,0,2023,3751.0
Alexandria_y2020.tif,379,0.0,0.0,Alexandria,1,2134,3751.0
Alexandria_y2020.tif,784,0.0,0.0,Alexandria,0,2132,3751.0
Alexandria_y2020.tif,3563,0.0014033118158854898,0.002117597530171204,Alexandria,0,2195,3751.0
Alexandria_y2020.tif,1013,0.0,0.0,Alexandria,0,2199,3751.0
Alexandria_y2020.tif,3659,0.0038261820169445205,0.0033697731620661382,Alexandria,0,2312,3751.0
Alexandria_y2020.tif,2510,0.0,0.0,Alexandria,0,2333,3751.0
Alexandria_y2020.tif,1642,0.007308160779537149,0.00220462850182704,Alexandria,0,2332,3751.0
Alexandria_y2020.tif,636,0.0,0.0,Alexandria,0,2334,3751.0
Alexandria_y2020.tif,2016,0.0,0.0,Alexandria,0,2415,3751.0
Alexandria_y2020.tif,4139,0.009422565837158734,0.0042087460739309015,Alexandria,0,2456,3751.0
Alexandria_y2020.tif,975,0.0,0.0,Alexandria,0,2450,3751.0
Alexandria_y2020.tif,688,0.0,0.0,Alexandria,0,2459,3751.0
Alexandria_y2020.tif,2038,0.13738959764474976,0.08639842983316977,Alexandria,0,2363,3751.0
Alexandria_y2020.tif,2862,0.4227812718378756,0.1625821104122991,Alexandria,0,2432,3751.0
Alexandria_y2020.tif,1316,0.53419452887538,0.15551671732522795,Alexandria,0,2402,3751.0
Alexandria_y2020.tif,404,0.21287128712871287,0.18474009900990102,Alexandria,1,2389,3751.0
Alexandria_y2020.tif,2083,0.30676908305328854,0.12306048967834855,Alexandria,0,2406,3751.0
Alexandria_y2020.tif,458,0.8668122270742358,0.2666921397379913,Alexandria,1,2449,3751.0
Alexandria_y2020.tif,852,0.45539906103286387,0.18242957746478874,Alexandria,1,2455,3751.0
Alexandria_y2020.tif,1036,0.46525096525096526,0.18588320463320465,Alexandria,1,2452,3751.0
Alexandria_y2020.tif,535,0.4635514018691589,0.15008411214953268,Alexandria,0,2458,3751.0
Alexandria_y2020.tif,1199,0.8515429524603837,0.2543536280233528,Alexandria,1,2451,3751.0
Alexandria_y2020.tif,10195,0.07297694948504169,0.05364688572829819,Alexandria,0,2601,3751.0
Alexandria_y2020.tif,556,0.023381294964028777,0.14241906474820143,Alexandria,0,2488,3751.0
Alexandria_y2020.tif,713,0.4740532959326788,0.23069424964936888,Alexandria,1,2485,3751.0
Alexandria_y2020.tif,766,0.24804177545691905,0.17208224543080938,Alexandria,1,2501,3751.0
Alexandria_y2020.tif,1711,0.451198129748685,0.1656604324956166,Alexandria,0,2515,3751.0
Alexandria_y2020.tif,1136,0.0,0.053120598591549294,Alexandria,1,2504,3751.0
Alexandria_y2020.tif,1212,0.07590759075907591,0.12538366336633663,Alexandria,1,2505,3751.0
Alexandria_y2020.tif,582,0.0,0.05744845360824743,Alexandria,0,2516,3751.0
Alexandria_y2020.tif,832,0.0,0.05280048076923078,Alexandria,0,2564,3751.0
Alexandria_y2020.tif,900,0.011111111111111112,0.09146666666666667,Alexandria,1,2546,3751.0
Alexandria_y2020.tif,700,0.0,0.006628571428571429,Alexandria,0,2489,3751.0
Alexandria_y2020.tif,625,0.0,0.0,Alexandria,0,2490,3751.0
Alexandria_y2020.tif,1933,0.0,0.0,Alexandria,0,2530,3751.0
Alexandria_y2020.tif,1447,0.0,0.000580511402902557,Alexandria,0,2528,3751.0
Alexandria_y2020.tif,401,0.0,0.0010598503740648381,Alexandria,0,2561,3751.0
Alexandria_y2020.tif,961,0.0,0.0,Alexandria,0,2562,3751.0
Alexandria_y2020.tif,2005,0.0,0.0,Alexandria,0,2593,3751.0
Alexandria_y2020.tif,627,0.0,0.0744896331738437,Alexandria,1,2547,3751.0
Alexandria_y2020.tif,688,0.0,0.04646802325581395,Alexandria,1,2548,3751.0
Alexandria_y2020.tif,422,0.0,0.03489336492890995,Alexandria,1,2549,3751.0
Alexandria_y2020.tif,779,0.0,0.03304878048780488,Alexandria,1,2552,3751.0
Alexandria_y2020.tif,5685,0.0,0.03601143359718558,Alexandria,0,2606,3751.0
Alexandria_y2020.tif,2806,0.0,0.02906450463292944,Alexandria,0,2597,3751.0
Alexandria_y2020.tif,2946,0.0,0.0328173794976239,Alexandria,0,2605,3751.0
Alexandria_y2020.tif,961,0.015608740894901144,0.1145993756503642,Alexandria,1,2673,3751.0
Alexandria_y2020.tif,1000,0.0,0.07513500000000001,Alexandria,1,2686,3751.0
Alexandria_y2020.tif,659,0.0,0.061487101669195764,Alexandria,1,2709,3751.0
Alexandria_y2020.tif,1550,0.0,0.0003806451612903226,Alexandria,0,2595,3751.0
Alexandria_y2020.tif,353,0.0,0.0,Alexandria,0,2648,3751.0
Alexandria_y2020.tif,2078,0.0,0.0,Alexandria,0,2649,3751.0
Alexandria_y2020.tif,837,0.0,0.0012425328554360813,Alexandria,1,2651,3751.0
Alexandria_y2020.tif,832,0.001201923076923077,0.017475961538461537,Alexandria,1,2697,3751.0
Alexandria_y2020.tif,517,0.0,0.0,Alexandria,0,2689,3751.0
Alexandria_y2020.tif,519,0.0,0.0,Alexandria,0,2691,3751.0
Alexandria_y2020.tif,496,0.0,0.0,Alexandria,1,2693,3751.0
Alexandria_y2020.tif,515,0.0,0.0,Alexandria,1,2696,3751.0
Alexandria_y2020.tif,2696,0.0,0.008800074183976261,Alexandria,0,3123,3751.0
Alexandria_y2020.tif,229,0.0,0.016812227074235808,Alexandria,1,2581,3751.0
Alexandria_y2020.tif,381,0.0,0.019606299212598422,Alexandria,1,2582,3751.0
Alexandria_y2020.tif,424,0.0,0.015058962264150943,Alexandria,1,2580,3751.0
Alexandria_y2020.tif,174,0.0,0.017241379310344827,Alexandria,1,2586,3751.0
Alexandria_y2020.tif,305,0.0,0.016950819672131148,Alexandria,1,2590,3751.0
Alexandria_y2020.tif,355,0.0,0.015366197183098592,Alexandria,1,2592,3751.0
Alexandria_y2020.tif,136,0.0,0.016323529411764705,Alexandria,1,2584,3751.0
Alexandria_y2020.tif,1828,0.0,0.0162554704595186,Alexandria,0,2612,3751.0
Alexandria_y2020.tif,436,0.0,0.017052752293577982,Alexandria,1,2594,3751.0
Alexandria_y2020.tif,165,0.0,0.01727272727272727,Alexandria,1,2591,3751.0
Alexandria_y2020.tif,627,0.0,0.022990430622009568,Alexandria,1,2579,3751.0
Alexandria_y2020.tif,2133,0.0,0.02877402719174871,Alexandria,0,2620,3751.0
Alexandria_y2020.tif,1996,0.0,0.0412750501002004,Alexandria,0,2613,3751.0
Alexandria_y2020.tif,4497,0.0,0.03717589504113854,Alexandria,0,2641,3751.0
Alexandria_y2020.tif,593,0.0,0.03145868465430017,Alexandria,0,2604,3751.0
Alexandria_y2020.tif,299,0.0,0.04750836120401338,Alexandria,0,2603,3751.0
Alexandria_y2020.tif,2269,0.0,0.04427941824592331,Alexandria,1,2643,3751.0
Alexandria_y2020.tif,654,0.0,0.015558103975535168,Alexandria,0,2632,3751.0
Alexandria_y2020.tif,648,0.0,0.019506172839506175,Alexandria,0,2639,3751.0
Alexandria_y2020.tif,319,0.0,0.016865203761755487,Alexandria,0,2622,3751.0
Alexandria_y2020.tif,310,0.0,0.02046774193548387,Alexandria,1,2585,3751.0
Alexandria_y2020.tif,183,0.0,0.015710382513661202,Alexandria,0,2602,3751.0
Alexandria_y2020.tif,796,0.0,0.018266331658291456,Alexandria,0,2609,3751.0
Alexandria_y2020.tif,1144,0.0,0.01833041958041958,Alexandria,0,2629,3751.0
Alexandria_y2020.tif,279,0.0,0.018064516129032256,Alexandria,1,2599,3751.0
Alexandria_y2020.tif,377,0.0,0.015649867374005307,Alexandria,1,2608,3751.0
Alexandria_y2020.tif,238,0.0,0.01676470588235294,Alexandria,0,2615,3751.0
Alexandria_y2020.tif,275,0.0,0.016345454545454545,Alexandria,1,2611,3751.0
Alexandria_y2020.tif,458,0.0,0.014967248908296944,Alexandria,1,2617,3751.0
Alexandria_y2020.tif,116,0.0,0.017499999999999995,Alexandria,0,2607,3751.0
Alexandria_y2020.tif,604,0.0,0.01958609271523179,Alexandria,0,2616,3751.0
Alexandria_y2020.tif,524,0.0,0.019809160305343514,Alexandria,1,2610,3751.0
Alexandria_y2020.tif,422,0.0,0.017180094786729858,Alexandria,0,2621,3751.0
Alexandria_y2020.tif,196,0.0,0.016683673469387754,Alexandria,1,2628,3751.0
Alexandria_y2020.tif,183,0.0,0.017185792349726774,Alexandria,1,2631,3751.0
Alexandria_y2020.tif,807,0.0,0.014653035935563816,Alexandria,0,2624,3751.0
Alexandria_y2020.tif,389,0.0,0.024524421593830333,Alexandria,0,2627,3751.0
Alexandria_y2020.tif,370,0.0,0.020594594594594593,Alexandria,1,2640,3751.0
Alexandria_y2020.tif,332,0.0,0.018539156626506022,Alexandria,1,2642,3751.0
Alexandria_y2020.tif,658,0.0,0.01804711246200608,Alexandria,1,2646,3751.0
Alexandria_y2020.tif,395,0.0,0.048240506329113926,Alexandria,0,2618,3751.0
Alexandria_y2020.tif,1798,0.0,0.06475806451612903,Alexandria,1,2660,3751.0
Alexandria_y2020.tif,385,0.0,0.019896103896103898,Alexandria,0,2644,3751.0
Alexandria_y2020.tif,2016,0.0,0.02755208333333334,Alexandria,0,2656,3751.0
Alexandria_y2020.tif,442,0.0,0.022873303167420814,Alexandria,0,2634,3751.0
Alexandria_y2020.tif,652,0.0,0.02474693251533742,Alexandria,1,2655,3751.0
Alexandria_y2020.tif,557,0.0,0.024811490125673248,Alexandria,0,2659,3751.0
Alexandria_y2020.tif,590,0.0,0.012483050847457626,Alexandria,0,2652,3751.0
Alexandria_y2020.tif,2064,0.0,0.02873788759689923,Alexandria,0,2682,3751.0
Alexandria_y2020.tif,1338,0.0,0.019118086696562033,Alexandria,0,2681,3751.0
Alexandria_y2020.tif,251,0.0,0.018247011952191236,Alexandria,0,2636,3751.0
Alexandria_y2020.tif,221,0.0,0.021380090497737553,Alexandria,0,2645,3751.0
Alexandria_y2020.tif,198,0.0,0.017929292929292927,Alexandria,1,2654,3751.0
Alexandria_y2020.tif,212,0.0,0.023962264150943397,Alexandria,1,2657,3751.0
Alexandria_y2020.tif,154,0.0,0.019805194805194805,Alexandria,1,2662,3751.0
Alexandria_y2020.tif,187,0.0,0.01799465240641711,Alexandria,1,2658,3751.0
Alexandria_y2020.tif,133,0.0,0.020413533834586464,Alexandria,1,2668,3751.0
Alexandria_y2020.tif,549,0.0,0.02034608378870674,Alexandria,0,2667,3751.0
Alexandria_y2020.tif,141,0.0,0.015744680851063828,Alexandria,1,2669,3751.0
Alexandria_y2020.tif,260,0.0,0.019788461538461536,Alexandria,1,2677,3751.0
Alexandria_y2020.tif,384,0.0,0.021041666666666663,Alexandria,0,2650,3751.0
Alexandria_y2020.tif,409,0.0,0.023985330073349635,Alexandria,0,2665,3751.0
Alexandria_y2020.tif,415,0.0,0.012228915662650603,Alexandria,0,2666,3751.0
Alexandria_y2020.tif,219,0.0,0.022945205479452058,Alexandria,0,2661,3751.0
Alexandria_y2020.tif,1300,0.0,0.04951923076923077,Alexandria,0,2683,3751.0
Alexandria_y2020.tif,21958,0.12378176518808634,0.06950837963384644,Alexandria,1,2846,3751.0
Alexandria_y2020.tif,4432,0.0,0.02703745487364621,Alexandria,0,2765,3751.0
Alexandria_y2020.tif,423,0.0,0.039373522458628844,Alexandria,1,2670,3751.0
Alexandria_y2020.tif,807,0.0,0.029888475836431228,Alexandria,0,2678,3751.0
Alexandria_y2020.tif,873,0.0,0.02093356242840779,Alexandria,0,2698,3751.0
Alexandria_y2020.tif,574,0.0,0.017465156794425084,Alexandria,0,2685,3751.0
Alexandria_y2020.tif,312,0.0,0.012660256410256409,Alexandria,0,2680,3751.0
Alexandria_y2020.tif,538,0.0,0.02487918215613383,Alexandria,1,2675,3751.0
Alexandria_y2020.tif,3155,0.0,0.03476545166402536,Alexandria,0,2725,3751.0
Alexandria_y2020.tif,856,0.0,0.019386682242990654,Alexandria,0,2687,3751.0
Alexandria_y2020.tif,3503,0.0,0.04828575506708536,Alexandria,0,2767,3751.0
Alexandria_y2020.tif,1882,0.0,0.03116099893730075,Alexandria,0,2707,3751.0
Alexandria_y2020.tif,6864,0.0,0.02448280885780886,Alexandria,0,2799,3751.0
Alexandria_y2020.tif,282,0.0,0.014875886524822695,Alexandria,0,2701,3751.0
Alexandria_y2020.tif,513,0.0,0.020662768031189088,Alexandria,1,2692,3751.0
Alexandria_y2020.tif,603,0.0,0.021592039800995024,Alexandria,1,2688,3751.0
Alexandria_y2020.tif,170,0.0,0.018647058823529412,Alexandria,1,2679,3751.0
Alexandria_y2020.tif,1568,0.0,0.02577168367346939,Alexandria,0,2726,3751.0
Alexandria_y2020.tif,362,0.0,0.028701657458563536,Alexandria,0,2711,3751.0
Alexandria_y2020.tif,653,0.0,0.017021439509954057,Alexandria,1,2716,3751.0
Alexandria_y2020.tif,154,0.0,0.02266233766233766,Alexandria,1,2708,3751.0
Alexandria_y2020.tif,164,0.0,0.02484756097560975,Alexandria,1,2718,3751.0
Alexandria_y2020.tif,250,0.0,0.015,Alexandria,0,2717,3751.0
Alexandria_y2020.tif,174,0.0,0.024568965517241376,Alexandria,1,2734,3751.0
Alexandria_y2020.tif,202,0.0,0.023613861386138617,Alexandria,0,2739,3751.0
Alexandria_y2020.tif,376,0.0,0.014428191489361704,Alexandria,0,2703,3751.0
Alexandria_y2020.tif,2197,0.0,0.026652253072371415,Alexandria,0,2728,3751.0
Alexandria_y2020.tif,268,0.0,0.014925373134328358,Alexandria,0,2715,3751.0
Alexandria_y2020.tif,480,0.0,0.017552083333333336,Alexandria,0,2706,3751.0
Alexandria_y2020.tif,487,0.0,0.013234086242299796,Alexandria,1,2724,3751.0
Alexandria_y2020.tif,327,0.0,0.015275229357798166,Alexandria,1,2720,3751.0
Alexandria_y2020.tif,909,0.0,0.014427942794279426,Alexandria,0,2757,3751.0
Alexandria_y2020.tif,347,0.0,0.0115850144092219,Alexandria,0,2733,3751.0
Alexandria_y2020.tif,241,0.0,0.012344398340248966,Alexandria,0,2727,3751.0
Alexandria_y2020.tif,1431,0.0,0.028245981830887494,Alexandria,1,2749,3751.0
Alexandria_y2020.tif,2392,0.0,0.012801003344481606,Alexandria,0,3137,3751.0
Alexandria_y2020.tif,334,0.0,0.0,Alexandria,1,2694,3751.0
Alexandria_y2020.tif,531,0.0,0.0,Alexandria,1,2695,3751.0
Alexandria_y2020.tif,1325,0.0,0.0,Alexandria,0,2768,3751.0
Alexandria_y2020.tif,2179,0.010555300596603947,0.043205598898577335,Alexandria,0,2790,3751.0
Alexandria_y2020.tif,492,0.0,0.025426829268292685,Alexandria,1,2699,3751.0
Alexandria_y2020.tif,883,0.0,0.0,Alexandria,0,2737,3751.0
Alexandria_y2020.tif,613,0.0,0.0,Alexandria,1,2740,3751.0
Alexandria_y2020.tif,782,0.0,0.0,Alexandria,1,2745,3751.0
Alexandria_y2020.tif,862,0.0,0.0,Alexandria,1,2754,3751.0
Alexandria_y2020.tif,4032,0.05282738095238095,0.07470362103174605,Alexandria,0,2816,3751.0
Alexandria_y2020.tif,999,0.0,0.030155155155155156,Alexandria,0,2751,3751.0
Alexandria_y2020.tif,458,0.0,0.0351528384279476,Alexandria,0,2761,3751.0
Alexandria_y2020.tif,1335,0.003745318352059925,0.08093632958801499,Alexandria,1,2769,3751.0
Alexandria_y2020.tif,514,0.0,0.08093385214007782,Alexandria,1,2729,3751.0
Alexandria_y2020.tif,874,0.0,0.024908466819221972,Alexandria,0,2815,3751.0
Alexandria_y2020.tif,1168,0.0,0.03875,Alexandria,0,2848,3751.0
Alexandria_y2020.tif,1085,0.0,0.05717511520737327,Alexandria,1,2856,3751.0
Alexandria_y2020.tif,107497,0.010195633366512554,0.02680953887085221,Alexandria,0,3047,3751.0
Alexandria_y2020.tif,704,0.0,0.037705965909090915,Alexandria,1,2870,3751.0
Alexandria_y2020.tif,1178,0.0,0.014244482173174873,Alexandria,0,2762,3751.0
Alexandria_y2020.tif,564,0.0,0.004636524822695036,Alexandria,0,2850,3751.0
Alexandria_y2020.tif,639,0.0,0.05639280125195618,Alexandria,1,2849,3751.0
Alexandria_y2020.tif,3302,0.0,0.0,Alexandria,0,2957,3751.0
Alexandria_y2020.tif,7121,0.0,0.0,Alexandria,0,2959,3751.0
Alexandria_y2020.tif,1581,0.0,0.018731815306767867,Alexandria,1,2934,3751.0
Alexandria_y2020.tif,2763,0.0014477017734346724,0.03636445892146218,Alexandria,0,2996,3751.0
Alexandria_y2020.tif,921,0.0,0.03146036916395223,Alexandria,0,2904,3751.0
Alexandria_y2020.tif,549,0.0,0.03801457194899818,Alexandria,1,2868,3751.0
Alexandria_y2020.tif,570,0.0,0.0373421052631579,Alexandria,1,2902,3751.0
Alexandria_y2020.tif,481,0.0,0.05801455301455302,Alexandria,1,2909,3751.0
Alexandria_y2020.tif,904,0.0,0.045210176991150444,Alexandria,0,2916,3751.0
Alexandria_y2020.tif,999,0.0,0.09332332332332331,Alexandria,1,2951,3751.0
Alexandria_y2020.tif,1014,0.0,0.041750493096646954,Alexandria,0,2964,3751.0
Alexandria_y2020.tif,585,0.0,0.10520512820512821,Alexandria,1,2974,3751.0
Alexandria_y2020.tif,638,0.04075235109717868,0.1261520376175549,Alexandria,1,2984,3751.0
Alexandria_y2020.tif,636,0.0,0.046949685534591196,Alexandria,1,3010,3751.0
Alexandria_y2020.tif,2949,0.0,0.006570023736859954,Alexandria,0,3024,3751.0
Alexandria_y2020.tif,685,0.0,0.0,Alexandria,1,3007,3751.0
Alexandria_y2020.tif,75,0.0,0.0,Alexandria,1,3034,3751.0
Alexandria_y2020.tif,691,0.0,0.0,Alexandria,1,3029,3751.0
Alexandria_y2020.tif,5086,0.0,0.021809870232009438,Alexandria,0,2793,3751.0
Alexandria_y2020.tif,2017,0.0,0.018862171541893902,Alexandria,0,2771,3751.0
Alexandria_y2020.tif,1391,0.0,0.023206326383896476,Alexandria,0,2764,3751.0
Alexandria_y2020.tif,596,0.0,0.019521812080536913,Alexandria,0,2777,3751.0
Alexandria_y2020.tif,428,0.0,0.021588785046728967,Alexandria,0,2792,3751.0
Alexandria_y2020.tif,255,0.0,0.015823529411764705,Alexandria,1,2789,3751.0
Alexandria_y2020.tif,367,0.0,0.019659400544959127,Alexandria,0,2797,3751.0
Alexandria_y2020.tif,294,0.0,0.015170068027210885,Alexandria,0,2795,3751.0
Alexandria_y2020.tif,549,0.0,0.014253187613843352,Alexandria,0,2807,3751.0
Alexandria_y2020.tif,1608,0.0,0.018389303482587063,Alexandria,0,2832,3751.0
Alexandria_y2020.tif,285,0.0,0.025333333333333333,Alexandria,0,2741,3751.0
Alexandria_y2020.tif,234,0.0,0.013034188034188035,Alexandria,0,2743,3751.0
Alexandria_y2020.tif,308,0.0,0.013555194805194805,Alexandria,0,2736,3751.0
Alexandria_y2020.tif,3744,0.0,0.019165331196581196,Alexandria,0,2787,3751.0
Alexandria_y2020.tif,298,0.0,0.019916107382550334,Alexandria,0,2752,3751.0
Alexandria_y2020.tif,231,0.0,0.014978354978354974,Alexandria,0,2742,3751.0
Alexandria_y2020.tif,716,0.0,0.013931564245810059,Alexandria,0,2766,3751.0
Alexandria_y2020.tif,5740,0.0,0.018109756097560978,Alexandria,0,2833,3751.0
Alexandria_y2020.tif,179,0.0,0.014217877094972067,Alexandria,0,2758,3751.0
Alexandria_y2020.tif,507,0.0,0.015956607495069032,Alexandria,0,2755,3751.0
Alexandria_y2020.tif,193,0.0,0.015388601036269428,Alexandria,0,2775,3751.0
Alexandria_y2020.tif,438,0.0,0.018824200913242002,Alexandria,1,2773,3751.0
Alexandria_y2020.tif,597,0.0,0.02195142378559464,Alexandria,1,2780,3751.0
Alexandria_y2020.tif,354,0.0,0.016709039548022598,Alexandria,0,2779,3751.0
Alexandria_y2020.tif,6334,0.0,0.03047758130723082,Alexandria,0,2828,3751.0
Alexandria_y2020.tif,682,0.0,0.018563049853372433,Alexandria,1,2774,3751.0
Alexandria_y2020.tif,454,0.0,0.02,Alexandria,1,2778,3751.0
Alexandria_y2020.tif,2233,0.0,0.0198320644872369,Alexandria,0,2811,3751.0
Alexandria_y2020.tif,340,0.0,0.017058823529411765,Alexandria,0,2785,3751.0
Alexandria_y2020.tif,406,0.0,0.031083743842364533,Alexandria,0,2794,3751.0
Alexandria_y2020.tif,254,0.0,0.021220472440944882,Alexandria,1,2753,3751.0
Alexandria_y2020.tif,339,0.0,0.016327433628318583,Alexandria,1,2732,3751.0
Alexandria_y2020.tif,178,0.0,0.018792134831460673,Alexandria,1,2759,3751.0
Alexandria_y2020.tif,307,0.0,0.019087947882736156,Alexandria,0,2763,3751.0
Alexandria_y2020.tif,440,0.0,0.014022727272727275,Alexandria,1,2770,3751.0
Alexandria_y2020.tif,207,0.0,0.016014492753623186,Alexandria,0,2786,3751.0
Alexandria_y2020.tif,256,0.0,0.01802734375,Alexandria,0,2791,3751.0
Alexandria_y2020.tif,609,0.0,0.013587848932676519,Alexandria,0,2825,3751.0
Alexandria_y2020.tif,396,0.0,0.015252525252525255,Alexandria,0,2802,3751.0
Alexandria_y2020.tif,148,0.0,0.011418918918918919,Alexandria,0,2806,3751.0
Alexandria_y2020.tif,306,0.0,0.012434640522875816,Alexandria,0,2796,3751.0
Alexandria_y2020.tif,547,0.0,0.014689213893967093,Alexandria,1,2800,3751.0
Alexandria_y2020.tif,761,0.0,0.026241787122207625,Alexandria,0,2810,3751.0
Alexandria_y2020.tif,3641,0.0,0.013386432298819006,Alexandria,0,2834,3751.0
Alexandria_y2020.tif,920,0.0,0.01731521739130435,Alexandria,0,2817,3751.0
Alexandria_y2020.tif,1570,0.0,0.01845222929936306,Alexandria,0,2839,3751.0
Alexandria_y2020.tif,362,0.0,0.018425414364640885,Alexandria,0,2813,3751.0
Alexandria_y2020.tif,416,0.0,0.012812500000000001,Alexandria,0,2808,3751.0
Alexandria_y2020.tif,194,0.0,0.03512886597938145,Alexandria,0,2804,3751.0
Alexandria_y2020.tif,1425,0.0,0.027392982456140354,Alexandria,0,2857,3751.0
Alexandria_y2020.tif,1019,0.0,0.014931305201177626,Alexandria,1,2812,3751.0
Alexandria_y2020.tif,566,0.0,0.022950530035335686,Alexandria,0,2820,3751.0
Alexandria_y2020.tif,448,0.0,0.017578125,Alexandria,0,2819,3751.0
Alexandria_y2020.tif,3097,0.0,0.02405069422021311,Alexandria,0,2885,3751.0
Alexandria_y2020.tif,294,0.0,0.025272108843537415,Alexandria,1,2838,3751.0
Alexandria_y2020.tif,300,0.0,0.011783333333333333,Alexandria,0,2830,3751.0
Alexandria_y2020.tif,274,0.0,0.021751824817518247,Alexandria,0,2829,3751.0
Alexandria_y2020.tif,294,0.0,0.0220578231292517,Alexandria,1,2837,3751.0
Alexandria_y2020.tif,299,0.0,0.02710702341137124,Alexandria,0,2842,3751.0
Alexandria_y2020.tif,240,0.0,0.022270833333333337,Alexandria,0,2844,3751.0
Alexandria_y2020.tif,350,0.0,0.012871428571428568,Alexandria,1,2827,3751.0
Alexandria_y2020.tif,240,0.0,0.014062500000000002,Alexandria,1,2826,3751.0
Alexandria_y2020.tif,196,0.0,0.017117346938775507,Alexandria,0,2823,3751.0
Alexandria_y2020.tif,1732,0.0,0.02567263279445728,Alexandria,0,2818,3751.0
Alexandria_y2020.tif,572,0.0,0.019073426573426575,Alexandria,0,2814,3751.0
Alexandria_y2020.tif,1772,0.0,0.013761286681715576,Alexandria,0,2809,3751.0
Alexandria_y2020.tif,481,0.0,0.02982328482328483,Alexandria,0,2824,3751.0
Alexandria_y2020.tif,421,0.0,0.016235154394299286,Alexandria,1,2831,3751.0
Alexandria_y2020.tif,2054,0.0,0.018924050632911395,Alexandria,0,2875,3751.0
Alexandria_y2020.tif,555,0.0,0.016666666666666666,Alexandria,0,2840,3751.0
Alexandria_y2020.tif,919,0.0,0.023607181719260066,Alexandria,0,2861,3751.0
Alexandria_y2020.tif,827,0.0,0.021729141475211607,Alexandria,0,2841,3751.0
Alexandria_y2020.tif,1317,0.0,0.01657555049354594,Alexandria,0,2888,3751.0
Alexandria_y2020.tif,319,0.0,0.02221003134796238,Alexandria,1,2855,3751.0
Alexandria_y2020.tif,275,0.0,0.02265454545454545,Alexandria,0,2853,3751.0
Alexandria_y2020.tif,191,0.0,0.014214659685863874,Alexandria,0,2847,3751.0
Alexandria_y2020.tif,1173,0.0,0.017617220801364023,Alexandria,0,2858,3751.0
Alexandria_y2020.tif,305,0.0,0.01963934426229508,Alexandria,1,2843,3751.0
Alexandria_y2020.tif,871,0.0,0.026027554535017223,Alexandria,0,2871,3751.0
Alexandria_y2020.tif,476,0.0,0.013035714285714286,Alexandria,0,2869,3751.0
Alexandria_y2020.tif,365,0.0,0.02024657534246575,Alexandria,1,2865,3751.0
Alexandria_y2020.tif,258,0.0,0.02003875968992248,Alexandria,0,2863,3751.0
Alexandria_y2020.tif,416,0.0,0.015637019230769232,Alexandria,0,2854,3751.0
Alexandria_y2020.tif,257,0.0,0.023365758754863818,Alexandria,0,2862,3751.0
Alexandria_y2020.tif,295,0.0,0.013084745762711866,Alexandria,0,2864,3751.0
Alexandria_y2020.tif,338,0.0,0.01952662721893491,Alexandria,1,2867,3751.0
Alexandria_y2020.tif,1151,0.0,0.02527367506516073,Alexandria,0,2898,3751.0
Alexandria_y2020.tif,315,0.0,0.05968253968253967,Alexandria,0,2872,3751.0
Alexandria_y2020.tif,460,0.0,0.017847826086956523,Alexandria,1,2882,3751.0
Alexandria_y2020.tif,493,0.0,0.018671399594320483,Alexandria,0,2883,3751.0
Alexandria_y2020.tif,295,0.0,0.018,Alexandria,1,2878,3751.0
Alexandria_y2020.tif,196,0.0,0.011683673469387751,Alexandria,0,2874,3751.0
Alexandria_y2020.tif,187,0.0,0.013021390374331551,Alexandria,1,2879,3751.0
Alexandria_y2020.tif,851,0.0,0.05146298472385429,Alexandria,0,2899,3751.0
Alexandria_y2020.tif,791,0.0,0.022402022756005054,Alexandria,0,2859,3751.0
Alexandria_y2020.tif,393,0.0,0.018231552162849874,Alexandria,1,2891,3751.0
Alexandria_y2020.tif,554,0.0,0.020370036101083032,Alexandria,1,2896,3751.0
Alexandria_y2020.tif,2000,0.0,0.020340000000000004,Alexandria,0,2908,3751.0
Alexandria_y2020.tif,279,0.0,0.01827956989247312,Alexandria,0,2889,3751.0
Alexandria_y2020.tif,617,0.0,0.015640194489465156,Alexandria,0,2886,3751.0
Alexandria_y2020.tif,373,0.0,0.013284182305630027,Alexandria,0,2892,3751.0
Alexandria_y2020.tif,287,0.0,0.01592334494773519,Alexandria,0,2895,3751.0
Alexandria_y2020.tif,401,0.0,0.018266832917705735,Alexandria,0,2903,3751.0
Alexandria_y2020.tif,821,0.0,0.0170462850182704,Alexandria,0,2884,3751.0
Alexandria_y2020.tif,641,0.0,0.017776911076443056,Alexandria,0,2873,3751.0
Alexandria_y2020.tif,3860,0.017875647668393783,0.04286269430051814,Alexandria,0,2947,3751.0
Alexandria_y2020.tif,704,0.0,0.021967329545454547,Alexandria,0,2897,3751.0
Alexandria_y2020.tif,499,0.0,0.02,Alexandria,0,2880,3751.0
Alexandria_y2020.tif,1281,0.0,0.023657298985167836,Alexandria,0,2912,3751.0
Alexandria_y2020.tif,826,0.0,0.02062953995157385,Alexandria,0,2906,3751.0
Alexandria_y2020.tif,990,0.0,0.020873737373737374,Alexandria,0,2890,3751.0
Alexandria_y2020.tif,358,0.0,0.019818435754189942,Alexandria,0,2913,3751.0
Alexandria_y2020.tif,3517,0.0,0.022455217514927496,Alexandria,0,2978,3751.0
Alexandria_y2020.tif,1304,0.0,0.025947085889570547,Alexandria,0,2920,3751.0
Alexandria_y2020.tif,437,0.0,0.014416475972540047,Alexandria,0,2905,3751.0
Alexandria_y2020.tif,286,0.0,0.01777972027972028,Alexandria,0,2900,3751.0
Alexandria_y2020.tif,356,0.0,0.019297752808988763,Alexandria,1,2907,3751.0
Alexandria_y2020.tif,405,0.0,0.01879012345679012,Alexandria,1,2917,3751.0
Alexandria_y2020.tif,581,0.0,0.040602409638554215,Alexandria,0,2915,3751.0
Alexandria_y2020.tif,1181,0.0,0.020977984758679083,Alexandria,0,2928,3751.0
Alexandria_y2020.tif,238,0.0,0.016848739495798314,Alexandria,1,2911,3751.0
Alexandria_y2020.tif,1113,0.0,0.0225381850853549,Alexandria,0,2940,3751.0
Alexandria_y2020.tif,378,0.0,0.018531746031746028,Alexandria,1,2926,3751.0
Alexandria_y2020.tif,500,0.0,0.017279999999999997,Alexandria,1,2923,3751.0
Alexandria_y2020.tif,247,0.0,0.016538461538461537,Alexandria,1,2918,3751.0
Alexandria_y2020.tif,767,0.0,0.022992177314211215,Alexandria,1,2921,3751.0
Alexandria_y2020.tif,360,0.0,0.01601388888888889,Alexandria,0,2930,3751.0
Alexandria_y2020.tif,1985,0.0,0.01918387909319899,Alexandria,0,2954,3751.0
Alexandria_y2020.tif,380,0.0,0.01568421052631579,Alexandria,1,2901,3751.0
Alexandria_y2020.tif,392,0.0,0.020561224489795915,Alexandria,1,2932,3751.0
Alexandria_y2020.tif,297,0.0,0.018989898989898987,Alexandria,0,2929,3751.0
Alexandria_y2020.tif,527,0.0,0.019013282732447817,Alexandria,0,2939,3751.0
Alexandria_y2020.tif,574,0.0,0.04250871080139373,Alexandria,0,2925,3751.0
Alexandria_y2020.tif,290,0.0,0.01796551724137931,Alexandria,0,2936,3751.0
Alexandria_y2020.tif,357,0.0,0.017002801120448177,Alexandria,1,2941,3751.0
Alexandria_y2020.tif,271,0.0,0.016273062730627303,Alexandria,1,2945,3751.0
Alexandria_y2020.tif,201,0.0,0.02196517412935323,Alexandria,0,2942,3751.0
Alexandria_y2020.tif,360,0.0,0.01659722222222222,Alexandria,1,2949,3751.0
Alexandria_y2020.tif,387,0.0,0.016666666666666666,Alexandria,1,2948,3751.0
Alexandria_y2020.tif,347,0.0,0.019106628242074927,Alexandria,0,2943,3751.0
Alexandria_y2020.tif,673,0.0,0.01814264487369985,Alexandria,0,2955,3751.0
Alexandria_y2020.tif,1204,0.0,0.027715946843853825,Alexandria,0,2965,3751.0
Alexandria_y2020.tif,267,0.0,0.016722846441947565,Alexandria,0,2952,3751.0
Alexandria_y2020.tif,361,0.0,0.017368421052631578,Alexandria,0,2961,3751.0
Alexandria_y2020.tif,394,0.0,0.01980964467005076,Alexandria,0,2958,3751.0
Alexandria_y2020.tif,566,0.0,0.015874558303886926,Alexandria,1,2944,3751.0
Alexandria_y2020.tif,6371,0.0,0.015977083660335897,Alexandria,0,3053,3751.0
Alexandria_y2020.tif,375,0.0,0.018506666666666664,Alexandria,1,2967,3751.0
Alexandria_y2020.tif,382,0.0,0.020196335078534026,Alexandria,1,2970,3751.0
Alexandria_y2020.tif,353,0.0,0.017011331444759206,Alexandria,0,2960,3751.0
Alexandria_y2020.tif,250,0.0,0.019940000000000003,Alexandria,0,2962,3751.0
Alexandria_y2020.tif,1223,0.0,0.017489779231398203,Alexandria,0,2986,3751.0
Alexandria_y2020.tif,353,0.0,0.016288951841359773,Alexandria,0,2973,3751.0
Alexandria_y2020.tif,335,0.0,0.022417910447761192,Alexandria,1,2977,3751.0
Alexandria_y2020.tif,422,0.0,0.018151658767772513,Alexandria,0,2976,3751.0
Alexandria_y2020.tif,367,0.0,0.018950953678474113,Alexandria,0,2979,3751.0
Alexandria_y2020.tif,478,0.0,0.01608786610878661,Alexandria,0,2980,3751.0
Alexandria_y2020.tif,1350,0.0,0.020540740740740738,Alexandria,0,2995,3751.0
Alexandria_y2020.tif,348,0.0,0.021695402298850572,Alexandria,1,2985,3751.0
Alexandria_y2020.tif,579,0.0,0.016096718480138168,Alexandria,1,2991,3751.0
Alexandria_y2020.tif,534,0.0,0.016320224719101124,Alexandria,0,2975,3751.0
Alexandria_y2020.tif,485,0.0,0.022268041237113404,Alexandria,0,2999,3751.0
Alexandria_y2020.tif,503,0.0,0.01665009940357853,Alexandria,1,2989,3751.0
Alexandria_y2020.tif,495,0.0,0.016,Alexandria,1,2981,3751.0
Alexandria_y2020.tif,361,0.0,0.019972299168975072,Alexandria,0,2993,3751.0
Alexandria_y2020.tif,334,0.0,0.01779940119760479,Alexandria,0,2997,3751.0
Alexandria_y2020.tif,242,0.0,0.01977272727272727,Alexandria,0,3005,3751.0
Alexandria_y2020.tif,1544,0.0,0.0161139896373057,Alexandria,0,3031,3751.0
Alexandria_y2020.tif,19230,0.0,0.016873894955798233,Alexandria,0,3120,3751.0
Alexandria_y2020.tif,417,0.0,0.013824940047961632,Alexandria,0,3014,3751.0
Alexandria_y2020.tif,425,0.0,0.014776470588235297,Alexandria,1,3012,3751.0
Alexandria_y2020.tif,400,0.0,0.027637500000000002,Alexandria,1,3011,3751.0
Alexandria_y2020.tif,314,0.0,0.01955414012738853,Alexandria,1,3016,3751.0
Alexandria_y2020.tif,1338,0.0,0.022862481315396112,Alexandria,0,2922,3751.0
Alexandria_y2020.tif,697,0.0,0.015494978479196557,Alexandria,0,2931,3751.0
Alexandria_y2020.tif,2316,0.0,0.014080310880829016,Alexandria,0,2966,3751.0
Alexandria_y2020.tif,576,0.0,0.01654513888888889,Alexandria,0,2935,3751.0
Alexandria_y2020.tif,6677,0.0,0.016423543507563275,Alexandria,0,2994,3751.0
Alexandria_y2020.tif,805,0.0,0.025515527950310563,Alexandria,1,2987,3751.0
Alexandria_y2020.tif,1707,0.0,0.029660222612770945,Alexandria,1,3004,3751.0
Alexandria_y2020.tif,2601,0.0,0.022516339869281046,Alexandria,0,3045,3751.0
Alexandria_y2020.tif,416,0.0,0.07868990384615385,Alexandria,1,3025,3751.0
Alexandria_y2020.tif,32514,0.0,0.015877006827828017,Alexandria,0,3139,3751.0
Alexandria_y2020.tif,516,0.0,0.020310077519379847,Alexandria,0,3027,3751.0
Alexandria_y2020.tif,499,0.0,0.02033066132264529,Alexandria,0,3042,3751.0
Alexandria_y2020.tif,454,0.0,0.01834801762114538,Alexandria,0,3026,3751.0
Alexandria_y2020.tif,196,0.0,0.02709183673469388,Alexandria,0,3019,3751.0
Alexandria_y2020.tif,482,0.0,0.021390041493775935,Alexandria,0,3035,3751.0
Alexandria_y2020.tif,1065,0.0,0.017051643192488267,Alexandria,0,3030,3751.0
Alexandria_y2020.tif,357,0.0,0.013179271708683474,Alexandria,1,3036,3751.0
Alexandria_y2020.tif,197,0.0,0.021294416243654815,Alexandria,1,3032,3751.0
Alexandria_y2020.tif,476,0.0,0.027510504201680677,Alexandria,0,3040,3751.0
Alexandria_y2020.tif,511,0.0,0.02159491193737769,Alexandria,1,3020,3751.0
Alexandria_y2020.tif,613,0.0,0.03412724306688417,Alexandria,1,3017,3751.0
Alexandria_y2020.tif,477,0.29979035639413,0.16030398322851153,Alexandria,1,3006,3751.0
Alexandria_y2020.tif,626,0.0,0.05159744408945688,Alexandria,0,3022,3751.0
Alexandria_y2020.tif,44023,0.038093723735320176,0.03518956000272585,Alexandria,0,3164,3751.0
Alexandria_y2020.tif,5033,0.12696205046691833,0.08086032187562091,Alexandria,0,3115,3751.0
Alexandria_y2020.tif,922,0.0,0.0324295010845987,Alexandria,0,3118,3751.0
Alexandria_y2020.tif,404,0.0,0.04686881188118812,Alexandria,0,3132,3751.0
Alexandria_y2020.tif,450,0.0,0.05522222222222223,Alexandria,0,3133,3751.0
Alexandria_y2020.tif,553,0.0,0.06089511754068715,Alexandria,1,3140,3751.0
Alexandria_y2020.tif,673,0.03714710252600297,0.08797176820208025,Alexandria,1,3142,3751.0
Alexandria_y2020.tif,1609,0.004972032318210068,0.038781852082038534,Alexandria,0,3068,3751.0
Alexandria_y2020.tif,487,0.0,0.0,Alexandria,1,3088,3751.0
Alexandria_y2020.tif,822,0.0,0.02045012165450122,Alexandria,0,3058,3751.0
Alexandria_y2020.tif,284,0.0,0.06850352112676056,Alexandria,1,3043,3751.0
Alexandria_y2020.tif,512,0.0,0.055458984375000006,Alexandria,1,3055,3751.0
Alexandria_y2020.tif,521,0.0,0.03666026871401152,Alexandria,1,3067,3751.0
Alexandria_y2020.tif,279,0.0,0.028799283154121863,Alexandria,1,3048,3751.0
Alexandria_y2020.tif,487,0.0,0.0599075975359343,Alexandria,1,3070,3751.0
Alexandria_y2020.tif,1532,0.0,0.03393276762402089,Alexandria,0,3095,3751.0
Alexandria_y2020.tif,9478,0.10487444608567208,0.06080607723148343,Alexandria,0,3170,3751.0
Alexandria_y2020.tif,304,0.0,0.046891447368421046,Alexandria,1,3078,3751.0
Alexandria_y2020.tif,331,0.0,0.028338368580060426,Alexandria,1,3082,3751.0
Alexandria_y2020.tif,408,0.0,0.0,Alexandria,1,3102,3751.0
Alexandria_y2020.tif,321,0.0,0.06098130841121496,Alexandria,1,3086,3751.0
Alexandria_y2020.tif,6123,0.0,0.024230769230769233,Alexandria,0,3262,3751.0
Alexandria_y2020.tif,585,0.0,0.030427350427350435,Alexandria,1,3099,3751.0
Alexandria_y2020.tif,513,0.0,0.032884990253411316,Alexandria,1,3085,3751.0
Alexandria_y2020.tif,592,0.0,0.01833614864864865,Alexandria,0,3112,3751.0
Alexandria_y2020.tif,17950,0.0,0.01905013927576602,Alexandria,0,3200,3751.0
Alexandria_y2020.tif,359,0.0,0.055752089136490254,Alexandria,1,3100,3751.0
Alexandria_y2020.tif,719,0.0,0.03319193324061196,Alexandria,1,3113,3751.0
Alexandria_y2020.tif,323,0.0,0.032739938080495364,Alexandria,1,3101,3751.0
Alexandria_y2020.tif,743,0.0,0.02708613728129206,Alexandria,1,3134,3751.0
Alexandria_y2020.tif,11412,0.0,0.006068173852085524,Alexandria,0,3182,3751.0
Alexandria_y2020.tif,240,0.0,0.0,Alexandria,1,3149,3751.0
Alexandria_y2020.tif,75,0.0,0.0,Alexandria,1,3153,3751.0
Alexandria_y2020.tif,627,0.0,0.0,Alexandria,0,3157,3751.0
Alexandria_y2020.tif,518,0.0,0.0,Alexandria,0,3163,3751.0
Alexandria_y2020.tif,522,0.0,0.0,Alexandria,1,3178,3751.0
Alexandria_y2020.tif,955,0.0,0.03565445026178011,Alexandria,1,3165,3751.0
Alexandria_y2020.tif,305,0.0,0.020704918032786884,Alexandria,1,3166,3751.0
Alexandria_y2020.tif,382,0.0,0.026269633507853402,Alexandria,1,3173,3751.0
Alexandria_y2020.tif,877,0.0,0.03048460661345497,Alexandria,1,3168,3751.0
Alexandria_y2020.tif,510,0.0,0.08080392156862745,Alexandria,1,3180,3751.0
Alexandria_y2020.tif,418,0.0,0.03107655502392345,Alexandria,1,3177,3751.0
Alexandria_y2020.tif,484,0.0,0.07353305785123967,Alexandria,1,3191,3751.0
Alexandria_y2020.tif,214,0.0,0.03095794392523365,Alexandria,1,3189,3751.0
Alexandria_y2020.tif,463,0.0021598272138228943,0.09647948164146869,Alexandria,1,3195,3751.0
Alexandria_y2020.tif,557,0.3357271095152603,0.1920915619389587,Alexandria,1,3188,3751.0
Alexandria_y2020.tif,696,0.0,0.03333333333333333,Alexandria,0,3127,3751.0
Alexandria_y2020.tif,516,0.0,0.019156976744186045,Alexandria,1,3147,3751.0
Alexandria_y2020.tif,438,0.0,0.05868721461187215,Alexandria,0,3151,3751.0
Alexandria_y2020.tif,848,0.02122641509433962,0.09768867924528302,Alexandria,1,3145,3751.0
Alexandria_y2020.tif,325,0.0,0.019876923076923073,Alexandria,0,3158,3751.0
Alexandria_y2020.tif,858,0.005827505827505828,0.04139277389277389,Alexandria,0,3185,3751.0
Alexandria_y2020.tif,438,0.01141552511415525,0.0457648401826484,Alexandria,0,3193,3751.0
Alexandria_y2020.tif,604,0.0,0.02145695364238411,Alexandria,0,3186,3751.0
Alexandria_y2020.tif,798,0.0,0.025338345864661656,Alexandria,1,3208,3751.0
Alexandria_y2020.tif,3546,0.0,0.020525944726452347,Alexandria,0,3230,3751.0
Alexandria_y2020.tif,284,0.01056338028169014,0.09816901408450704,Alexandria,1,3203,3751.0
Alexandria_y2020.tif,284,0.0,0.03227112676056338,Alexandria,1,3205,3751.0
Alexandria_y2020.tif,753,0.0,0.04395086321381142,Alexandria,1,3216,3751.0
Alexandria_y2020.tif,284,0.0,0.03373239436619719,Alexandria,1,3196,3751.0
Alexandria_y2020.tif,905,0.0,0.03260220994475139,Alexandria,1,3210,3751.0
Alexandria_y2020.tif,309,0.0,0.11048543689320389,Alexandria,1,3206,3751.0
Alexandria_y2020.tif,489,0.0,0.04213701431492843,Alexandria,1,3211,3751.0
Alexandria_y2020.tif,685,0.0,0.040970802919708026,Alexandria,1,3218,3751.0
Alexandria_y2020.tif,562,0.0,0.03886120996441281,Alexandria,1,3221,3751.0
Alexandria_y2020.tif,402,0.0,0.09950248756218906,Alexandria,1,3220,3751.0
Alexandria_y2020.tif,24897,0.012451299353335743,0.039763425312286625,Alexandria,0,3327,3751.0
Alexandria_y2020.tif,914,0.0010940919037199124,0.07905908096280088,Alexandria,1,3231,3751.0
Alexandria_y2020.tif,365,0.10684931506849316,0.1435068493150685,Alexandria,1,3217,3751.0
Alexandria_y2020.tif,275,0.04,0.09990909090909092,Alexandria,1,3252,3751.0
Alexandria_y2020.tif,309,0.0,0.07524271844660194,Alexandria,1,3229,3751.0
Alexandria_y2020.tif,648,0.0,0.027013888888888893,Alexandria,1,3232,3751.0
Alexandria_y2020.tif,289,0.0,0.07339100346020762,Alexandria,1,3235,3751.0
Alexandria_y2020.tif,310,0.0,0.04701612903225806,Alexandria,1,3228,3751.0
Alexandria_y2020.tif,798,0.0,0.05127192982456141,Alexandria,1,3248,3751.0
Alexandria_y2020.tif,396,0.0,0.025833333333333333,Alexandria,1,3242,3751.0
Alexandria_y2020.tif,380,0.0,0.05119736842105263,Alexandria,1,3240,3751.0
Alexandria_y2020.tif,555,0.0,0.11527027027027026,Alexandria,1,3234,3751.0
Alexandria_y2020.tif,664,0.0,0.03283885542168675,Alexandria,1,3243,3751.0
Alexandria_y2020.tif,806,0.0,0.0501302729528536,Alexandria,0,3249,3751.0
Alexandria_y2020.tif,611,0.07201309328968904,0.15031096563011456,Alexandria,1,3254,3751.0
Alexandria_y2020.tif,528,0.0,0.019943181818181818,Alexandria,0,3250,3751.0
Alexandria_y2020.tif,2372,0.0,0.02938026981450253,Alexandria,0,3273,3751.0
Alexandria_y2020.tif,447,0.0,0.0185234899328859,Alexandria,0,3258,3751.0
Alexandria_y2020.tif,940,0.0,0.018515957446808513,Alexandria,0,3271,3751.0
Alexandria_y2020.tif,403,0.007444168734491315,0.1055955334987593,Alexandria,1,3269,3751.0
Alexandria_y2020.tif,9874,0.058942677739517925,0.04913965971237594,Alexandria,0,3260,3751.0
Alexandria_y2020.tif,1997,0.0030045067601402104,0.03560590886329494,Alexandria,0,3274,3751.0
Alexandria_y2020.tif,7092,0.0021150592216582064,0.0334397913141568,Alexandria,0,3304,3751.0
Alexandria_y2020.tif,4482,0.0,0.02712739848282017,Alexandria,0,3302,3751.0
Alexandria_y2020.tif,737,0.0,0.05270691994572591,Alexandria,0,3244,3751.0
Alexandria_y2020.tif,2691,0.0,0.026187290969899666,Alexandria,0,3289,3751.0
Alexandria_y2020.tif,5283,0.0024607230740109785,0.021307968957031992,Alexandria,0,3339,3751.0
Alexandria_y2020.tif,2748,0.001455604075691412,0.03344068413391558,Alexandria,0,3288,3751.0
Alexandria_y2020.tif,4260,0.0,0.024217136150234745,Alexandria,0,3338,3751.0
Alexandria_y2020.tif,18335,5.45404963185165e-05,0.0203899645486774,Alexandria,0,3416,3751.0
Alexandria_y2020.tif,617,0.0,0.0,Alexandria,1,3199,3751.0
Alexandria_y2020.tif,929,0.0,0.0,Alexandria,1,3202,3751.0
Alexandria_y2020.tif,322,0.0,0.0,Alexandria,1,3212,3751.0
Alexandria_y2020.tif,890,0.0,0.0,Alexandria,0,3224,3751.0
Alexandria_y2020.tif,820,0.0,0.0,Alexandria,1,3236,3751.0
Alexandria_y2020.tif,519,0.0,0.0,Alexandria,0,3257,3751.0
Alexandria_y2020.tif,637,0.0,0.0,Alexandria,1,3253,3751.0
Alexandria_y2020.tif,584,0.0,0.0,Alexandria,1,3267,3751.0
Alexandria_y2020.tif,1999,0.0,0.0,Alexandria,0,3484,3751.0
Alexandria_y2020.tif,207,0.0,0.01893719806763285,Alexandria,0,3286,3751.0
Alexandria_y2020.tif,428,0.0,0.017897196261682246,Alexandria,0,3285,3751.0
Alexandria_y2020.tif,260,0.0,0.034019230769230774,Alexandria,0,3297,3751.0
Alexandria_y2020.tif,477,0.0,0.01749475890985325,Alexandria,0,3294,3751.0
Alexandria_y2020.tif,1178,0.003395585738539898,0.06871816638370119,Alexandria,0,3323,3751.0
Alexandria_y2020.tif,287,0.0,0.014756097560975607,Alexandria,0,3299,3751.0
Alexandria_y2020.tif,216,0.0,0.021666666666666664,Alexandria,1,3296,3751.0
Alexandria_y2020.tif,1306,0.0,0.033055130168453295,Alexandria,0,3310,3751.0
Alexandria_y2020.tif,677,0.0,0.013641063515509602,Alexandria,0,3312,3751.0
Alexandria_y2020.tif,438,0.0,0.01591324200913242,Alexandria,0,3306,3751.0
Alexandria_y2020.tif,588,0.0,0.017984693877551017,Alexandria,0,3300,3751.0
Alexandria_y2020.tif,1319,0.0,0.04901819560272934,Alexandria,0,3328,3751.0
Alexandria_y2020.tif,204,0.0,0.018063725490196077,Alexandria,1,3305,3751.0
Alexandria_y2020.tif,336,0.0,0.015952380952380954,Alexandria,1,3315,3751.0
Alexandria_y2020.tif,444,0.0,0.017770270270270273,Alexandria,0,3307,3751.0
Alexandria_y2020.tif,196,0.0,0.045,Alexandria,1,3309,3751.0
Alexandria_y2020.tif,203,0.0,0.020886699507389164,Alexandria,1,3313,3751.0
Alexandria_y2020.tif,586,0.0,0.028216723549488055,Alexandria,0,3314,3751.0
Alexandria_y2020.tif,356,0.0,0.016151685393258428,Alexandria,0,3308,3751.0
Alexandria_y2020.tif,204,0.0,0.018308823529411763,Alexandria,1,3320,3751.0
Alexandria_y2020.tif,1300,0.0,0.0,Alexandria,1,3281,3751.0
Alexandria_y2020.tif,967,0.0,0.0,Alexandria,1,3298,3751.0
Alexandria_y2020.tif,1008,0.0,0.0,Alexandria,0,3287,3751.0
Alexandria_y2020.tif,958,0.0,0.0,Alexandria,1,3290,3751.0
Alexandria_y2020.tif,1397,0.0,0.0,Alexandria,0,3321,3751.0
Alexandria_y2020.tif,1080,0.0,0.0,Alexandria,1,3319,3751.0
Alexandria_y2020.tif,2,0.0,0.0,Alexandria,0,3342,3751.0
Alexandria_y2020.tif,996,0.0,0.0,Alexandria,1,3350,3751.0
Alexandria_y2020.tif,928,0.0,0.0,Alexandria,1,3347,3751.0
Alexandria_y2020.tif,452,0.0,0.0,Alexandria,1,3363,3751.0
Alexandria_y2020.tif,1650,0.0,0.017884848484848486,Alexandria,0,3063,3751.0
Alexandria_y2020.tif,374,0.0,0.014318181818181817,Alexandria,0,3051,3751.0
Alexandria_y2020.tif,465,0.0,0.01221505376344086,Alexandria,0,3050,3751.0
Alexandria_y2020.tif,350,0.0,0.020028571428571427,Alexandria,1,3057,3751.0
Alexandria_y2020.tif,498,0.0,0.016576305220883537,Alexandria,0,3062,3751.0
Alexandria_y2020.tif,1266,0.0,0.019644549763033172,Alexandria,0,3052,3751.0
Alexandria_y2020.tif,1684,0.0,0.019171615201900236,Alexandria,0,3091,3751.0
Alexandria_y2020.tif,331,0.0,0.013610271903323262,Alexandria,0,3071,3751.0
Alexandria_y2020.tif,366,0.0,0.01913934426229508,Alexandria,0,3075,3751.0
Alexandria_y2020.tif,250,0.0,0.012320000000000001,Alexandria,1,3074,3751.0
Alexandria_y2020.tif,523,0.0,0.01148183556405354,Alexandria,0,3094,3751.0
Alexandria_y2020.tif,298,0.0,0.018120805369127517,Alexandria,0,3092,3751.0
Alexandria_y2020.tif,317,0.0,0.0155205047318612,Alexandria,0,3093,3751.0
Alexandria_y2020.tif,384,0.0,0.014583333333333335,Alexandria,0,3096,3751.0
Alexandria_y2020.tif,584,0.0,0.019965753424657534,Alexandria,1,3098,3751.0
Alexandria_y2020.tif,571,0.0,0.01640980735551664,Alexandria,0,3107,3751.0
Alexandria_y2020.tif,951,0.0,0.014290220820189279,Alexandria,0,3131,3751.0
Alexandria_y2020.tif,360,0.0,0.015319444444444443,Alexandria,0,3104,3751.0
Alexandria_y2020.tif,667,0.0,0.01859070464767616,Alexandria,0,3116,3751.0
Alexandria_y2020.tif,374,0.0,0.015561497326203209,Alexandria,0,3119,3751.0
Alexandria_y2020.tif,238,0.0,0.01600840336134454,Alexandria,1,3111,3751.0
Alexandria_y2020.tif,465,0.0,0.013666666666666669,Alexandria,0,3125,3751.0
Alexandria_y2020.tif,398,0.0,0.01721105527638191,Alexandria,1,3126,3751.0
Alexandria_y2020.tif,1184,0.0,0.02085304054054054,Alexandria,0,3138,3751.0
Alexandria_y2020.tif,1033,0.0,0.024419167473378512,Alexandria,0,3124,3751.0
Alexandria_y2020.tif,575,0.0,0.01193913043478261,Alexandria,0,3148,3751.0
Alexandria_y2020.tif,872,0.0,0.01595183486238532,Alexandria,0,3152,3751.0
Alexandria_y2020.tif,902,0.0,0.02041019955654102,Alexandria,0,3144,3751.0
Alexandria_y2020.tif,5839,0.0,0.017475595136153453,Alexandria,0,3227,3751.0
Alexandria_y2020.tif,549,0.0,0.012340619307832422,Alexandria,0,3156,3751.0
Alexandria_y2020.tif,435,0.0,0.012160919540229883,Alexandria,1,3128,3751.0
Alexandria_y2020.tif,422,0.0,0.03541469194312796,Alexandria,1,3109,3751.0
Alexandria_y2020.tif,383,0.0,0.034699738903394256,Alexandria,1,3136,3751.0
Alexandria_y2020.tif,902,0.0,0.029129711751662977,Alexandria,1,3146,3751.0
Alexandria_y2020.tif,742,0.0,0.03782345013477089,Alexandria,1,3121,3751.0
Alexandria_y2020.tif,395,0.0,0.0359746835443038,Alexandria,1,3129,3751.0
Alexandria_y2020.tif,567,0.0,0.03847442680776014,Alexandria,1,3154,3751.0
Alexandria_y2020.tif,700,0.0,0.03660714285714286,Alexandria,1,3159,3751.0
Alexandria_y2020.tif,1595,0.0,0.024724137931034486,Alexandria,1,3214,3751.0
Alexandria_y2020.tif,2507,0.0,0.016924611088950936,Alexandria,0,3194,3751.0
Alexandria_y2020.tif,758,0.0,0.01872031662269129,Alexandria,0,3167,3751.0
Alexandria_y2020.tif,892,0.0,0.02781390134529148,Alexandria,0,3162,3751.0
Alexandria_y2020.tif,776,0.0,0.018460051546391753,Alexandria,0,3172,3751.0
Alexandria_y2020.tif,385,0.0,0.024714285714285716,Alexandria,0,3171,3751.0
Alexandria_y2020.tif,409,0.0,0.021222493887530565,Alexandria,0,3174,3751.0
Alexandria_y2020.tif,1139,0.0,0.01738805970149254,Alexandria,1,3176,3751.0
Alexandria_y2020.tif,451,0.0,0.016729490022172947,Alexandria,0,3187,3751.0
Alexandria_y2020.tif,1063,0.0,0.021660395108184384,Alexandria,0,3190,3751.0
Alexandria_y2020.tif,363,0.0,0.018719008264462808,Alexandria,1,3179,3751.0
Alexandria_y2020.tif,1131,0.0,0.01927497789566755,Alexandria,0,3197,3751.0
Alexandria_y2020.tif,399,0.0,0.0156516290726817,Alexandria,0,3192,3751.0
Alexandria_y2020.tif,370,0.0,0.016621621621621622,Alexandria,0,3201,3751.0
Alexandria_y2020.tif,1094,0.0,0.01630255941499086,Alexandria,1,3209,3751.0
Alexandria_y2020.tif,392,0.0,0.019221938775510202,Alexandria,1,3198,3751.0
Alexandria_y2020.tif,296,0.0,0.018344594594594595,Alexandria,1,3207,3751.0
Alexandria_y2020.tif,892,0.0,0.0168609865470852,Alexandria,0,3213,3751.0
Alexandria_y2020.tif,527,0.0,0.018738140417457305,Alexandria,0,3215,3751.0
Alexandria_y2020.tif,980,0.0,0.02132142857142857,Alexandria,0,3226,3751.0
Alexandria_y2020.tif,428,0.0,0.013492990654205608,Alexandria,0,3222,3751.0
Alexandria_y2020.tif,1032,0.0,0.012848837209302327,Alexandria,0,3219,3751.0
Alexandria_y2020.tif,331,0.0,0.015483383685800607,Alexandria,0,3223,3751.0
Alexandria_y2020.tif,1048,0.0,0.02156965648854962,Alexandria,0,3239,3751.0
Alexandria_y2020.tif,399,0.0,0.02051378446115288,Alexandria,0,3225,3751.0
Alexandria_y2020.tif,776,0.0,0.01521262886597938,Alexandria,0,3233,3751.0
Alexandria_y2020.tif,344,0.0,0.014142441860465116,Alexandria,0,3238,3751.0
Alexandria_y2020.tif,1565,0.0,0.014405750798722045,Alexandria,0,3279,3751.0
Alexandria_y2020.tif,210,0.0,0.011476190476190475,Alexandria,0,3237,3751.0
Alexandria_y2020.tif,369,0.0,0.015216802168021681,Alexandria,1,3247,3751.0
Alexandria_y2020.tif,370,0.0,0.012864864864864864,Alexandria,0,3245,3751.0
Alexandria_y2020.tif,645,0.0,0.03010852713178295,Alexandria,0,3255,3751.0
Alexandria_y2020.tif,448,0.0,0.020111607142857146,Alexandria,0,3241,3751.0
Alexandria_y2020.tif,560,0.0,0.013767857142857144,Alexandria,1,3251,3751.0
Alexandria_y2020.tif,535,0.0,0.013327102803738318,Alexandria,0,3246,3751.0
Alexandria_y2020.tif,322,0.0,0.024099378881987578,Alexandria,0,3259,3751.0
Alexandria_y2020.tif,495,0.0,0.011565656565656566,Alexandria,0,3256,3751.0
Alexandria_y2020.tif,514,0.0,0.01916342412451362,Alexandria,0,3264,3751.0
Alexandria_y2020.tif,327,0.0,0.0154434250764526,Alexandria,0,3263,3751.0
Alexandria_y2020.tif,927,0.0,0.02059870550161812,Alexandria,0,3268,3751.0
Alexandria_y2020.tif,604,0.0,0.01498344370860927,Alexandria,0,3261,3751.0
Alexandria_y2020.tif,942,0.0,0.013943736730360937,Alexandria,0,3277,3751.0
Alexandria_y2020.tif,356,0.0,0.05585674157303371,Alexandria,0,3266,3751.0
Alexandria_y2020.tif,1021,0.0,0.03001958863858962,Alexandria,0,3265,3751.0
Alexandria_y2020.tif,295,0.0,0.01194915254237288,Alexandria,0,3276,3751.0
Alexandria_y2020.tif,459,0.0,0.016949891067538126,Alexandria,0,3272,3751.0
Alexandria_y2020.tif,13515,0.0,0.027351091379948213,Alexandria,0,3354,3751.0
Alexandria_y2020.tif,352,0.0,0.014488636363636365,Alexandria,0,3283,3751.0
Alexandria_y2020.tif,906,0.0,0.028278145695364243,Alexandria,1,3301,3751.0
Alexandria_y2020.tif,421,0.0,0.08950118764845608,Alexandria,0,3282,3751.0
Alexandria_y2020.tif,423,0.0,0.0191725768321513,Alexandria,0,3292,3751.0
Alexandria_y2020.tif,298,0.0,0.028724832214765097,Alexandria,0,3284,3751.0
Alexandria_y2020.tif,1165,0.0,0.04142918454935622,Alexandria,0,975,3751.0
Alexandria_y2020.tif,1701,0.3333333333333333,0.14651969429747208,Alexandria,0,990,3751.0
Alexandria_y2020.tif,746,0.0,0.08005361930294906,Alexandria,0,967,3751.0
Alexandria_y2020.tif,1311,0.060259344012204424,0.09884820747520977,Alexandria,0,1005,3751.0
Alexandria_y2020.tif,1986,0.9556898288016112,0.3093554884189325,Alexandria,0,1019,3751.0
Alexandria_y2020.tif,1083,0.7386888273314867,0.23465835641735922,Alexandria,0,1025,3751.0
Alexandria_y2020.tif,884,0.3585972850678733,0.19457579185520363,Alexandria,0,1040,3751.0
Alexandria_y2020.tif,1995,0.606516290726817,0.24316290726817044,Alexandria,0,1058,3751.0
Alexandria_y2020.tif,672,0.0,0.06639136904761904,Alexandria,1,3331,3751.0
Alexandria_y2020.tif,1708,0.0,0.07999414519906323,Alexandria,0,3333,3751.0
Alexandria_y2020.tif,184,0.0,0.02184782608695652,Alexandria,1,3322,3751.0
Alexandria_y2020.tif,475,0.0,0.01774736842105263,Alexandria,0,3324,3751.0
Alexandria_y2020.tif,373,0.0,0.02189008042895442,Alexandria,0,3317,3751.0
Alexandria_y2020.tif,213,0.0,0.016877934272300468,Alexandria,1,3326,3751.0
Alexandria_y2020.tif,299,0.0,0.09297658862876253,Alexandria,1,3329,3751.0
Alexandria_y2020.tif,237,0.0,0.029789029535864982,Alexandria,1,3325,3751.0
Alexandria_y2020.tif,527,0.0018975332068311196,0.11899430740037951,Alexandria,0,3335,3751.0
Alexandria_y2020.tif,591,0.0,0.015651438240270727,Alexandria,0,3340,3751.0
Alexandria_y2020.tif,300,0.0,0.06833333333333333,Alexandria,1,3330,3751.0
Alexandria_y2020.tif,429,0.0,0.016025641025641024,Alexandria,0,3336,3751.0
Alexandria_y2020.tif,313,0.0,0.021150159744408942,Alexandria,0,3334,3751.0
Alexandria_y2020.tif,293,0.0,0.0197098976109215,Alexandria,0,3345,3751.0
Alexandria_y2020.tif,494,0.0,0.05077935222672065,Alexandria,0,3346,3751.0
Alexandria_y2020.tif,448,0.0,0.01672991071428571,Alexandria,0,3343,3751.0
Alexandria_y2020.tif,441,0.0,0.02256235827664399,Alexandria,0,3352,3751.0
Alexandria_y2020.tif,1163,0.0,0.09712381771281169,Alexandria,1,3332,3751.0
Alexandria_y2020.tif,320,0.0,0.025343749999999998,Alexandria,0,3344,3751.0
Alexandria_y2020.tif,540,0.0,0.020907407407407406,Alexandria,0,3356,3751.0
Alexandria_y2020.tif,341,0.0,0.011642228739002931,Alexandria,0,3348,3751.0
Alexandria_y2020.tif,576,0.0,0.01646701388888889,Alexandria,1,3362,3751.0
Alexandria_y2020.tif,2331,0.17245817245817247,0.10147147147147147,Alexandria,1,3372,3751.0
Alexandria_y2020.tif,623,0.025682182985553772,0.11649277688603532,Alexandria,1,3353,3751.0
Alexandria_y2020.tif,913,0.0,0.016456736035049286,Alexandria,0,3373,3751.0
Alexandria_y2020.tif,438,0.0,0.01987442922374429,Alexandria,1,3367,3751.0
Alexandria_y2020.tif,210,0.0,0.02076190476190476,Alexandria,0,3358,3751.0
Alexandria_y2020.tif,1184,0.0,0.02215793918918919,Alexandria,1,3368,3751.0
Alexandria_y2020.tif,2532,0.0,0.05099921011058452,Alexandria,1,3381,3751.0
Alexandria_y2020.tif,2097,0.0,0.03257272293752981,Alexandria,0,3401,3751.0
Alexandria_y2020.tif,1435,0.0,0.04916027874564461,Alexandria,1,3318,3751.0
Alexandria_y2020.tif,834,0.0,0.10143884892086331,Alexandria,1,3355,3751.0
Alexandria_y2020.tif,1742,0.0,0.07245981630309989,Alexandria,1,3341,3751.0
Alexandria_y2020.tif,811,0.11713933415536375,0.12014796547472256,Alexandria,0,3360,3751.0
Alexandria_y2020.tif,341,0.0,0.049149560117302045,Alexandria,1,3349,3751.0
Alexandria_y2020.tif,13329,0.0410383374596744,0.04435291469727662,Alexandria,0,3515,3751.0
Alexandria_y2020.tif,575,0.0,0.03937391304347826,Alexandria,1,3375,3751.0
Alexandria_y2020.tif,627,0.0,0.04800637958532695,Alexandria,1,3387,3751.0
Alexandria_y2020.tif,1048,0.0,0.03526240458015268,Alexandria,1,3384,3751.0
Alexandria_y2020.tif,518,0.003861003861003861,0.08577220077220078,Alexandria,1,3378,3751.0
Alexandria_y2020.tif,651,0.0,0.03508448540706605,Alexandria,1,3364,3751.0
Alexandria_y2020.tif,347,0.0,0.06008645533141211,Alexandria,1,3369,3751.0
Alexandria_y2020.tif,323,0.0,0.04032507739938081,Alexandria,1,3357,3751.0
Alexandria_y2020.tif,1376,0.0,0.05091569767441861,Alexandria,0,3388,3751.0
Alexandria_y2020.tif,2467,0.0,0.04457640859343333,Alexandria,0,3393,3751.0
Alexandria_y2020.tif,1069,0.0,0.0181244153414406,Alexandria,0,3391,3751.0
Alexandria_y2020.tif,403,0.0,0.02627791563275434,Alexandria,1,3366,3751.0
Alexandria_y2020.tif,459,0.0,0.022331154684095862,Alexandria,0,3377,3751.0
Alexandria_y2020.tif,1811,0.0,0.020698509110988403,Alexandria,0,3434,3751.0
Alexandria_y2020.tif,422,0.0,0.03517772511848342,Alexandria,0,3385,3751.0
Alexandria_y2020.tif,328,0.0,0.01603658536585366,Alexandria,0,3382,3751.0
Alexandria_y2020.tif,695,0.0,0.065568345323741,Alexandria,1,3398,3751.0
Alexandria_y2020.tif,312,0.0,0.021698717948717947,Alexandria,0,3389,3751.0
Alexandria_y2020.tif,468,0.0,0.01918803418803419,Alexandria,0,3380,3751.0
Alexandria_y2020.tif,419,0.0,0.04986873508353222,Alexandria,1,3386,3751.0
Alexandria_y2020.tif,672,0.0,0.02212797619047619,Alexandria,0,3400,3751.0
Alexandria_y2020.tif,473,0.0,0.01924947145877378,Alexandria,1,3383,3751.0
Alexandria_y2020.tif,476,0.0,0.05528361344537816,Alexandria,1,3395,3751.0
Alexandria_y2020.tif,560,0.0,0.0544375,Alexandria,1,3396,3751.0
Alexandria_y2020.tif,194,0.0,0.0377061855670103,Alexandria,1,3390,3751.0
Alexandria_y2020.tif,133,0.0,0.0,Alexandria,1,3379,3751.0
Alexandria_y2020.tif,1616,0.0,0.0,Alexandria,1,3376,3751.0
Alexandria_y2020.tif,429,0.0,0.0,Alexandria,1,3374,3751.0
Alexandria_y2020.tif,190,0.0,0.0,Alexandria,1,3394,3751.0
Alexandria_y2020.tif,735,0.0,0.0,Alexandria,1,3399,3751.0
Alexandria_y2020.tif,203,0.0,0.0,Alexandria,1,3403,3751.0
Alexandria_y2020.tif,1563,0.0,0.02278630838131798,Alexandria,0,3467,3751.0
Alexandria_y2020.tif,336,0.0,0.0,Alexandria,1,3420,3751.0
Alexandria_y2020.tif,758,0.0,0.0,Alexandria,1,3411,3751.0
Alexandria_y2020.tif,51,0.0,0.0,Alexandria,0,3546,3751.0
Alexandria_y2020.tif,468,0.0,0.06811965811965813,Alexandria,1,3402,3751.0
Alexandria_y2020.tif,5637,0.0,0.04176423629590208,Alexandria,0,3483,3751.0
Alexandria_y2020.tif,351,0.0,0.06891737891737891,Alexandria,1,3408,3751.0
Alexandria_y2020.tif,2544,0.0,0.04733883647798742,Alexandria,0,3478,3751.0
Alexandria_y2020.tif,616,0.0,0.027329545454545457,Alexandria,0,3432,3751.0
Alexandria_y2020.tif,621,0.0,0.0750966183574879,Alexandria,1,3456,3751.0
Alexandria_y2020.tif,1610,0.0,0.01663975155279503,Alexandria,0,3473,3751.0
Alexandria_y2020.tif,1355,0.659040590405904,0.2340627306273063,Alexandria,1,3454,3751.0
Alexandria_y2020.tif,613,0.0,0.019812398042414355,Alexandria,0,3466,3751.0
Alexandria_y2020.tif,559,0.20214669051878353,0.1663416815742397,Alexandria,1,3479,3751.0
Alexandria_y2020.tif,324,0.0,0.024660493827160495,Alexandria,0,3438,3751.0
Alexandria_y2020.tif,306,0.0,0.020277777777777777,Alexandria,0,3431,3751.0
Alexandria_y2020.tif,314,0.0,0.025636942675159233,Alexandria,1,3425,3751.0
Alexandria_y2020.tif,187,0.0,0.01836898395721925,Alexandria,1,3419,3751.0
Alexandria_y2020.tif,162,0.0,0.018858024691358024,Alexandria,1,3413,3751.0
Alexandria_y2020.tif,312,0.0,0.01591346153846154,Alexandria,0,3440,3751.0
Alexandria_y2020.tif,693,0.0,0.10758297258297257,Alexandria,0,3436,3751.0
Alexandria_y2020.tif,393,0.0,0.02825699745547074,Alexandria,1,3428,3751.0
Alexandria_y2020.tif,209,0.0,0.012631578947368419,Alexandria,0,3437,3751.0
Alexandria_y2020.tif,515,0.0,0.09156310679611651,Alexandria,1,3442,3751.0
Alexandria_y2020.tif,413,0.0,0.0,Alexandria,1,3435,3751.0
Alexandria_y2020.tif,981,0.0,0.0,Alexandria,1,3430,3751.0
Alexandria_y2020.tif,666,0.0,0.0,Alexandria,1,3433,3751.0
Alexandria_y2020.tif,713,0.0,0.0,Alexandria,1,3446,3751.0
Alexandria_y2020.tif,545,0.0,0.0,Alexandria,1,3452,3751.0
Alexandria_y2020.tif,341,0.0,0.0,Alexandria,1,3447,3751.0
Alexandria_y2020.tif,358,0.0,0.0,Alexandria,1,3477,3751.0
Alexandria_y2020.tif,729,0.0,0.0,Alexandria,1,3460,3751.0
Alexandria_y2020.tif,449,0.0,0.0,Alexandria,1,3481,3751.0
Alexandria_y2020.tif,540,0.0,0.0,Alexandria,0,3497,3751.0
Alexandria_y2020.tif,297,0.0,0.024461279461279458,Alexandria,1,3441,3751.0
Alexandria_y2020.tif,320,0.0,0.11825000000000001,Alexandria,1,3448,3751.0
Alexandria_y2020.tif,291,0.0,0.019810996563573886,Alexandria,0,3449,3751.0
Alexandria_y2020.tif,1068,0.0,0.02426029962546817,Alexandria,1,3457,3751.0
Alexandria_y2020.tif,328,0.0,0.020990853658536583,Alexandria,0,3453,3751.0
Alexandria_y2020.tif,463,0.0,0.02272138228941685,Alexandria,0,3439,3751.0
Alexandria_y2020.tif,172,0.0,0.01883720930232558,Alexandria,1,3445,3751.0
Alexandria_y2020.tif,400,0.075,0.1280625,Alexandria,1,3458,3751.0
Alexandria_y2020.tif,308,0.0,0.016574675324675322,Alexandria,1,3455,3751.0
Alexandria_y2020.tif,421,0.0,0.022648456057007126,Alexandria,1,3451,3751.0
Alexandria_y2020.tif,328,0.0,0.02083841463414634,Alexandria,0,3459,3751.0
Alexandria_y2020.tif,588,0.0,0.014957482993197282,Alexandria,0,3469,3751.0
Alexandria_y2020.tif,570,0.0,0.026070175438596487,Alexandria,0,3471,3751.0
Alexandria_y2020.tif,237,0.0,0.0199367088607595,Alexandria,0,3462,3751.0
Alexandria_y2020.tif,547,0.0,0.02093235831809872,Alexandria,1,3468,3751.0
Alexandria_y2020.tif,840,0.004761904761904762,0.0811607142857143,Alexandria,0,3474,3751.0
Alexandria_y2020.tif,224,0.0,0.026629464285714294,Alexandria,0,3464,3751.0
Alexandria_y2020.tif,386,0.0,0.028613989637305704,Alexandria,1,3472,3751.0
Alexandria_y2020.tif,170,0.0,0.01802941176470588,Alexandria,1,3461,3751.0
Alexandria_y2020.tif,659,0.0,0.017018209408194235,Alexandria,0,3486,3751.0
Alexandria_y2020.tif,496,0.0,0.0614616935483871,Alexandria,1,3465,3751.0
Alexandria_y2020.tif,186,0.0,0.019516129032258064,Alexandria,1,3470,3751.0
Alexandria_y2020.tif,1254,0.003189792663476874,0.1218500797448166,Alexandria,1,3444,3751.0
Alexandria_y2020.tif,175,0.0,0.016142857142857143,Alexandria,1,3475,3751.0
Alexandria_y2020.tif,779,0.0,0.01740693196405648,Alexandria,0,3493,3751.0
Alexandria_y2020.tif,313,0.0,0.015000000000000001,Alexandria,0,3480,3751.0
Alexandria_y2020.tif,478,0.0,0.017824267782426777,Alexandria,0,3485,3751.0
Alexandria_y2020.tif,271,0.0,0.02968634686346863,Alexandria,1,3463,3751.0
Alexandria_y2020.tif,320,0.0,0.015484375,Alexandria,1,3482,3751.0
Alexandria_y2020.tif,359,0.0,0.020167130919220053,Alexandria,0,3487,3751.0
Alexandria_y2020.tif,484,0.0,0.019173553719008262,Alexandria,1,3499,3751.0
Alexandria_y2020.tif,438,0.0,0.026666666666666675,Alexandria,0,3476,3751.0
Alexandria_y2020.tif,157,0.0,0.019267515923566878,Alexandria,1,3488,3751.0
Alexandria_y2020.tif,414,0.0,0.024130434782608696,Alexandria,1,3496,3751.0
Alexandria_y2020.tif,285,0.0,0.014526315789473686,Alexandria,0,3491,3751.0
Alexandria_y2020.tif,282,0.0,0.033404255319148944,Alexandria,0,3490,3751.0
Alexandria_y2020.tif,512,0.0,0.015576171875000001,Alexandria,0,3498,3751.0
Alexandria_y2020.tif,172,0.0,0.01546511627906977,Alexandria,1,3495,3751.0
Alexandria_y2020.tif,360,0.0,0.02338888888888889,Alexandria,0,3494,3751.0
Alexandria_y2020.tif,643,0.0,0.06493001555209954,Alexandria,1,3492,3751.0
Alexandria_y2020.tif,323,0.0,0.01907120743034055,Alexandria,1,3500,3751.0
Alexandria_y2020.tif,316,0.0,0.020427215189873414,Alexandria,0,3526,3751.0
Alexandria_y2020.tif,381,0.27296587926509186,0.1860236220472441,Alexandria,1,3489,3751.0
Alexandria_y2020.tif,381,0.0,0.030997375328083995,Alexandria,1,3503,3751.0
Alexandria_y2020.tif,222,0.0,0.022342342342342343,Alexandria,1,3501,3751.0
Alexandria_y2020.tif,711,0.0,0.020900140646976085,Alexandria,0,3518,3751.0
Alexandria_y2020.tif,170,0.0,0.01785294117647059,Alexandria,1,3506,3751.0
Alexandria_y2020.tif,431,0.0,0.06965197215777263,Alexandria,0,3509,3751.0
Alexandria_y2020.tif,623,0.0,0.03026484751203853,Alexandria,0,3521,3751.0
Alexandria_y2020.tif,174,0.0,0.023448275862068966,Alexandria,1,3508,3751.0
Alexandria_y2020.tif,404,0.0,0.01860148514851485,Alexandria,1,3505,3751.0
Alexandria_y2020.tif,268,0.0,0.012164179104477613,Alexandria,0,3504,3751.0
Alexandria_y2020.tif,1163,0.0,0.06744625967325882,Alexandria,1,3528,3751.0
Alexandria_y2020.tif,405,0.0,0.018382716049382714,Alexandria,1,3507,3751.0
Alexandria_y2020.tif,324,0.0,0.019953703703703703,Alexandria,1,3512,3751.0
Alexandria_y2020.tif,298,0.0,0.025889261744966443,Alexandria,1,3511,3751.0
Alexandria_y2020.tif,493,0.0,0.018052738336713996,Alexandria,0,3519,3751.0
Alexandria_y2020.tif,1711,0.0,0.04271478667445938,Alexandria,0,3544,3751.0
Alexandria_y2020.tif,350,0.0,0.031114285714285716,Alexandria,0,3524,3751.0
Alexandria_y2020.tif,181,0.0,0.01906077348066298,Alexandria,1,3513,3751.0
Alexandria_y2020.tif,3240,0.0,0.04378858024691358,Alexandria,0,3567,3751.0
Alexandria_y2020.tif,352,0.30113636363636365,0.18880681818181821,Alexandria,1,3522,3751.0
Alexandria_y2020.tif,1124,0.0,0.08029804270462633,Alexandria,1,3527,3751.0
Alexandria_y2020.tif,409,0.0,0.03905867970660147,Alexandria,1,3535,3751.0
Alexandria_y2020.tif,3763,0.0,0.018376295508902473,Alexandria,0,3581,3751.0
Alexandria_y2020.tif,387,0.0,0.05276485788113695,Alexandria,1,3530,3751.0
Alexandria_y2020.tif,449,0.0,0.08905345211581292,Alexandria,1,3550,3751.0
Alexandria_y2020.tif,277,0.0,0.05370036101083032,Alexandria,1,3573,3751.0
Alexandria_y2020.tif,446,0.0,0.035213004484304936,Alexandria,0,3582,3751.0
Alexandria_y2020.tif,229,0.0,0.027707423580786036,Alexandria,1,3560,3751.0
Alexandria_y2020.tif,209,0.0,0.03145933014354067,Alexandria,1,3517,3751.0
Alexandria_y2020.tif,558,0.0,0.021388888888888888,Alexandria,0,3533,3751.0
Alexandria_y2020.tif,1144,0.0,0.0258479020979021,Alexandria,0,3520,3751.0
Alexandria_y2020.tif,275,0.0,0.026109090909090908,Alexandria,1,3529,3751.0
Alexandria_y2020.tif,182,0.0,0.017857142857142856,Alexandria,1,3525,3751.0
Alexandria_y2020.tif,237,0.0,0.030886075949367098,Alexandria,1,3514,3751.0
Alexandria_y2020.tif,389,0.0,0.019897172236503852,Alexandria,1,3516,3751.0
Alexandria_y2020.tif,1021,0.0,0.08117531831537708,Alexandria,1,3523,3751.0
Alexandria_y2020.tif,288,0.0,0.013888888888888888,Alexandria,0,3536,3751.0
Alexandria_y2020.tif,729,0.0,0.021488340192043896,Alexandria,0,3566,3751.0
Alexandria_y2020.tif,185,0.0,0.022405405405405403,Alexandria,0,3531,3751.0
Alexandria_y2020.tif,234,0.0,0.01856837606837607,Alexandria,0,3542,3751.0
Alexandria_y2020.tif,368,0.0,0.0165625,Alexandria,0,3538,3751.0
Alexandria_y2020.tif,318,0.0,0.018553459119496858,Alexandria,1,3537,3751.0
Alexandria_y2020.tif,575,0.0,0.03346086956521739,Alexandria,0,3545,3751.0
Alexandria_y2020.tif,458,0.0,0.10105895196506551,Alexandria,1,3548,3751.0
Alexandria_y2020.tif,401,0.0,0.024351620947630923,Alexandria,1,3534,3751.0
Alexandria_y2020.tif,377,0.0,0.01738726790450928,Alexandria,0,3541,3751.0
Alexandria_y2020.tif,500,0.0,0.022630000000000004,Alexandria,1,3551,3751.0
Alexandria_y2020.tif,227,0.0,0.020374449339207047,Alexandria,1,3540,3751.0
Alexandria_y2020.tif,445,0.0,0.02650561797752809,Alexandria,1,3553,3751.0
Alexandria_y2020.tif,198,0.0,0.0222979797979798,Alexandria,1,3539,3751.0
Alexandria_y2020.tif,548,0.0,0.019552919708029196,Alexandria,1,3532,3751.0
Alexandria_y2020.tif,424,0.0,0.014599056603773588,Alexandria,0,3555,3751.0
Alexandria_y2020.tif,391,0.017902813299232736,0.12599744245524297,Alexandria,1,3558,3751.0
Alexandria_y2020.tif,416,0.0,0.030348557692307696,Alexandria,0,3561,3751.0
Alexandria_y2020.tif,633,0.0,0.022030015797788308,Alexandria,1,3577,3751.0
Alexandria_y2020.tif,212,0.0,0.020023584905660377,Alexandria,1,3556,3751.0
Alexandria_y2020.tif,186,0.0,0.02233870967741935,Alexandria,1,3554,3751.0
Alexandria_y2020.tif,174,0.0,0.021695402298850572,Alexandria,0,3549,3751.0
Alexandria_y2020.tif,604,0.0,0.016200331125827815,Alexandria,0,3594,3751.0
Alexandria_y2020.tif,327,0.1926605504587156,0.15776758409785935,Alexandria,1,3583,3751.0
Alexandria_y2020.tif,325,0.0,0.022892307692307687,Alexandria,1,3576,3751.0
Alexandria_y2020.tif,478,0.0,0.019246861924686196,Alexandria,1,3585,3751.0
Alexandria_y2020.tif,344,0.0,0.053866279069767445,Alexandria,1,3574,3751.0
Alexandria_y2020.tif,506,0.15217391304347827,0.18179841897233204,Alexandria,1,3597,3751.0
Alexandria_y2020.tif,238,0.0,0.019915966386554622,Alexandria,0,3578,3751.0
Alexandria_y2020.tif,638,0.0,0.025705329153605013,Alexandria,0,3579,3751.0
Alexandria_y2020.tif,443,0.0,0.02136568848758465,Alexandria,0,3596,3751.0
Alexandria_y2020.tif,240,0.0,0.019125,Alexandria,1,3588,3751.0
Alexandria_y2020.tif,405,0.0,0.05865432098765433,Alexandria,0,3571,3751.0
Alexandria_y2020.tif,606,0.0,0.02452145214521452,Alexandria,1,3565,3751.0
Alexandria_y2020.tif,421,0.11401425178147269,0.1678503562945368,Alexandria,1,3575,3751.0
Alexandria_y2020.tif,5653,0.0,0.02033610472315585,Alexandria,0,3646,3751.0
Alexandria_y2020.tif,493,0.032454361054766734,0.1077687626774848,Alexandria,1,3580,3751.0
Alexandria_y2020.tif,5486,0.0,0.023136164783084213,Alexandria,0,3657,3751.0
Alexandria_y2020.tif,270,0.0,0.038500000000000006,Alexandria,1,3600,3751.0
Alexandria_y2020.tif,392,0.0,0.03571428571428571,Alexandria,1,3608,3751.0
Alexandria_y2020.tif,485,0.0,0.01961855670103093,Alexandria,1,3625,3751.0
Alexandria_y2020.tif,272,0.0,0.01979779411764706,Alexandria,1,3621,3751.0
Alexandria_y2020.tif,332,0.0,0.021009036144578313,Alexandria,0,3591,3751.0
Alexandria_y2020.tif,303,0.0,0.01955445544554455,Alexandria,1,3584,3751.0
Alexandria_y2020.tif,154,0.0,0.028506493506493504,Alexandria,0,3590,3751.0
Alexandria_y2020.tif,176,0.0,0.021761363636363638,Alexandria,0,3595,3751.0
Alexandria_y2020.tif,448,0.0,0.025803571428571433,Alexandria,0,3599,3751.0
Alexandria_y2020.tif,560,0.0,0.020410714285714286,Alexandria,0,3603,3751.0
Alexandria_y2020.tif,454,0.0,0.020341409691629956,Alexandria,0,3602,3751.0
Alexandria_y2020.tif,193,0.0,0.049715025906735766,Alexandria,0,3592,3751.0
Alexandria_y2020.tif,139,0.0,0.02571942446043165,Alexandria,0,3593,3751.0
Alexandria_y2020.tif,268,0.0,0.02085820895522388,Alexandria,0,3601,3751.0
Alexandria_y2020.tif,612,0.0,0.0,Alexandria,1,3510,3751.0
Alexandria_y2020.tif,712,0.0,0.0,Alexandria,1,3543,3751.0
Alexandria_y2020.tif,1724,0.0,0.0,Alexandria,0,3562,3751.0
Alexandria_y2020.tif,1192,0.0,0.02220218120805369,Alexandria,0,3606,3751.0
Alexandria_y2020.tif,1018,0.0,0.00015717092337917487,Alexandria,0,3611,3751.0
Alexandria_y2020.tif,10519,0.0,0.0,Alexandria,0,3759,3751.0
Alexandria_y2020.tif,1143,0.0,0.0,Alexandria,0,3628,3751.0
Alexandria_y2020.tif,300,0.0,0.07438333333333334,Alexandria,1,3589,3751.0
Alexandria_y2020.tif,411,0.0,0.03155717761557178,Alexandria,0,3605,3751.0
Alexandria_y2020.tif,424,0.0,0.02031839622641509,Alexandria,0,3618,3751.0
Alexandria_y2020.tif,775,0.0,0.03483870967741935,Alexandria,0,3619,3751.0
Alexandria_y2020.tif,989,0.0,0.09152679474216381,Alexandria,1,3642,3751.0
Alexandria_y2020.tif,342,0.0,0.02859649122807018,Alexandria,1,3598,3751.0
Alexandria_y2020.tif,707,0.0,0.020452616690240448,Alexandria,0,3613,3751.0
Alexandria_y2020.tif,288,0.0,0.0240625,Alexandria,0,3612,3751.0
Alexandria_y2020.tif,481,0.0,0.020654885654885654,Alexandria,0,3614,3751.0
Alexandria_y2020.tif,163,0.0,0.0254601226993865,Alexandria,1,3607,3751.0
Alexandria_y2020.tif,443,0.0,0.08206546275395035,Alexandria,1,3616,3751.0
Alexandria_y2020.tif,448,0.0,0.1323995535714286,Alexandria,1,3610,3751.0
Alexandria_y2020.tif,879,0.0,0.030096700796359507,Alexandria,0,3632,3751.0
Alexandria_y2020.tif,766,0.0,0.022584856396866842,Alexandria,0,3637,3751.0
Alexandria_y2020.tif,391,0.0,0.020818414322250633,Alexandria,0,3620,3751.0
Alexandria_y2020.tif,716,0.3840782122905028,0.21756983240223463,Alexandria,1,3626,3751.0
Alexandria_y2020.tif,166,0.0,0.021777108433734937,Alexandria,0,3609,3751.0
Alexandria_y2020.tif,809,0.0012360939431396785,0.12162546353522868,Alexandria,1,3640,3751.0
Alexandria_y2020.tif,561,0.0,0.021363636363636362,Alexandria,0,3631,3751.0
Alexandria_y2020.tif,238,0.0,0.0259873949579832,Alexandria,0,3615,3751.0
Alexandria_y2020.tif,163,0.0,0.02812883435582822,Alexandria,0,3635,3751.0
Alexandria_y2020.tif,119,0.0,0.019411764705882354,Alexandria,0,3630,3751.0
Alexandria_y2020.tif,344,0.0,0.021598837209302325,Alexandria,0,3638,3751.0
Alexandria_y2020.tif,181,0.0,0.02696132596685083,Alexandria,0,3634,3751.0
Alexandria_y2020.tif,284,0.0,0.03158450704225352,Alexandria,1,3639,3751.0
Alexandria_y2020.tif,439,0.0,0.025125284738041005,Alexandria,0,3643,3751.0
Alexandria_y2020.tif,410,0.0,0.13645121951219513,Alexandria,1,3636,3751.0
Alexandria_y2020.tif,831,0.0,0.030746089049338152,Alexandria,1,3652,3751.0
Alexandria_y2020.tif,1011,0.0,0.01878832838773492,Alexandria,1,3645,3751.0
Alexandria_y2020.tif,544,0.33088235294117646,0.21507352941176472,Alexandria,1,3658,3751.0
Alexandria_y2020.tif,287,0.0,0.015313588850174215,Alexandria,1,3622,3751.0
Alexandria_y2020.tif,277,0.0,0.014693140794223828,Alexandria,0,3623,3751.0
Alexandria_y2020.tif,416,0.0,0.016899038461538465,Alexandria,1,3624,3751.0
Alexandria_y2020.tif,799,0.0,0.02974342928660826,Alexandria,1,3627,3751.0
Alexandria_y2020.tif,1225,0.2897959183673469,0.18540408163265307,Alexandria,1,3651,3751.0
Alexandria_y2020.tif,808,0.0,0.032691831683168325,Alexandria,0,3604,3751.0
Alexandria_y2020.tif,224,0.0,0.04776785714285715,Alexandria,1,3633,3751.0
Alexandria_y2020.tif,419,0.4439140811455847,0.21752983293556089,Alexandria,1,3629,3751.0
Alexandria_y2020.tif,396,0.0,0.031780303030303034,Alexandria,1,3617,3751.0
Alexandria_y2020.tif,3598,0.0,0.029034185658699283,Alexandria,0,3695,3751.0
Alexandria_y2020.tif,259,0.0,0.02187258687258687,Alexandria,0,3647,3751.0
Alexandria_y2020.tif,658,0.0,0.024141337386018237,Alexandria,0,3653,3751.0
Alexandria_y2020.tif,250,0.0,0.03096000000000001,Alexandria,0,3648,3751.0
Alexandria_y2020.tif,441,0.0,0.022664399092970525,Alexandria,1,3660,3751.0
Alexandria_y2020.tif,92,0.0,0.018532608695652174,Alexandria,0,3641,3751.0
Alexandria_y2020.tif,230,0.0,0.025260869565217392,Alexandria,0,3654,3751.0
Alexandria_y2020.tif,6465,0.008043310131477185,0.05198453209590101,Alexandria,0,3853,3751.0
Alexandria_y2020.tif,170,0.0,0.02329411764705882,Alexandria,1,3650,3751.0
Alexandria_y2020.tif,446,0.0,0.026558295964125556,Alexandria,1,3665,3751.0
Alexandria_y2020.tif,257,0.0,0.02647859922178989,Alexandria,0,3655,3751.0
Alexandria_y2020.tif,243,0.0,0.021481481481481483,Alexandria,0,3662,3751.0
Alexandria_y2020.tif,378,0.0,0.02962962962962963,Alexandria,0,3666,3751.0
Alexandria_y2020.tif,294,0.0,0.024999999999999994,Alexandria,0,3661,3751.0
Alexandria_y2020.tif,135,0.0,0.018518518518518517,Alexandria,0,3656,3751.0
Alexandria_y2020.tif,3436,0.0,0.024553259604190924,Alexandria,0,3715,3751.0
Alexandria_y2020.tif,742,0.0,0.10918463611859838,Alexandria,1,3668,3751.0
Alexandria_y2020.tif,220,0.0,0.04272727272727272,Alexandria,0,3659,3751.0
Alexandria_y2020.tif,438,0.0,0.022557077625570774,Alexandria,0,3681,3751.0
Alexandria_y2020.tif,200,0.0,0.030050000000000007,Alexandria,0,3673,3751.0
Alexandria_y2020.tif,264,0.0,0.029242424242424243,Alexandria,1,3670,3751.0
Alexandria_y2020.tif,288,0.0,0.16046875000000002,Alexandria,1,3649,3751.0
Alexandria_y2020.tif,581,0.0,0.02418244406196213,Alexandria,0,3677,3751.0
Alexandria_y2020.tif,349,0.0,0.03570200573065903,Alexandria,1,3667,3751.0
Alexandria_y2020.tif,263,0.0,0.020304182509505702,Alexandria,1,3680,3751.0
Alexandria_y2020.tif,514,0.0,0.01589494163424125,Alexandria,1,3683,3751.0
Alexandria_y2020.tif,639,0.028169014084507043,0.1574413145539906,Alexandria,1,3678,3751.0
Alexandria_y2020.tif,255,0.0,0.05119607843137256,Alexandria,1,3664,3751.0
Alexandria_y2020.tif,840,0.0,0.017708333333333333,Alexandria,1,3684,3751.0
Alexandria_y2020.tif,368,0.002717391304347826,0.09605978260869566,Alexandria,1,3671,3751.0
Alexandria_y2020.tif,681,0.0,0.03127019089574156,Alexandria,1,3687,3751.0
Alexandria_y2020.tif,549,0.0,0.028879781420765027,Alexandria,1,3692,3751.0
Alexandria_y2020.tif,369,0.0,0.01836043360433604,Alexandria,0,3672,3751.0
Alexandria_y2020.tif,205,0.0,0.03304878048780489,Alexandria,0,3674,3751.0
Alexandria_y2020.tif,221,0.0,0.029547511312217202,Alexandria,1,3679,3751.0
Alexandria_y2020.tif,206,0.0,0.02580097087378641,Alexandria,0,3676,3751.0
Alexandria_y2020.tif,129,0.0,0.021124031007751936,Alexandria,0,3669,3751.0
Alexandria_y2020.tif,768,0.3177083333333333,0.2008723958333333,Alexandria,1,3682,3751.0
Alexandria_y2020.tif,191,0.0,0.020104712041884815,Alexandria,0,3685,3751.0
Alexandria_y2020.tif,518,0.0,0.017586872586872585,Alexandria,0,3690,3751.0
Alexandria_y2020.tif,1404,0.2329059829059829,0.15498219373219374,Alexandria,1,3703,3751.0
Alexandria_y2020.tif,674,0.0,0.02798219584569733,Alexandria,0,3704,3751.0
Alexandria_y2020.tif,259,0.0,0.02140926640926641,Alexandria,1,3689,3751.0
Alexandria_y2020.tif,516,0.0,0.021879844961240312,Alexandria,0,3675,3751.0
Alexandria_y2020.tif,257,0.0,0.01723735408560311,Alexandria,1,3691,3751.0
Alexandria_y2020.tif,875,0.0,0.02545142857142857,Alexandria,0,3719,3751.0
Alexandria_y2020.tif,107,0.0,0.021869158878504675,Alexandria,0,3688,3751.0
Alexandria_y2020.tif,463,0.0,0.0294708423326134,Alexandria,0,3712,3751.0
Alexandria_y2020.tif,128,0.0,0.02675781250000001,Alexandria,0,3693,3751.0
Alexandria_y2020.tif,161,0.0,0.01981366459627329,Alexandria,0,3698,3751.0
Alexandria_y2020.tif,287,0.0,0.050052264808362376,Alexandria,1,3711,3751.0
Alexandria_y2020.tif,1187,0.0,0.0,Alexandria,0,3841,3751.0
Alexandria_y2020.tif,436,0.0,0.0,Alexandria,1,3714,3751.0
Alexandria_y2020.tif,469,0.0,0.0007036247334754798,Alexandria,1,3697,3751.0
Alexandria_y2020.tif,214,0.0,0.0,Alexandria,0,3723,3751.0
Alexandria_y2020.tif,318,0.0,0.007389937106918238,Alexandria,1,3754,3751.0
Alexandria_y2020.tif,480,0.0,0.011687500000000002,Alexandria,0,3765,3751.0
Alexandria_y2020.tif,401,0.0,0.0,Alexandria,0,3768,3751.0
Alexandria_y2020.tif,194,0.0,0.0,Alexandria,0,3774,3751.0
Alexandria_y2020.tif,365,0.0,0.0,Alexandria,1,3787,3751.0
Alexandria_y2020.tif,635,0.0,0.0,Alexandria,0,3797,3751.0
Alexandria_y2020.tif,569,0.0,0.06605448154657292,Alexandria,1,3701,3751.0
Alexandria_y2020.tif,541,0.03512014787430684,0.1321441774491682,Alexandria,1,3702,3751.0
Alexandria_y2020.tif,374,0.0,0.034344919786096266,Alexandria,1,3696,3751.0
Alexandria_y2020.tif,361,0.008310249307479225,0.0940443213296399,Alexandria,1,3686,3751.0
Alexandria_y2020.tif,275,0.4618181818181818,0.22443636363636363,Alexandria,1,3699,3751.0
Alexandria_y2020.tif,2848,0.060393258426966294,0.06920119382022473,Alexandria,0,3748,3751.0
Alexandria_y2020.tif,336,0.0,0.028348214285714286,Alexandria,1,3740,3751.0
Alexandria_y2020.tif,193,0.0,0.021010362694300518,Alexandria,0,3743,3751.0
Alexandria_y2020.tif,542,0.06642066420664207,0.10393911439114391,Alexandria,1,3705,3751.0
Alexandria_y2020.tif,238,0.0,0.018571428571428572,Alexandria,1,3728,3751.0
Alexandria_y2020.tif,276,0.0,0.02010869565217391,Alexandria,1,3706,3751.0
Alexandria_y2020.tif,146,0.0,0.031643835616438354,Alexandria,1,3694,3751.0
Alexandria_y2020.tif,596,0.0,0.0250503355704698,Alexandria,0,3709,3751.0
Alexandria_y2020.tif,157,0.0,0.01949044585987261,Alexandria,0,3707,3751.0
Alexandria_y2020.tif,313,0.0,0.0334185303514377,Alexandria,0,3716,3751.0
Alexandria_y2020.tif,394,0.0,0.015355329949238578,Alexandria,1,3708,3751.0
Alexandria_y2020.tif,367,0.0,0.01953678474114441,Alexandria,0,3725,3751.0
Alexandria_y2020.tif,161,0.0,0.017515527950310562,Alexandria,0,3713,3751.0
Alexandria_y2020.tif,685,0.0,0.0382043795620438,Alexandria,1,3717,3751.0
Alexandria_y2020.tif,133,0.0,0.024699248120300745,Alexandria,0,3710,3751.0
Alexandria_y2020.tif,174,0.0,0.028275862068965516,Alexandria,1,3718,3751.0
Alexandria_y2020.tif,263,0.0,0.026958174904942966,Alexandria,0,3720,3751.0
Alexandria_y2020.tif,384,0.0,0.018138020833333334,Alexandria,1,3700,3751.0
Alexandria_y2020.tif,257,0.0,0.0245136186770428,Alexandria,0,3724,3751.0
Alexandria_y2020.tif,355,0.5070422535211268,0.2255633802816901,Alexandria,1,3722,3751.0
Alexandria_y2020.tif,822,0.0,0.03423357664233577,Alexandria,1,3727,3751.0
Alexandria_y2020.tif,912,0.0,0.014035087719298246,Alexandria,0,3739,3751.0
Alexandria_y2020.tif,257,0.0,0.021459143968871598,Alexandria,0,3733,3751.0
Alexandria_y2020.tif,1566,0.0,0.02101213282247765,Alexandria,0,3783,3751.0
Alexandria_y2020.tif,353,0.0,0.02937677053824363,Alexandria,1,3736,3751.0
Alexandria_y2020.tif,628,0.0,0.0503264331210191,Alexandria,1,3757,3751.0
Alexandria_y2020.tif,350,0.0,0.02214285714285714,Alexandria,1,3745,3751.0
Alexandria_y2020.tif,118,0.0,0.020211864406779658,Alexandria,0,3729,3751.0
Alexandria_y2020.tif,314,0.0,0.02288216560509554,Alexandria,0,3746,3751.0
Alexandria_y2020.tif,125,0.0,0.020040000000000002,Alexandria,0,3730,3751.0
Alexandria_y2020.tif,120,0.0,0.020541666666666666,Alexandria,0,3731,3751.0
Alexandria_y2020.tif,315,0.0,0.018428571428571426,Alexandria,1,3747,3751.0
Alexandria_y2020.tif,121,0.0,0.02115702479338843,Alexandria,1,3732,3751.0
Alexandria_y2020.tif,476,0.0,0.02,Alexandria,1,3749,3751.0
Alexandria_y2020.tif,127,0.0,0.02102362204724409,Alexandria,1,3734,3751.0
Alexandria_y2020.tif,157,0.0,0.02038216560509554,Alexandria,0,3735,3751.0
Alexandria_y2020.tif,643,0.0,0.01859253499222395,Alexandria,0,3752,3751.0
Alexandria_y2020.tif,913,0.0,0.02760679079956189,Alexandria,0,3737,3751.0
Alexandria_y2020.tif,780,0.0,0.02946794871794872,Alexandria,1,3756,3751.0
Alexandria_y2020.tif,196,0.0,0.037168367346938784,Alexandria,1,3758,3751.0
Alexandria_y2020.tif,216,0.0,0.02895833333333334,Alexandria,0,3760,3751.0
Alexandria_y2020.tif,162,0.0,0.018055555555555554,Alexandria,1,3761,3751.0
Alexandria_y2020.tif,162,0.0,0.015925925925925927,Alexandria,0,3762,3751.0
Alexandria_y2020.tif,214,0.0,0.016658878504672896,Alexandria,0,3766,3751.0
Alexandria_y2020.tif,232,0.0,0.017004310344827585,Alexandria,0,3769,3751.0
Alexandria_y2020.tif,153,0.0,0.027320261437908496,Alexandria,0,3721,3751.0
Alexandria_y2020.tif,423,0.0,0.024349881796690308,Alexandria,0,3744,3751.0
Alexandria_y2020.tif,555,0.0,0.024036036036036035,Alexandria,0,3753,3751.0
Alexandria_y2020.tif,159,0.0,0.01761006289308176,Alexandria,0,3741,3751.0
Alexandria_y2020.tif,238,0.0,0.02804621848739497,Alexandria,1,3742,3751.0
Alexandria_y2020.tif,207,0.0,0.024106280193236716,Alexandria,0,3751,3751.0
Alexandria_y2020.tif,472,0.0,0.017584745762711865,Alexandria,1,3750,3751.0
Alexandria_y2020.tif,1247,0.026463512429831595,0.09438251804330393,Alexandria,1,3785,3751.0
Alexandria_y2020.tif,640,0.1015625,0.15632812499999998,Alexandria,1,3770,3751.0
Alexandria_y2020.tif,688,0.0,0.02311046511627907,Alexandria,0,3776,3751.0
Alexandria_y2020.tif,333,0.0,0.02037537537537537,Alexandria,0,3755,3751.0
Alexandria_y2020.tif,197,0.0,0.017842639593908628,Alexandria,0,3764,3751.0
Alexandria_y2020.tif,429,0.0,0.02099067599067599,Alexandria,0,3777,3751.0
Alexandria_y2020.tif,456,0.0,0.029385964912280706,Alexandria,1,3763,3751.0
Alexandria_y2020.tif,487,0.0,0.016919917864476386,Alexandria,0,3767,3751.0
Alexandria_y2020.tif,368,0.0,0.02907608695652174,Alexandria,1,3771,3751.0
Alexandria_y2020.tif,940,0.0,0.017244680851063825,Alexandria,1,3791,3751.0
Alexandria_y2020.tif,234,0.0,0.025405982905982907,Alexandria,0,3778,3751.0
Alexandria_y2020.tif,1231,0.0,0.0367140536149472,Alexandria,0,3804,3751.0
Alexandria_y2020.tif,153,0.0,0.023954248366013068,Alexandria,1,3772,3751.0
Alexandria_y2020.tif,339,0.0,0.016283185840707964,Alexandria,1,3779,3751.0
Alexandria_y2020.tif,321,0.0,0.027679127725856695,Alexandria,0,3775,3751.0
Alexandria_y2020.tif,1288,0.47903726708074534,0.1933695652173913,Alexandria,0,3795,3751.0
Alexandria_y2020.tif,410,0.0,0.03525609756097561,Alexandria,1,3788,3751.0
Alexandria_y2020.tif,169,0.0,0.015502958579881657,Alexandria,0,3789,3751.0
Alexandria_y2020.tif,745,0.0,0.020785234899328858,Alexandria,1,3805,3751.0
Alexandria_y2020.tif,173,0.0,0.016127167630057802,Alexandria,1,3790,3751.0
Alexandria_y2020.tif,324,0.0,0.024876543209876544,Alexandria,0,3784,3751.0
Alexandria_y2020.tif,345,0.0,0.0192463768115942,Alexandria,0,3807,3751.0
Alexandria_y2020.tif,231,0.0,0.014653679653679653,Alexandria,1,3793,3751.0
Alexandria_y2020.tif,337,0.0,0.06580118694362018,Alexandria,1,3782,3751.0
Alexandria_y2020.tif,239,0.0,0.021255230125523012,Alexandria,0,3773,3751.0
Alexandria_y2020.tif,439,0.0,0.024772209567198177,Alexandria,0,3798,3751.0
Alexandria_y2020.tif,273,0.0,0.017673992673992674,Alexandria,1,3786,3751.0
Alexandria_y2020.tif,4268,0.0,0.03317947516401125,Alexandria,0,3883,3751.0
Alexandria_y2020.tif,621,0.0,0.061819645732689214,Alexandria,0,3802,3751.0
Alexandria_y2020.tif,291,0.0,0.01804123711340206,Alexandria,1,3799,3751.0
Alexandria_y2020.tif,400,0.0,0.021424999999999996,Alexandria,1,3808,3751.0
Alexandria_y2020.tif,190,0.0,0.017105263157894738,Alexandria,0,3803,3751.0
Alexandria_y2020.tif,1245,0.0,0.023369477911646584,Alexandria,0,3850,3751.0
Alexandria_y2020.tif,179,0.0,0.0,Alexandria,1,3781,3751.0
Alexandria_y2020.tif,379,0.0,0.007519788918205806,Alexandria,1,3780,3751.0
Alexandria_y2020.tif,1173,0.0,0.0,Alexandria,0,3982,3751.0
Alexandria_y2020.tif,192,0.0,0.0,Alexandria,1,3794,3751.0
Alexandria_y2020.tif,217,0.0,0.0,Alexandria,0,3800,3751.0
Alexandria_y2020.tif,189,0.0,0.0,Alexandria,0,3806,3751.0
Alexandria_y2020.tif,2205,0.0,0.024736961451247166,Alexandria,0,4028,3751.0
Alexandria_y2020.tif,194,0.0,0.0,Alexandria,0,3811,3751.0
Alexandria_y2020.tif,374,0.0,0.008636363636363638,Alexandria,1,3792,3751.0
Alexandria_y2020.tif,438,0.0,0.04517123287671232,Alexandria,1,3815,3751.0
Alexandria_y2020.tif,336,0.0,0.01895833333333333,Alexandria,1,3809,3751.0
Alexandria_y2020.tif,255,0.0,0.016058823529411764,Alexandria,0,3796,3751.0
Alexandria_y2020.tif,323,0.0,0.020572755417956654,Alexandria,0,3810,3751.0
Alexandria_y2020.tif,444,0.0,0.019155405405405404,Alexandria,1,3816,3751.0
Alexandria_y2020.tif,381,0.0,0.02102362204724409,Alexandria,1,3818,3751.0
Alexandria_y2020.tif,201,0.0,0.013532338308457714,Alexandria,0,3801,3751.0
Alexandria_y2020.tif,183,0.0,0.033497267759562833,Alexandria,1,3819,3751.0
Alexandria_y2020.tif,534,0.0,0.04823033707865169,Alexandria,1,3821,3751.0
Alexandria_y2020.tif,158,0.0,0.02088607594936709,Alexandria,0,3817,3751.0
Alexandria_y2020.tif,201,0.0,0.0,Alexandria,0,3824,3751.0
Alexandria_y2020.tif,185,0.0,0.0,Alexandria,0,3828,3751.0
Alexandria_y2020.tif,184,0.0,0.0,Alexandria,0,3833,3751.0
Alexandria_y2020.tif,196,0.0,0.0,Alexandria,0,3837,3751.0
Alexandria_y2020.tif,345,0.0,0.0,Alexandria,1,3843,3751.0
Alexandria_y2020.tif,226,0.0,0.0,Alexandria,0,3849,3751.0
Alexandria_y2020.tif,195,0.0,0.0,Alexandria,0,3851,3751.0
Alexandria_y2020.tif,207,0.0,0.011328502415458939,Alexandria,1,3823,3751.0
Alexandria_y2020.tif,206,0.0,0.0,Alexandria,0,3865,3751.0
Alexandria_y2020.tif,2326,0.006448839208942391,0.059623817712811694,Alexandria,0,3825,3751.0
Alexandria_y2020.tif,309,0.0,0.02258899676375404,Alexandria,1,3826,3751.0
Alexandria_y2020.tif,398,0.28391959798994976,0.19796482412060304,Alexandria,1,3827,3751.0
Alexandria_y2020.tif,169,0.0,0.014733727810650889,Alexandria,1,3829,3751.0
Alexandria_y2020.tif,177,0.0,0.02562146892655367,Alexandria,0,3831,3751.0
Alexandria_y2020.tif,172,0.0,0.014505813953488373,Alexandria,1,3830,3751.0
Alexandria_y2020.tif,231,0.0,0.01645021645021645,Alexandria,1,3832,3751.0
Alexandria_y2020.tif,156,0.0,0.014294871794871798,Alexandria,0,3836,3751.0
Alexandria_y2020.tif,250,0.0,0.01464,Alexandria,0,3835,3751.0
Alexandria_y2020.tif,223,0.0,0.021860986547085196,Alexandria,0,3848,3751.0
Alexandria_y2020.tif,487,0.0,0.018367556468172484,Alexandria,0,3813,3751.0
Alexandria_y2020.tif,571,0.0,0.018739054290718038,Alexandria,0,3839,3751.0
Alexandria_y2020.tif,278,0.0,0.018237410071942448,Alexandria,0,3820,3751.0
Alexandria_y2020.tif,267,0.0,0.02303370786516854,Alexandria,1,3822,3751.0
Alexandria_y2020.tif,516,0.0,0.02500968992248062,Alexandria,1,3812,3751.0
Alexandria_y2020.tif,310,0.0,0.022161290322580643,Alexandria,0,3854,3751.0
Alexandria_y2020.tif,708,0.0,0.031299435028248584,Alexandria,1,3847,3751.0
Alexandria_y2020.tif,1107,0.0,0.01912375790424571,Alexandria,0,3876,3751.0
Alexandria_y2020.tif,321,0.0,0.01897196261682243,Alexandria,1,3840,3751.0
Alexandria_y2020.tif,313,0.0,0.023466453674121406,Alexandria,0,3842,3751.0
Alexandria_y2020.tif,1287,0.0,0.03771561771561772,Alexandria,0,3872,3751.0
Alexandria_y2020.tif,836,0.14832535885167464,0.1193421052631579,Alexandria,1,3869,3751.0
Alexandria_y2020.tif,187,0.0,0.02478609625668449,Alexandria,0,3838,3751.0
Alexandria_y2020.tif,268,0.0,0.022425373134328356,Alexandria,0,3844,3751.0
Alexandria_y2020.tif,877,0.0,0.017822120866590654,Alexandria,1,3946,3751.0
Alexandria_y2020.tif,225,0.0,0.024444444444444446,Alexandria,1,3834,3751.0
Alexandria_y2020.tif,274,0.0,0.024981751824817513,Alexandria,1,3858,3751.0
Alexandria_y2020.tif,256,0.0,0.019824218749999997,Alexandria,0,3861,3751.0
Alexandria_y2020.tif,631,0.0,0.02524564183835182,Alexandria,1,3878,3751.0
Alexandria_y2020.tif,513,0.0,0.02450292397660819,Alexandria,0,3862,3751.0
Alexandria_y2020.tif,162,0.0,0.020123456790123454,Alexandria,0,3845,3751.0
Alexandria_y2020.tif,304,0.0,0.019276315789473683,Alexandria,0,3846,3751.0
Alexandria_y2020.tif,286,0.0,0.01912587412587412,Alexandria,1,3852,3751.0
Alexandria_y2020.tif,290,0.0,0.01893103448275862,Alexandria,1,3855,3751.0
Alexandria_y2020.tif,842,0.04631828978622328,0.12362826603325415,Alexandria,1,3887,3751.0
Alexandria_y2020.tif,298,0.0,0.01728187919463087,Alexandria,1,3857,3751.0
Alexandria_y2020.tif,174,0.0,0.019913793103448273,Alexandria,0,3859,3751.0
Alexandria_y2020.tif,214,0.0,0.015957943925233645,Alexandria,0,3864,3751.0
Alexandria_y2020.tif,437,0.0,0.01757437070938215,Alexandria,1,3856,3751.0
Alexandria_y2020.tif,173,0.0,0.012398843930635835,Alexandria,1,3868,3751.0
Alexandria_y2020.tif,499,0.0,0.030641282565130257,Alexandria,0,3873,3751.0
Alexandria_y2020.tif,235,0.0,0.03929787234042553,Alexandria,1,3867,3751.0
Alexandria_y2020.tif,332,0.0,0.027364457831325305,Alexandria,0,3877,3751.0
Alexandria_y2020.tif,132,0.0,0.01818181818181818,Alexandria,0,3860,3751.0
Alexandria_y2020.tif,649,0.0,0.02540061633281972,Alexandria,0,3899,3751.0
Alexandria_y2020.tif,339,0.0,0.02346607669616519,Alexandria,1,3886,3751.0
Alexandria_y2020.tif,403,0.0,0.03792803970223325,Alexandria,1,3889,3751.0
Alexandria_y2020.tif,306,0.0,0.016944444444444446,Alexandria,0,3888,3751.0
Alexandria_y2020.tif,283,0.0,0.020795053003533567,Alexandria,1,3884,3751.0
Alexandria_y2020.tif,736,0.0,0.018648097826086955,Alexandria,0,3919,3751.0
Alexandria_y2020.tif,251,0.0,0.0,Alexandria,0,3866,3751.0
Alexandria_y2020.tif,498,0.0,0.0,Alexandria,0,3863,3751.0
Alexandria_y2020.tif,188,0.0,0.0,Alexandria,0,3880,3751.0
Alexandria_y2020.tif,400,0.0,0.0,Alexandria,1,3875,3751.0
Alexandria_y2020.tif,243,0.0,0.0,Alexandria,0,3885,3751.0
Alexandria_y2020.tif,195,0.0,0.0,Alexandria,1,3890,3751.0
Alexandria_y2020.tif,198,0.0,0.0,Alexandria,0,3897,3751.0
Alexandria_y2020.tif,223,0.0,0.0,Alexandria,1,3892,3751.0
Alexandria_y2020.tif,323,0.0,0.0011145510835913312,Alexandria,1,3911,3751.0
Alexandria_y2020.tif,192,0.0,0.0,Alexandria,1,3908,3751.0
Alexandria_y2020.tif,320,0.0,0.030296875,Alexandria,0,3900,3751.0
Alexandria_y2020.tif,1665,0.0,0.029660660660660663,Alexandria,0,3921,3751.0
Alexandria_y2020.tif,200,0.0,0.012725,Alexandria,0,3895,3751.0
Alexandria_y2020.tif,883,0.0,0.022633069082672708,Alexandria,1,3929,3751.0
Alexandria_y2020.tif,610,0.0,0.024860655737704917,Alexandria,0,3915,3751.0
Alexandria_y2020.tif,346,0.0,0.053338150289017346,Alexandria,1,3909,3751.0
Alexandria_y2020.tif,655,0.0,0.02284732824427481,Alexandria,0,3926,3751.0
Alexandria_y2020.tif,203,0.0,0.025344827586206896,Alexandria,1,3898,3751.0
Alexandria_y2020.tif,337,0.0,0.027908011869436204,Alexandria,0,3925,3751.0
Alexandria_y2020.tif,327,0.0,0.03781345565749235,Alexandria,1,3928,3751.0
Alexandria_y2020.tif,182,0.0,0.016620879120879117,Alexandria,0,3870,3751.0
Alexandria_y2020.tif,241,0.0,0.019439834024896265,Alexandria,0,3871,3751.0
Alexandria_y2020.tif,270,0.0,0.025777777777777778,Alexandria,0,3881,3751.0
Alexandria_y2020.tif,260,0.0,0.018826923076923074,Alexandria,1,3874,3751.0
Alexandria_y2020.tif,216,0.0,0.021249999999999998,Alexandria,0,3882,3751.0
Alexandria_y2020.tif,869,0.0,0.02626006904487917,Alexandria,0,3902,3751.0
Alexandria_y2020.tif,449,0.0,0.01985523385300668,Alexandria,1,3910,3751.0
Alexandria_y2020.tif,342,0.0,0.02042397660818713,Alexandria,1,3907,3751.0
Alexandria_y2020.tif,634,0.0,0.019921135646687696,Alexandria,1,3893,3751.0
Alexandria_y2020.tif,177,0.0,0.027146892655367235,Alexandria,0,3891,3751.0
Alexandria_y2020.tif,184,0.0,0.021114130434782608,Alexandria,0,3894,3751.0
Alexandria_y2020.tif,318,0.0,0.018962264150943393,Alexandria,0,3896,3751.0
Alexandria_y2020.tif,284,0.0,0.017235915492957745,Alexandria,0,3905,3751.0
Alexandria_y2020.tif,330,0.0,0.0198030303030303,Alexandria,1,3903,3751.0
Alexandria_y2020.tif,389,0.0,0.0536375321336761,Alexandria,0,3931,3751.0
Alexandria_y2020.tif,219,0.0,0.018835616438356163,Alexandria,0,3904,3751.0
Alexandria_y2020.tif,209,0.0,0.0282775119617225,Alexandria,0,3914,3751.0
Alexandria_y2020.tif,217,0.0,0.030023041474654382,Alexandria,0,3913,3751.0
Alexandria_y2020.tif,226,0.0,0.014933628318584073,Alexandria,0,3912,3751.0
Alexandria_y2020.tif,153,0.0,0.018202614379084967,Alexandria,1,3901,3751.0
Alexandria_y2020.tif,222,0.0,0.0,Alexandria,0,3920,3751.0
Alexandria_y2020.tif,174,0.0,0.0,Alexandria,0,3922,3751.0
Alexandria_y2020.tif,190,0.0,0.0,Alexandria,1,3924,3751.0
Alexandria_y2020.tif,218,0.0,0.004082568807339449,Alexandria,1,3933,3751.0
Alexandria_y2020.tif,223,0.0,0.0,Alexandria,1,3939,3751.0
Alexandria_y2020.tif,238,0.0,0.0,Alexandria,1,3945,3751.0
Alexandria_y2020.tif,191,0.0,0.0,Alexandria,0,3944,3751.0
Alexandria_y2020.tif,190,0.0,0.0,Alexandria,1,3958,3751.0
Alexandria_y2020.tif,210,0.0,0.0,Alexandria,0,3960,3751.0
Alexandria_y2020.tif,382,0.0,0.011217277486910994,Alexandria,0,3952,3751.0
Alexandria_y2020.tif,126,0.0,0.026349206349206355,Alexandria,0,3935,3751.0
Alexandria_y2020.tif,446,0.0,0.028082959641255605,Alexandria,1,3927,3751.0
Alexandria_y2020.tif,240,0.0,0.02552083333333334,Alexandria,1,3930,3751.0
Alexandria_y2020.tif,400,0.0,0.0440875,Alexandria,1,3917,3751.0
Alexandria_y2020.tif,289,0.0,0.011972318339100344,Alexandria,0,3947,3751.0
Alexandria_y2020.tif,217,0.0,0.01953917050691244,Alexandria,1,3942,3751.0
Alexandria_y2020.tif,238,0.0,0.026806722689075635,Alexandria,1,3948,3751.0
Alexandria_y2020.tif,989,0.0,0.015915065722952478,Alexandria,0,3980,3751.0
Alexandria_y2020.tif,561,0.0,0.02520499108734403,Alexandria,0,3974,3751.0
Alexandria_y2020.tif,423,0.0,0.026052009456264777,Alexandria,0,3964,3751.0
Alexandria_y2020.tif,379,0.0,0.020659630606860158,Alexandria,0,3916,3751.0
Alexandria_y2020.tif,248,0.0,0.02508064516129033,Alexandria,0,3918,3751.0
Alexandria_y2020.tif,269,0.0,0.019907063197026023,Alexandria,1,3923,3751.0
Alexandria_y2020.tif,175,0.0,0.033228571428571434,Alexandria,0,3932,3751.0
Alexandria_y2020.tif,239,0.0,0.02117154811715481,Alexandria,0,3940,3751.0
Alexandria_y2020.tif,324,0.0,0.024845679012345682,Alexandria,1,3936,3751.0
Alexandria_y2020.tif,162,0.0,0.01484567901234568,Alexandria,0,3934,3751.0
Alexandria_y2020.tif,221,0.0,0.035633484162895926,Alexandria,0,3956,3751.0
Alexandria_y2020.tif,155,0.0,0.02338709677419355,Alexandria,0,3954,3751.0
Alexandria_y2020.tif,243,0.0,0.017962962962962965,Alexandria,0,3943,3751.0
Alexandria_y2020.tif,259,0.0,0.019652509652509653,Alexandria,1,3951,3751.0
Alexandria_y2020.tif,175,0.0,0.022457142857142856,Alexandria,0,3955,3751.0
Alexandria_y2020.tif,513,0.0,0.0192495126705653,Alexandria,0,3941,3751.0
Alexandria_y2020.tif,1106,0.0,0.03319168173598554,Alexandria,1,3999,3751.0
Alexandria_y2020.tif,167,0.0,0.016766467065868266,Alexandria,1,3961,3751.0
Alexandria_y2020.tif,407,0.0,0.018034398034398033,Alexandria,1,3949,3751.0
Alexandria_y2020.tif,157,0.0,0.01917197452229299,Alexandria,0,3965,3751.0
Alexandria_y2020.tif,217,0.0,0.020253456221198153,Alexandria,0,3967,3751.0
Alexandria_y2020.tif,544,0.0,0.019742647058823528,Alexandria,0,3970,3751.0
Alexandria_y2020.tif,179,0.0,0.026089385474860335,Alexandria,0,3972,3751.0
Alexandria_y2020.tif,221,0.0,0.0,Alexandria,0,3963,3751.0
Alexandria_y2020.tif,191,0.0,0.0,Alexandria,1,3973,3751.0
Alexandria_y2020.tif,207,0.0,0.0,Alexandria,1,3977,3751.0
Alexandria_y2020.tif,213,0.0,0.0,Alexandria,0,3979,3751.0
Alexandria_y2020.tif,218,0.0,0.0,Alexandria,0,3983,3751.0
Alexandria_y2020.tif,206,0.0,0.0,Alexandria,1,3990,3751.0
Alexandria_y2020.tif,224,0.0,0.0,Alexandria,0,3994,3751.0
Alexandria_y2020.tif,330,0.0,0.0,Alexandria,0,4000,3751.0
Alexandria_y2020.tif,818,0.0,0.01716381418092909,Alexandria,0,3975,3751.0
Alexandria_y2020.tif,657,0.0,0.022108066971080666,Alexandria,0,3962,3751.0
Alexandria_y2020.tif,217,0.0,0.026520737327188945,Alexandria,1,3966,3751.0
Alexandria_y2020.tif,327,0.0,0.014051987767584094,Alexandria,0,3968,3751.0
Alexandria_y2020.tif,298,0.0,0.016140939597315437,Alexandria,0,3976,3751.0
Alexandria_y2020.tif,343,0.0,0.03481049562682216,Alexandria,1,3957,3751.0
Alexandria_y2020.tif,247,0.0,0.01678137651821862,Alexandria,1,3953,3751.0
Alexandria_y2020.tif,2379,0.0,0.02684110970996217,Alexandria,0,4033,3751.0
Alexandria_y2020.tif,420,0.0,0.02036904761904762,Alexandria,1,3984,3751.0
Alexandria_y2020.tif,239,0.0,0.02510460251046025,Alexandria,0,3981,3751.0
Alexandria_y2020.tif,240,0.0,0.02166666666666667,Alexandria,0,3969,3751.0
Alexandria_y2020.tif,136,0.0,0.020808823529411765,Alexandria,1,3959,3751.0
Alexandria_y2020.tif,313,0.0,0.02118210862619808,Alexandria,0,3978,3751.0
Alexandria_y2020.tif,214,0.0,0.023037383177570092,Alexandria,1,3987,3751.0
Alexandria_y2020.tif,218,0.0,0.027889908256880737,Alexandria,0,3989,3751.0
Alexandria_y2020.tif,339,0.0,0.017507374631268436,Alexandria,0,3992,3751.0
Alexandria_y2020.tif,638,0.0,0.025963949843260184,Alexandria,0,4012,3751.0
Alexandria_y2020.tif,274,0.0,0.020419708029197077,Alexandria,0,3993,3751.0
Alexandria_y2020.tif,834,0.0,0.03391486810551559,Alexandria,0,4018,3751.0
Alexandria_y2020.tif,280,0.0,0.022107142857142856,Alexandria,0,4001,3751.0
Alexandria_y2020.tif,474,0.0,0.02617088607594937,Alexandria,0,4005,3751.0
Alexandria_y2020.tif,154,0.0,0.014902597402597405,Alexandria,1,3986,3751.0
Alexandria_y2020.tif,387,0.0,0.016498708010335917,Alexandria,0,4006,3751.0
Alexandria_y2020.tif,385,0.0,0.018285714285714284,Alexandria,0,3997,3751.0
Alexandria_y2020.tif,490,0.0,0.023081632653061224,Alexandria,1,3998,3751.0
Alexandria_y2020.tif,445,0.0,0.021438202247191014,Alexandria,1,3985,3751.0
Alexandria_y2020.tif,297,0.0,0.023063973063973064,Alexandria,0,3995,3751.0
Alexandria_y2020.tif,515,0.0,0.014475728155339809,Alexandria,0,4010,3751.0
Alexandria_y2020.tif,870,0.0,0.02267816091954023,Alexandria,0,4079,3751.0
Alexandria_y2020.tif,708,0.0,0.01723870056497175,Alexandria,0,4031,3751.0
Alexandria_y2020.tif,293,0.0,0.02930034129692833,Alexandria,1,4007,3751.0
Alexandria_y2020.tif,206,0.0,0.024053398058252427,Alexandria,1,3988,3751.0
Alexandria_y2020.tif,371,0.0,0.027951482479784368,Alexandria,1,4023,3751.0
Alexandria_y2020.tif,723,0.0,0.018195020746887967,Alexandria,0,4022,3751.0
Alexandria_y2020.tif,197,0.0,0.02302030456852792,Alexandria,1,4013,3751.0
Alexandria_y2020.tif,159,0.0,0.013742138364779869,Alexandria,0,4015,3751.0
Alexandria_y2020.tif,585,0.0,0.01711111111111111,Alexandria,0,4042,3751.0
Alexandria_y2020.tif,192,0.0,0.03760416666666667,Alexandria,0,4025,3751.0
Alexandria_y2020.tif,493,0.0,0.018924949290060854,Alexandria,1,4035,3751.0
Alexandria_y2020.tif,445,0.0,0.026853932584269668,Alexandria,0,4047,3751.0
Alexandria_y2020.tif,146,0.0,0.020376712328767123,Alexandria,0,3996,3751.0
Alexandria_y2020.tif,218,0.0,0.02121559633027523,Alexandria,0,4003,3751.0
Alexandria_y2020.tif,548,0.0,0.017107664233576642,Alexandria,0,3991,3751.0
Alexandria_y2020.tif,356,0.0,0.01728932584269663,Alexandria,0,4004,3751.0
Alexandria_y2020.tif,385,0.0,0.016987012987012988,Alexandria,0,4027,3751.0
Alexandria_y2020.tif,515,0.0,0.019621359223300973,Alexandria,0,4016,3751.0
Alexandria_y2020.tif,226,0.0,0.021969026548672565,Alexandria,1,4014,3751.0
Alexandria_y2020.tif,420,0.0,0.016761904761904763,Alexandria,0,4021,3751.0
Alexandria_y2020.tif,857,0.0,0.021021003500583432,Alexandria,0,4059,3751.0
Alexandria_y2020.tif,278,0.0,0.015845323741007195,Alexandria,0,4017,3751.0
Alexandria_y2020.tif,208,0.0,0.02247596153846154,Alexandria,0,4024,3751.0
Alexandria_y2020.tif,283,0.0,0.01939929328621908,Alexandria,1,4036,3751.0
Alexandria_y2020.tif,971,0.0,0.019557157569515964,Alexandria,1,4060,3751.0
Alexandria_y2020.tif,178,0.0,0.017162921348314604,Alexandria,1,4043,3751.0
Alexandria_y2020.tif,230,0.0,0.022086956521739125,Alexandria,1,4039,3751.0
Alexandria_y2020.tif,297,0.0,0.052121212121212124,Alexandria,1,4046,3751.0
Alexandria_y2020.tif,329,0.0,0.020425531914893613,Alexandria,1,4057,3751.0
Alexandria_y2020.tif,195,0.0,0.021307692307692305,Alexandria,0,4051,3751.0
Alexandria_y2020.tif,366,0.0,0.01633879781420765,Alexandria,1,4062,3751.0
Alexandria_y2020.tif,328,0.0,0.0163719512195122,Alexandria,0,4052,3751.0
Alexandria_y2020.tif,167,0.0,0.015598802395209579,Alexandria,0,4032,3751.0
Alexandria_y2020.tif,314,0.0,0.01673566878980892,Alexandria,0,4037,3751.0
Alexandria_y2020.tif,846,0.0,0.04934397163120568,Alexandria,1,4030,3751.0
Alexandria_y2020.tif,496,0.0,0.018175403225806453,Alexandria,1,4054,3751.0
Alexandria_y2020.tif,439,0.0,0.0366742596810934,Alexandria,0,4058,3751.0
Alexandria_y2020.tif,285,0.0,0.03050877192982456,Alexandria,0,4045,3751.0
Alexandria_y2020.tif,375,0.0,0.024053333333333333,Alexandria,0,4064,3751.0
Alexandria_y2020.tif,237,0.0,0.017510548523206753,Alexandria,0,4053,3751.0
Alexandria_y2020.tif,165,0.0,0.024454545454545455,Alexandria,1,4055,3751.0
Alexandria_y2020.tif,230,0.0,0.014826086956521739,Alexandria,0,4063,3751.0
Alexandria_y2020.tif,275,0.0,0.0,Alexandria,1,4002,3751.0
Alexandria_y2020.tif,342,0.0,0.0,Alexandria,1,4011,3751.0
Alexandria_y2020.tif,216,0.0,0.0,Alexandria,0,4009,3751.0
Alexandria_y2020.tif,497,0.0,0.0367102615694165,Alexandria,0,4034,3751.0
Alexandria_y2020.tif,320,0.0,0.0,Alexandria,0,4019,3751.0
Alexandria_y2020.tif,335,0.0,0.0,Alexandria,1,4020,3751.0
Alexandria_y2020.tif,410,0.0,0.0,Alexandria,1,4026,3751.0
Alexandria_y2020.tif,238,0.0,0.0,Alexandria,1,4038,3751.0
Alexandria_y2020.tif,506,0.0,0.0,Alexandria,1,4029,3751.0
Alexandria_y2020.tif,883,0.0,0.0,Alexandria,0,4116,3751.0
Alexandria_y2020.tif,332,0.0,0.017153614457831326,Alexandria,1,4066,3751.0
Alexandria_y2020.tif,893,0.0,0.0188969764837626,Alexandria,0,4084,3751.0
Alexandria_y2020.tif,462,0.0,0.028279220779220782,Alexandria,0,4069,3751.0
Alexandria_y2020.tif,561,0.0,0.04049019607843138,Alexandria,1,4075,3751.0
Alexandria_y2020.tif,1009,0.0,0.02755203171456889,Alexandria,0,4095,3751.0
Alexandria_y2020.tif,845,0.0,0.015076923076923078,Alexandria,0,4099,3751.0
Alexandria_y2020.tif,135,0.0,0.02266666666666666,Alexandria,0,4073,3751.0
Alexandria_y2020.tif,345,0.0,0.02711594202898551,Alexandria,1,4082,3751.0
Alexandria_y2020.tif,403,0.0,0.015620347394540943,Alexandria,0,4081,3751.0
Alexandria_y2020.tif,804,0.0,0.014228855721393036,Alexandria,0,4100,3751.0
Alexandria_y2020.tif,219,0.0,0.02,Alexandria,0,4065,3751.0
Alexandria_y2020.tif,289,0.0,0.05674740484429065,Alexandria,1,4049,3751.0
Alexandria_y2020.tif,786,0.0,0.022646310432569976,Alexandria,0,4056,3751.0
Alexandria_y2020.tif,408,0.0,0.022953431372549016,Alexandria,0,4072,3751.0
Alexandria_y2020.tif,210,0.0,0.020690476190476186,Alexandria,0,4071,3751.0
Alexandria_y2020.tif,229,0.0,0.022794759825327512,Alexandria,1,4067,3751.0
Alexandria_y2020.tif,275,0.0,0.018054545454545455,Alexandria,1,4077,3751.0
Alexandria_y2020.tif,353,0.0,0.020495750708215296,Alexandria,0,4078,3751.0
Alexandria_y2020.tif,1489,0.0,0.025198119543317667,Alexandria,1,4122,3751.0
Alexandria_y2020.tif,393,0.0,0.020610687022900764,Alexandria,1,4089,3751.0
Alexandria_y2020.tif,329,0.0,0.005303951367781156,Alexandria,1,4041,3751.0
Alexandria_y2020.tif,201,0.0,0.0,Alexandria,0,4050,3751.0
Alexandria_y2020.tif,363,0.0,0.0,Alexandria,1,4044,3751.0
Alexandria_y2020.tif,216,0.0,0.0,Alexandria,1,4070,3751.0
Alexandria_y2020.tif,452,0.0,0.0,Alexandria,1,4074,3751.0
Alexandria_y2020.tif,837,0.0,0.024778972520908004,Alexandria,1,4087,3751.0
Alexandria_y2020.tif,462,0.0,0.0,Alexandria,1,4092,3751.0
Alexandria_y2020.tif,658,0.0,0.0,Alexandria,1,4105,3751.0
Alexandria_y2020.tif,387,0.0,0.020710594315245478,Alexandria,0,4091,3751.0
Alexandria_y2020.tif,259,0.0,0.019498069498069502,Alexandria,1,4085,3751.0
Alexandria_y2020.tif,415,0.0,0.021734939759036145,Alexandria,1,4094,3751.0
Alexandria_y2020.tif,243,0.0,0.017818930041152262,Alexandria,0,4093,3751.0
Alexandria_y2020.tif,203,0.0,0.028251231527093593,Alexandria,0,4102,3751.0
Alexandria_y2020.tif,142,0.0,0.02158450704225352,Alexandria,0,4090,3751.0
Alexandria_y2020.tif,293,0.0,0.024999999999999998,Alexandria,1,4112,3751.0
Alexandria_y2020.tif,286,0.0,0.020384615384615383,Alexandria,0,4113,3751.0
Alexandria_y2020.tif,211,0.0,0.014194312796208532,Alexandria,0,4104,3751.0
Alexandria_y2020.tif,298,0.0,0.1302684563758389,Alexandria,1,4096,3751.0
Alexandria_y2020.tif,261,0.0,0.014789272030651342,Alexandria,0,4076,3751.0
Alexandria_y2020.tif,571,0.0,0.01671628721541156,Alexandria,0,4088,3751.0
Alexandria_y2020.tif,293,0.0,0.014505119453924915,Alexandria,1,4083,3751.0
Alexandria_y2020.tif,251,0.0,0.02727091633466136,Alexandria,0,4086,3751.0
Alexandria_y2020.tif,347,0.0,0.022132564841498555,Alexandria,0,4134,3751.0
Alexandria_y2020.tif,367,0.0,0.021675749318801084,Alexandria,1,4108,3751.0
Alexandria_y2020.tif,228,0.0,0.03442982456140351,Alexandria,0,4098,3751.0
Alexandria_y2020.tif,942,0.0,0.019543524416135882,Alexandria,0,4139,3751.0
Alexandria_y2020.tif,358,0.0,0.01659217877094972,Alexandria,0,4097,3751.0
Alexandria_y2020.tif,546,0.0,0.0216025641025641,Alexandria,1,4107,3751.0
Alexandria_y2020.tif,983,0.0,0.0,Alexandria,0,4183,3751.0
Alexandria_y2020.tif,646,0.0,0.0,Alexandria,1,4101,3751.0
Alexandria_y2020.tif,232,0.0,0.0,Alexandria,0,4118,3751.0
Alexandria_y2020.tif,488,0.0,0.0,Alexandria,1,4130,3751.0
Alexandria_y2020.tif,437,0.0,0.02167048054919908,Alexandria,0,4144,3751.0
Alexandria_y2020.tif,17,0.0,0.0,Alexandria,0,4200,3751.0
Alexandria_y2020.tif,414,0.0,0.0,Alexandria,0,4154,3751.0
Alexandria_y2020.tif,388,0.0,0.0,Alexandria,1,4158,3751.0
Alexandria_y2020.tif,459,0.0,0.0,Alexandria,1,4160,3751.0
Alexandria_y2020.tif,492,0.0,0.00043699186991869916,Alexandria,0,4169,3751.0
Alexandria_y2020.tif,209,0.0,0.01811004784688995,Alexandria,1,4110,3751.0
Alexandria_y2020.tif,149,0.0,0.01855704697986577,Alexandria,1,4106,3751.0
Alexandria_y2020.tif,173,0.0,0.017658959537572252,Alexandria,1,4119,3751.0
Alexandria_y2020.tif,267,0.0,0.05687265917602996,Alexandria,1,4114,3751.0
Alexandria_y2020.tif,139,0.0,0.017410071942446044,Alexandria,0,4117,3751.0
Alexandria_y2020.tif,160,0.0,0.021593750000000002,Alexandria,1,4129,3751.0
Alexandria_y2020.tif,302,0.0,0.021341059602649006,Alexandria,0,4135,3751.0
Alexandria_y2020.tif,191,0.0,0.02096858638743455,Alexandria,0,4124,3751.0
Alexandria_y2020.tif,177,0.0,0.016638418079096048,Alexandria,0,4125,3751.0
Alexandria_y2020.tif,267,0.0,0.02344569288389513,Alexandria,0,4138,3751.0
Alexandria_y2020.tif,300,0.0,0.0214,Alexandria,0,4111,3751.0
Alexandria_y2020.tif,547,0.0,0.06460694698354662,Alexandria,1,4120,3751.0
Alexandria_y2020.tif,286,0.0,0.018234265734265735,Alexandria,0,4103,3751.0
Alexandria_y2020.tif,319,0.0,0.01909090909090909,Alexandria,1,4109,3751.0
Alexandria_y2020.tif,673,0.0,0.02970282317979198,Alexandria,0,4132,3751.0
Alexandria_y2020.tif,282,0.0,0.03854609929078014,Alexandria,0,4115,3751.0
Alexandria_y2020.tif,236,0.0,0.019661016949152545,Alexandria,1,4131,3751.0
Alexandria_y2020.tif,606,0.0,0.03616336633663366,Alexandria,0,4121,3751.0
Alexandria_y2020.tif,214,0.0,0.02684579439252337,Alexandria,0,4126,3751.0
Alexandria_y2020.tif,160,0.0,0.015281250000000001,Alexandria,0,4127,3751.0
Alexandria_y2020.tif,209,0.0,0.02657894736842106,Alexandria,1,4133,3751.0
Alexandria_y2020.tif,610,0.0,0.018934426229508194,Alexandria,1,4151,3751.0
Alexandria_y2020.tif,218,0.0,0.017798165137614678,Alexandria,1,4136,3751.0
Alexandria_y2020.tif,411,0.0,0.018905109489051095,Alexandria,0,4155,3751.0
Alexandria_y2020.tif,173,0.0,0.022976878612716762,Alexandria,0,4142,3751.0
Alexandria_y2020.tif,204,0.0,0.02169117647058823,Alexandria,1,4149,3751.0
Alexandria_y2020.tif,600,0.0,0.023641666666666665,Alexandria,1,4150,3751.0
Alexandria_y2020.tif,476,0.0,0.01651260504201681,Alexandria,0,4163,3751.0
Alexandria_y2020.tif,231,0.0,0.022943722943722943,Alexandria,0,4159,3751.0
Alexandria_y2020.tif,471,0.0,0.017579617834394906,Alexandria,0,4170,3751.0
Alexandria_y2020.tif,353,0.0,0.018753541076487253,Alexandria,0,4147,3751.0
Alexandria_y2020.tif,155,0.0,0.019129032258064515,Alexandria,1,4145,3751.0
Alexandria_y2020.tif,198,0.0,0.030631313131313134,Alexandria,0,4140,3751.0
Alexandria_y2020.tif,203,0.0,0.022980295566502464,Alexandria,1,4148,3751.0
Alexandria_y2020.tif,172,0.0,0.029970930232558136,Alexandria,0,4143,3751.0
Alexandria_y2020.tif,176,0.0,0.018125000000000002,Alexandria,0,4156,3751.0
Alexandria_y2020.tif,505,0.0,0.01906930693069307,Alexandria,0,4153,3751.0
Alexandria_y2020.tif,465,0.0,0.01889247311827957,Alexandria,0,4141,3751.0
Alexandria_y2020.tif,183,0.0,0.014508196721311472,Alexandria,0,4152,3751.0
Alexandria_y2020.tif,518,0.0,0.017857142857142856,Alexandria,0,4172,3751.0
Alexandria_y2020.tif,510,0.0,0.03086274509803922,Alexandria,1,4166,3751.0
Alexandria_y2020.tif,1681,0.0,0.020350981558596073,Alexandria,0,4202,3751.0
Alexandria_y2020.tif,282,0.0,0.017712765957446804,Alexandria,0,4164,3751.0
Alexandria_y2020.tif,162,0.0,0.01898148148148148,Alexandria,0,4161,3751.0
Alexandria_y2020.tif,430,0.0,0.021686046511627904,Alexandria,0,4176,3751.0
Alexandria_y2020.tif,114,0.0,0.016929824561403503,Alexandria,0,4167,3751.0
Alexandria_y2020.tif,439,0.0,0.019772209567198176,Alexandria,1,4184,3751.0
Alexandria_y2020.tif,239,0.0,0.021359832635983265,Alexandria,0,4181,3751.0
Alexandria_y2020.tif,514,0.0,0.04430933852140078,Alexandria,1,4198,3751.0
Alexandria_y2020.tif,370,0.0,0.019608108108108105,Alexandria,0,4189,3751.0
Alexandria_y2020.tif,230,0.0,0.024086956521739134,Alexandria,0,4157,3751.0
Alexandria_y2020.tif,482,0.0,0.07420124481327801,Alexandria,1,4185,3751.0
Alexandria_y2020.tif,199,0.0,0.028216080402010055,Alexandria,1,4162,3751.0
Alexandria_y2020.tif,390,0.0,0.019717948717948713,Alexandria,1,4174,3751.0
Alexandria_y2020.tif,404,0.0,0.017178217821782176,Alexandria,1,4177,3751.0
Alexandria_y2020.tif,306,0.0,0.02519607843137255,Alexandria,1,4175,3751.0
Alexandria_y2020.tif,182,0.0,0.024175824175824173,Alexandria,0,4165,3751.0
Alexandria_y2020.tif,213,0.0,0.020727699530516428,Alexandria,0,4168,3751.0
Alexandria_y2020.tif,458,0.0,0.025993449781659395,Alexandria,0,4171,3751.0
Alexandria_y2020.tif,278,0.0,0.014640287769784174,Alexandria,0,4178,3751.0
Alexandria_y2020.tif,294,0.0,0.0,Alexandria,1,4180,3751.0
Alexandria_y2020.tif,511,0.0,0.0,Alexandria,0,4173,3751.0
Alexandria_y2020.tif,444,0.0,0.0,Alexandria,1,4190,3751.0
Alexandria_y2020.tif,486,0.0,0.008991769547325102,Alexandria,1,4179,3751.0
Alexandria_y2020.tif,196,0.0,0.0,Alexandria,1,4208,3751.0
Alexandria_y2020.tif,391,0.0,0.0,Alexandria,1,4188,3751.0
Alexandria_y2020.tif,675,0.0,0.0,Alexandria,1,4212,3751.0
Alexandria_y2020.tif,865,0.0,0.01573410404624278,Alexandria,0,4259,3751.0
Alexandria_y2020.tif,185,0.0,0.036513513513513514,Alexandria,1,4187,3751.0
Alexandria_y2020.tif,562,0.0,0.017375444839857652,Alexandria,0,4199,3751.0
Alexandria_y2020.tif,317,0.0,0.02334384858044164,Alexandria,0,4195,3751.0
Alexandria_y2020.tif,284,0.0,0.017992957746478872,Alexandria,0,4194,3751.0
Alexandria_y2020.tif,405,0.0,0.02254320987654321,Alexandria,0,4203,3751.0
Alexandria_y2020.tif,242,0.0,0.01789256198347107,Alexandria,1,4201,3751.0
Alexandria_y2020.tif,738,0.0,0.018705962059620596,Alexandria,0,4213,3751.0
Alexandria_y2020.tif,208,0.0,0.017932692307692306,Alexandria,0,4197,3751.0
Alexandria_y2020.tif,210,0.0,0.01542857142857143,Alexandria,0,4205,3751.0
Alexandria_y2020.tif,355,0.0,0.022394366197183095,Alexandria,0,4216,3751.0
Alexandria_y2020.tif,619,0.0,0.027269789983844914,Alexandria,0,4206,3751.0
Alexandria_y2020.tif,401,0.0,0.021745635910224437,Alexandria,0,4182,3751.0
Alexandria_y2020.tif,374,0.0,0.02264705882352941,Alexandria,0,4207,3751.0
Alexandria_y2020.tif,174,0.0,0.015114942528735631,Alexandria,0,4186,3751.0
Alexandria_y2020.tif,570,0.0,0.019771929824561402,Alexandria,1,4192,3751.0
Alexandria_y2020.tif,262,0.0,0.01778625954198473,Alexandria,0,4193,3751.0
Alexandria_y2020.tif,1492,0.0,0.02101876675603217,Alexandria,0,4233,3751.0
Alexandria_y2020.tif,332,0.0,0.01814759036144578,Alexandria,1,4209,3751.0
Alexandria_y2020.tif,391,0.0,0.020383631713554985,Alexandria,1,4191,3751.0
Alexandria_y2020.tif,710,0.0,0.019507042253521126,Alexandria,0,4245,3751.0
Alexandria_y2020.tif,533,0.0,0.02136022514071295,Alexandria,0,4224,3751.0
Alexandria_y2020.tif,493,0.0,0.017920892494929008,Alexandria,1,4228,3751.0
Alexandria_y2020.tif,1634,0.0,0.021884944920440637,Alexandria,0,4260,3751.0
Alexandria_y2020.tif,396,0.0,0.022979797979797975,Alexandria,0,4227,3751.0
Alexandria_y2020.tif,191,0.0,0.023403141361256537,Alexandria,0,4219,3751.0
Alexandria_y2020.tif,202,0.0,0.02017326732673267,Alexandria,1,4222,3751.0
Alexandria_y2020.tif,97,0.0,0.01979381443298969,Alexandria,0,4215,3751.0
Alexandria_y2020.tif,121,0.0,0.019049586776859504,Alexandria,0,4225,3751.0
Alexandria_y2020.tif,314,0.0,0.02127388535031847,Alexandria,0,4256,3751.0
Alexandria_y2020.tif,467,0.0,0.014625267665952893,Alexandria,1,4238,3751.0
Alexandria_y2020.tif,280,0.0,0.017089285714285713,Alexandria,1,4204,3751.0
Alexandria_y2020.tif,956,0.0,0.04686192468619247,Alexandria,0,4232,3751.0
Alexandria_y2020.tif,195,0.0,0.01982051282051282,Alexandria,0,4217,3751.0
Alexandria_y2020.tif,853,0.0,0.01772567409144197,Alexandria,0,4240,3751.0
Alexandria_y2020.tif,1738,0.0,0.019214614499424625,Alexandria,1,4264,3751.0
Alexandria_y2020.tif,1048,0.0,0.06752385496183207,Alexandria,0,4246,3751.0
Alexandria_y2020.tif,243,0.0,0.017962962962962965,Alexandria,0,4231,3751.0
Alexandria_y2020.tif,294,0.0,0.01780612244897959,Alexandria,1,4223,3751.0
Alexandria_y2020.tif,224,0.0,0.02095982142857143,Alexandria,1,4226,3751.0
Alexandria_y2020.tif,1763,0.0,0.017606352807714123,Alexandria,0,4287,3751.0
Alexandria_y2020.tif,194,0.0,0.020670103092783505,Alexandria,0,4234,3751.0
Alexandria_y2020.tif,258,0.0,0.017713178294573643,Alexandria,1,4236,3751.0
Alexandria_y2020.tif,186,0.0,0.01682795698924731,Alexandria,0,4230,3751.0
Alexandria_y2020.tif,328,0.0,0.016448170731707318,Alexandria,0,4239,3751.0
Alexandria_y2020.tif,164,0.0,0.02067073170731707,Alexandria,0,4235,3751.0
Alexandria_y2020.tif,1682,0.0,0.020404280618311534,Alexandria,1,4328,3751.0
Alexandria_y2020.tif,198,0.0,0.01818181818181818,Alexandria,1,4249,3751.0
Alexandria_y2020.tif,289,0.0,0.019325259515570934,Alexandria,0,4252,3751.0
Alexandria_y2020.tif,163,0.0,0.022085889570552145,Alexandria,1,4243,3751.0
Alexandria_y2020.tif,329,0.0,0.016519756838905778,Alexandria,0,4244,3751.0
Alexandria_y2020.tif,284,0.0,0.016056338028169012,Alexandria,1,4210,3751.0
Alexandria_y2020.tif,241,0.0,0.0,Alexandria,0,4221,3751.0
Alexandria_y2020.tif,379,0.0,0.0,Alexandria,1,4218,3751.0
Alexandria_y2020.tif,506,0.0,0.0,Alexandria,1,4229,3751.0
Alexandria_y2020.tif,261,0.0,0.0,Alexandria,1,4237,3751.0
Alexandria_y2020.tif,530,0.0,0.0,Alexandria,1,4241,3751.0
Alexandria_y2020.tif,206,0.0,0.0,Alexandria,0,4242,3751.0
Alexandria_y2020.tif,254,0.0,0.0,Alexandria,1,4257,3751.0
Alexandria_y2020.tif,1329,0.0,0.028912716328066215,Alexandria,0,4286,3751.0
Alexandria_y2020.tif,1733,0.0,0.0,Alexandria,0,4299,3751.0
Alexandria_y2020.tif,226,0.0,0.0,Alexandria,1,4266,3751.0
Alexandria_y2020.tif,711,0.0,0.0,Alexandria,0,4292,3751.0
Alexandria_y2020.tif,382,0.0,0.0,Alexandria,1,4279,3751.0
Alexandria_y2020.tif,310,0.0,0.0,Alexandria,1,4289,3751.0
Alexandria_y2020.tif,284,0.0,0.0,Alexandria,0,4290,3751.0
Alexandria_y2020.tif,270,0.0,0.018166666666666668,Alexandria,0,4247,3751.0
Alexandria_y2020.tif,227,0.0,0.02024229074889868,Alexandria,0,4254,3751.0
Alexandria_y2020.tif,258,0.0,0.01827519379844961,Alexandria,0,4258,3751.0
Alexandria_y2020.tif,1759,0.0,0.02324047754405913,Alexandria,0,4297,3751.0
Alexandria_y2020.tif,214,0.0,0.022149532710280376,Alexandria,1,4265,3751.0
Alexandria_y2020.tif,170,0.0,0.018647058823529412,Alexandria,0,4262,3751.0
Alexandria_y2020.tif,294,0.0,0.017414965986394554,Alexandria,0,4272,3751.0
Alexandria_y2020.tif,414,0.0,0.018321256038647343,Alexandria,1,4271,3751.0
Alexandria_y2020.tif,254,0.0,0.026358267716535433,Alexandria,0,4278,3751.0
Alexandria_y2020.tif,1144,0.0,0.01937937062937063,Alexandria,0,4305,3751.0
Alexandria_y2020.tif,308,0.0,0.01831168831168831,Alexandria,1,4250,3751.0
Alexandria_y2020.tif,191,0.0,0.0212565445026178,Alexandria,0,4255,3751.0
Alexandria_y2020.tif,132,0.0,0.012575757575757577,Alexandria,0,4253,3751.0
Alexandria_y2020.tif,1519,0.0,0.021504279131007237,Alexandria,0,4276,3751.0
Alexandria_y2020.tif,249,0.0,0.013132530120481928,Alexandria,1,4261,3751.0
Alexandria_y2020.tif,231,0.0,0.01926406926406926,Alexandria,0,4263,3751.0
Alexandria_y2020.tif,649,0.0,0.022442218798150997,Alexandria,0,4284,3751.0
Alexandria_y2020.tif,282,0.0,0.013333333333333332,Alexandria,0,4268,3751.0
Alexandria_y2020.tif,133,0.0,0.01894736842105263,Alexandria,0,4274,3751.0
Alexandria_y2020.tif,753,0.0,0.01940903054448871,Alexandria,0,4294,3751.0
Alexandria_y2020.tif,236,0.0,0.01976694915254237,Alexandria,0,4281,3751.0
Alexandria_y2020.tif,329,0.0,0.016914893617021278,Alexandria,0,4288,3751.0
Alexandria_y2020.tif,276,0.0,0.014221014492753623,Alexandria,0,4285,3751.0
Alexandria_y2020.tif,687,0.0,0.019010189228529838,Alexandria,0,4303,3751.0
Alexandria_y2020.tif,302,0.0,0.016672185430463577,Alexandria,1,4296,3751.0
Alexandria_y2020.tif,503,0.0,0.017296222664015908,Alexandria,0,4301,3751.0
Alexandria_y2020.tif,566,0.0,0.018772084805653712,Alexandria,0,4308,3751.0
Alexandria_y2020.tif,327,0.0,0.017691131498470947,Alexandria,0,4302,3751.0
Alexandria_y2020.tif,136,0.0,0.01488970588235294,Alexandria,0,4298,3751.0
Alexandria_y2020.tif,431,0.0,0.020928074245939683,Alexandria,0,4310,3751.0
Alexandria_y2020.tif,1138,0.0,0.027341827768014054,Alexandria,0,4332,3751.0
Alexandria_y2020.tif,385,0.0,0.020467532467532464,Alexandria,0,4315,3751.0
Alexandria_y2020.tif,402,0.0,0.017910447761194027,Alexandria,0,4321,3751.0
Alexandria_y2020.tif,338,0.0,0.01633136094674556,Alexandria,0,4319,3751.0
Alexandria_y2020.tif,128,0.0,0.019765625000000002,Alexandria,0,4309,3751.0
Alexandria_y2020.tif,105,0.0,0.01933333333333333,Alexandria,0,4311,3751.0
Alexandria_y2020.tif,149,0.0,0.023422818791946305,Alexandria,0,4316,3751.0
Alexandria_y2020.tif,176,0.0,0.016988636363636365,Alexandria,0,4323,3751.0
Alexandria_y2020.tif,358,0.0,0.01770949720670391,Alexandria,0,4320,3751.0
Alexandria_y2020.tif,278,0.0,0.019820143884892085,Alexandria,1,4335,3751.0
Alexandria_y2020.tif,142,0.0,0.015915492957746476,Alexandria,0,4277,3751.0
Alexandria_y2020.tif,274,0.0,0.03133211678832117,Alexandria,0,4280,3751.0
Alexandria_y2020.tif,1111,0.0,0.028559855985598556,Alexandria,0,4313,3751.0
Alexandria_y2020.tif,151,0.0,0.016655629139072845,Alexandria,0,4293,3751.0
Alexandria_y2020.tif,128,0.0,0.024609375000000006,Alexandria,0,4295,3751.0
Alexandria_y2020.tif,485,0.0,0.036567010309278364,Alexandria,1,4314,3751.0
Alexandria_y2020.tif,134,0.0,0.021679104477611937,Alexandria,0,4306,3751.0
Alexandria_y2020.tif,7720,0.00025906735751295336,0.026242875647668397,Alexandria,0,4382,3751.0
Alexandria_y2020.tif,230,0.0,0.018695652173913047,Alexandria,0,4307,3751.0
Alexandria_y2020.tif,391,0.0,0.029884910485933506,Alexandria,0,4327,3751.0
Alexandria_y2020.tif,256,0.0,0.0176171875,Alexandria,0,4333,3751.0
Alexandria_y2020.tif,126,0.0,0.020476190476190474,Alexandria,1,4330,3751.0
Alexandria_y2020.tif,146,0.0,0.02404109589041096,Alexandria,0,4331,3751.0
Alexandria_y2020.tif,149,0.0,0.018523489932885905,Alexandria,0,4334,3751.0
Alexandria_y2020.tif,598,0.0,0.020777591973244147,Alexandria,0,4345,3751.0
Alexandria_y2020.tif,332,0.0,0.01692771084337349,Alexandria,0,4341,3751.0
Alexandria_y2020.tif,426,0.0,0.005422535211267606,Alexandria,0,4340,3751.0
Alexandria_y2020.tif,203,0.0,0.019950738916256153,Alexandria,0,4338,3751.0
Alexandria_y2020.tif,197,0.0,0.015609137055837564,Alexandria,0,4339,3751.0
Alexandria_y2020.tif,101,0.0,0.016782178217821787,Alexandria,1,4337,3751.0
Alexandria_y2020.tif,763,0.0,0.0,Alexandria,1,4322,3751.0
Alexandria_y2020.tif,439,0.0,0.0,Alexandria,1,4317,3751.0
Alexandria_y2020.tif,671,0.0,0.0,Alexandria,0,4325,3751.0
Alexandria_y2020.tif,477,0.0,0.0,Alexandria,0,4329,3751.0
Alexandria_y2020.tif,2205,0.0,0.010950113378684808,Alexandria,0,4347,3751.0
Alexandria_y2020.tif,832,0.0,0.0,Alexandria,1,4351,3751.0
Alexandria_y2020.tif,3400,0.0,0.02664852941176471,Alexandria,0,4371,3751.0
Alexandria_y2020.tif,400,0.0,0.1271125,Alexandria,0,4343,3751.0
Alexandria_y2020.tif,1818,0.0,0.055077007700770085,Alexandria,1,4364,3751.0
Alexandria_y2020.tif,838,0.0,0.027058472553699284,Alexandria,0,4361,3751.0
Alexandria_y2020.tif,178,0.0,0.026769662921348317,Alexandria,0,4350,3751.0
Alexandria_y2020.tif,496,0.0,0.03326612903225807,Alexandria,0,4372,3751.0
Alexandria_y2020.tif,237,0.0,0.028438818565400852,Alexandria,0,4359,3751.0
Alexandria_y2020.tif,1420,0.0,0.028982394366197185,Alexandria,0,4378,3751.0
Alexandria_y2020.tif,982,0.045824847250509164,0.1421283095723014,Alexandria,1,4369,3751.0
Alexandria_y2020.tif,414,0.0,0.02888888888888889,Alexandria,0,4367,3751.0
Alexandria_y2020.tif,176,0.0,0.02173295454545454,Alexandria,0,4342,3751.0
Alexandria_y2020.tif,243,0.0,0.01814814814814815,Alexandria,0,4348,3751.0
Alexandria_y2020.tif,690,0.0,0.016398550724637685,Alexandria,0,4365,3751.0
Alexandria_y2020.tif,179,0.0,0.015893854748603352,Alexandria,0,4352,3751.0
Alexandria_y2020.tif,151,0.0,0.020298013245033112,Alexandria,0,4354,3751.0
Alexandria_y2020.tif,215,0.0,0.020395348837209303,Alexandria,0,4357,3751.0
Alexandria_y2020.tif,134,0.0,0.013059701492537313,Alexandria,0,4358,3751.0
Alexandria_y2020.tif,177,0.0,0.018954802259887004,Alexandria,0,4363,3751.0
Alexandria_y2020.tif,181,0.0,0.01624309392265193,Alexandria,1,4366,3751.0
Alexandria_y2020.tif,833,0.0,0.018121248499399757,Alexandria,0,4389,3751.0
Alexandria_y2020.tif,3024,0.0,0.0,Alexandria,0,4425,3751.0
Alexandria_y2020.tif,454,0.0,0.0,Alexandria,1,4356,3751.0
Alexandria_y2020.tif,229,0.0,0.0,Alexandria,1,4360,3751.0
Alexandria_y2020.tif,2767,0.0,0.0,Alexandria,0,4432,3751.0
Alexandria_y2020.tif,494,0.0,0.10008097165991903,Alexandria,1,4380,3751.0
Alexandria_y2020.tif,1344,0.0,0.03688244047619048,Alexandria,0,4390,3751.0
Alexandria_y2020.tif,5899,0.0,0.03961434141379895,Alexandria,0,4428,3751.0
Alexandria_y2020.tif,183,0.0,0.03882513661202187,Alexandria,0,4385,3751.0
Alexandria_y2020.tif,360,0.0,0.04072222222222223,Alexandria,1,4386,3751.0
Alexandria_y2020.tif,310,0.0,0.031919354838709675,Alexandria,1,4387,3751.0
Alexandria_y2020.tif,602,0.0,0.03274086378737542,Alexandria,0,4392,3751.0
Alexandria_y2020.tif,727,0.0,0.03873452544704264,Alexandria,0,4394,3751.0
Alexandria_y2020.tif,430,0.0,0.10353488372093024,Alexandria,1,4393,3751.0
Alexandria_y2020.tif,759,0.0,0.04082345191040843,Alexandria,1,4404,3751.0
Alexandria_y2020.tif,388,0.0,0.015798969072164947,Alexandria,0,4376,3751.0
Alexandria_y2020.tif,302,0.0,0.02399006622516556,Alexandria,0,4373,3751.0
Alexandria_y2020.tif,120,0.0,0.020791666666666667,Alexandria,0,4370,3751.0
Alexandria_y2020.tif,1037,0.0,0.01613307618129219,Alexandria,0,4399,3751.0
Alexandria_y2020.tif,156,0.0,0.01141025641025641,Alexandria,0,4375,3751.0
Alexandria_y2020.tif,120,0.0,0.012166666666666666,Alexandria,0,4381,3751.0
Alexandria_y2020.tif,146,0.0,0.015273972602739728,Alexandria,0,4388,3751.0
Alexandria_y2020.tif,728,0.0,0.020803571428571428,Alexandria,0,4401,3751.0
Alexandria_y2020.tif,3827,0.0,0.018109485236477662,Alexandria,0,4459,3751.0
Alexandria_y2020.tif,504,0.0,0.025565476190476197,Alexandria,0,4400,3751.0
Alexandria_y2020.tif,15,0.0,0.0,Alexandria,0,4534,3751.0
Alexandria_y2020.tif,4570,0.0,0.01512691466083151,Alexandria,1,4487,3751.0
Alexandria_y2020.tif,480,0.0,0.0,Alexandria,0,4408,3751.0
Alexandria_y2020.tif,479,0.0,0.0,Alexandria,1,4431,3751.0
Alexandria_y2020.tif,277,0.0,0.0,Alexandria,1,4435,3751.0
Alexandria_y2020.tif,165,0.0,0.0,Alexandria,1,4427,3751.0
Alexandria_y2020.tif,417,0.0,0.0,Alexandria,0,4448,3751.0
Alexandria_y2020.tif,418,0.0,0.0,Alexandria,0,4442,3751.0
Alexandria_y2020.tif,299,0.0,0.0,Alexandria,0,4466,3751.0
Alexandria_y2020.tif,402,0.0,0.02284825870646766,Alexandria,0,4402,3751.0
Alexandria_y2020.tif,506,0.0,0.03193675889328063,Alexandria,0,4403,3751.0
Alexandria_y2020.tif,333,0.0,0.014444444444444446,Alexandria,1,4409,3751.0
Alexandria_y2020.tif,1108,0.0,0.04027075812274368,Alexandria,0,4407,3751.0
Alexandria_y2020.tif,174,0.0,0.015229885057471264,Alexandria,0,4412,3751.0
Alexandria_y2020.tif,394,0.0,0.032182741116751276,Alexandria,1,4415,3751.0
Alexandria_y2020.tif,248,0.0,0.017096774193548388,Alexandria,0,4418,3751.0
Alexandria_y2020.tif,327,0.0,0.042859327217125376,Alexandria,1,4419,3751.0
Alexandria_y2020.tif,278,0.0,0.019946043165467626,Alexandria,1,4413,3751.0
Alexandria_y2020.tif,482,0.0,0.050819502074688806,Alexandria,1,4424,3751.0
Alexandria_y2020.tif,178,0.0,0.015337078651685395,Alexandria,0,4398,3751.0
Alexandria_y2020.tif,718,0.0,0.027688022284122565,Alexandria,0,4416,3751.0
Alexandria_y2020.tif,241,0.0,0.01836099585062241,Alexandria,0,4410,3751.0
Alexandria_y2020.tif,205,0.0,0.01946341463414634,Alexandria,0,4406,3751.0
Alexandria_y2020.tif,642,0.0,0.013676012461059189,Alexandria,0,4422,3751.0
Alexandria_y2020.tif,797,0.0,0.02126097867001255,Alexandria,1,4440,3751.0
Alexandria_y2020.tif,463,0.0,0.021781857451403885,Alexandria,0,4429,3751.0
Alexandria_y2020.tif,384,0.0,0.02393229166666667,Alexandria,0,4430,3751.0
Alexandria_y2020.tif,155,0.0,0.029806451612903226,Alexandria,0,4423,3751.0
Alexandria_y2020.tif,263,0.0,0.015893536121673,Alexandria,0,4439,3751.0
Alexandria_y2020.tif,373,0.0,0.03723860589812333,Alexandria,0,4417,3751.0
Alexandria_y2020.tif,188,0.0,0.05053191489361702,Alexandria,1,4420,3751.0
Alexandria_y2020.tif,413,0.0,0.05714285714285715,Alexandria,1,4421,3751.0
Alexandria_y2020.tif,302,0.0,0.03440397350993378,Alexandria,0,4437,3751.0
Alexandria_y2020.tif,245,0.0,0.04410204081632653,Alexandria,1,4436,3751.0
Alexandria_y2020.tif,233,0.0,0.01630901287553648,Alexandria,1,4434,3751.0
Alexandria_y2020.tif,582,0.0,0.04220790378006872,Alexandria,1,4470,3751.0
Alexandria_y2020.tif,1141,0.0,0.0475065731814198,Alexandria,0,4449,3751.0
Alexandria_y2020.tif,425,0.0,0.01643529411764706,Alexandria,1,4433,3751.0
Alexandria_y2020.tif,384,0.0,0.020338541666666664,Alexandria,1,4450,3751.0
Alexandria_y2020.tif,315,0.0,0.0206984126984127,Alexandria,0,4453,3751.0
Alexandria_y2020.tif,241,0.0,0.018236514522821577,Alexandria,0,4445,3751.0
Alexandria_y2020.tif,428,0.0,0.016016355140186917,Alexandria,0,4461,3751.0
Alexandria_y2020.tif,192,0.0,0.02390625,Alexandria,0,4454,3751.0
Alexandria_y2020.tif,399,0.0,0.017343358395989973,Alexandria,1,4464,3751.0
Alexandria_y2020.tif,117,0.0,0.022435897435897433,Alexandria,0,4446,3751.0
Alexandria_y2020.tif,159,0.0,0.014182389937106918,Alexandria,1,4451,3751.0
Alexandria_y2020.tif,241,0.0,0.014170124481327801,Alexandria,0,4455,3751.0
Alexandria_y2020.tif,335,0.0,0.024238805970149258,Alexandria,0,4472,3751.0
Alexandria_y2020.tif,390,0.0,0.017884615384615384,Alexandria,0,4476,3751.0
Alexandria_y2020.tif,239,0.0,0.044456066945606706,Alexandria,1,4441,3751.0
Alexandria_y2020.tif,538,0.0,0.019479553903345725,Alexandria,1,4447,3751.0
Alexandria_y2020.tif,644,0.0,0.038649068322981366,Alexandria,1,4458,3751.0
Alexandria_y2020.tif,281,0.0,0.018683274021352312,Alexandria,0,4452,3751.0
Alexandria_y2020.tif,518,0.0,0.03310810810810811,Alexandria,1,4465,3751.0
Alexandria_y2020.tif,374,0.0,0.05808823529411765,Alexandria,1,4456,3751.0
Alexandria_y2020.tif,410,0.0,0.060487804878048786,Alexandria,1,4460,3751.0
Alexandria_y2020.tif,322,0.0,0.024270186335403728,Alexandria,1,4462,3751.0
Alexandria_y2020.tif,255,0.0,0.034549019607843144,Alexandria,0,4468,3751.0
Alexandria_y2020.tif,187,0.0,0.01850267379679144,Alexandria,1,4457,3751.0
Alexandria_y2020.tif,330,0.0,0.015681818181818186,Alexandria,0,4481,3751.0
Alexandria_y2020.tif,437,0.0,0.025400457665903892,Alexandria,1,4479,3751.0
Alexandria_y2020.tif,205,0.0,0.06090243902439024,Alexandria,0,4473,3751.0
Alexandria_y2020.tif,3000,0.0,0.026595,Alexandria,0,4610,3751.0
Alexandria_y2020.tif,373,0.0,0.025764075067024127,Alexandria,1,4475,3751.0
Alexandria_y2020.tif,286,0.0,0.02407342657342657,Alexandria,1,4480,3751.0
Alexandria_y2020.tif,184,0.0,0.025923913043478262,Alexandria,0,4469,3751.0
Alexandria_y2020.tif,306,0.0,0.017598039215686274,Alexandria,1,4477,3751.0
Alexandria_y2020.tif,304,0.0,0.02090460526315789,Alexandria,1,4486,3751.0
Alexandria_y2020.tif,213,0.0,0.016384976525821594,Alexandria,1,4482,3751.0
Alexandria_y2020.tif,334,0.0,0.0,Alexandria,1,4471,3751.0
Alexandria_y2020.tif,210,0.0,0.0,Alexandria,0,4474,3751.0
Alexandria_y2020.tif,258,0.0,0.0,Alexandria,0,4483,3751.0
Alexandria_y2020.tif,182,0.0,0.0,Alexandria,0,4484,3751.0
Alexandria_y2020.tif,188,0.0,0.0,Alexandria,0,4496,3751.0
Alexandria_y2020.tif,208,0.0,0.0,Alexandria,0,4503,3751.0
Alexandria_y2020.tif,217,0.0,0.0,Alexandria,0,4509,3751.0
Alexandria_y2020.tif,319,0.0,0.0,Alexandria,0,4491,3751.0
Alexandria_y2020.tif,626,0.0,0.04550319488817892,Alexandria,1,4501,3751.0
Alexandria_y2020.tif,437,0.0,0.016922196796338673,Alexandria,1,4485,3751.0
Alexandria_y2020.tif,520,0.0,0.044750000000000005,Alexandria,0,4492,3751.0
Alexandria_y2020.tif,279,0.0,0.02025089605734767,Alexandria,1,4488,3751.0
Alexandria_y2020.tif,333,0.0,0.01945945945945946,Alexandria,0,4504,3751.0
Alexandria_y2020.tif,255,0.0,0.048843137254901955,Alexandria,1,4498,3751.0
Alexandria_y2020.tif,353,0.0,0.03076487252124646,Alexandria,1,4510,3751.0
Alexandria_y2020.tif,243,0.0,0.031481481481481485,Alexandria,1,4506,3751.0
Alexandria_y2020.tif,318,0.0,0.017531446540880503,Alexandria,1,4499,3751.0
Alexandria_y2020.tif,192,0.0,0.021354166666666664,Alexandria,0,4500,3751.0
Alexandria_y2020.tif,309,0.0,0.01745954692556634,Alexandria,0,4467,3751.0
Alexandria_y2020.tif,423,0.0,0.016784869976359338,Alexandria,0,4478,3751.0
Alexandria_y2020.tif,508,0.0,0.032116141732283464,Alexandria,0,4497,3751.0
Alexandria_y2020.tif,521,0.0,0.016957773512476005,Alexandria,0,4489,3751.0
Alexandria_y2020.tif,441,0.0,0.015283446712018143,Alexandria,0,4495,3751.0
Alexandria_y2020.tif,384,0.0,0.021523437500000003,Alexandria,0,4511,3751.0
Alexandria_y2020.tif,582,0.0,0.01825601374570447,Alexandria,0,4516,3751.0
Alexandria_y2020.tif,771,0.0,0.015687418936446172,Alexandria,0,4536,3751.0
Alexandria_y2020.tif,411,0.0,0.016873479318734796,Alexandria,0,4527,3751.0
Alexandria_y2020.tif,311,0.0,0.0154983922829582,Alexandria,0,4531,3751.0
Alexandria_y2020.tif,603,0.0,0.027321724709784414,Alexandria,0,4526,3751.0
Alexandria_y2020.tif,190,0.0,0.04202631578947367,Alexandria,1,4502,3751.0
Alexandria_y2020.tif,278,0.0,0.025863309352517985,Alexandria,1,4507,3751.0
Alexandria_y2020.tif,431,0.0,0.018422273781902556,Alexandria,1,4513,3751.0
Alexandria_y2020.tif,201,0.0,0.02788557213930348,Alexandria,1,4517,3751.0
Alexandria_y2020.tif,444,0.0,0.02024774774774775,Alexandria,1,4519,3751.0
Alexandria_y2020.tif,444,0.0,0.01992117117117117,Alexandria,1,4522,3751.0
Alexandria_y2020.tif,221,0.0,0.015814479638009048,Alexandria,1,4515,3751.0
Alexandria_y2020.tif,196,0.0,0.01594387755102041,Alexandria,1,4514,3751.0
Alexandria_y2020.tif,615,0.0,0.03678861788617886,Alexandria,1,4521,3751.0
Alexandria_y2020.tif,159,0.0,0.0,Alexandria,0,4508,3751.0
Alexandria_y2020.tif,1405,0.0,0.0006192170818505339,Alexandria,0,4558,3751.0
Alexandria_y2020.tif,198,0.0,0.0,Alexandria,0,4523,3751.0
Alexandria_y2020.tif,193,0.0,0.017642487046632124,Alexandria,1,4520,3751.0
Alexandria_y2020.tif,692,0.0,0.0,Alexandria,0,4557,3751.0
Alexandria_y2020.tif,478,0.0,0.0,Alexandria,0,4555,3751.0
Alexandria_y2020.tif,248,0.0,0.0,Alexandria,0,4543,3751.0
Alexandria_y2020.tif,218,0.0,0.0,Alexandria,0,4546,3751.0
Alexandria_y2020.tif,175,0.0,0.022171428571428564,Alexandria,0,4518,3751.0
Alexandria_y2020.tif,288,0.0,0.01980902777777778,Alexandria,0,4512,3751.0
Alexandria_y2020.tif,287,0.0,0.015348432055749126,Alexandria,0,4537,3751.0
Alexandria_y2020.tif,410,0.0,0.01674390243902439,Alexandria,0,4547,3751.0
Alexandria_y2020.tif,449,0.0,0.0244543429844098,Alexandria,1,4538,3751.0
Alexandria_y2020.tif,188,0.0,0.018377659574468085,Alexandria,0,4529,3751.0
Alexandria_y2020.tif,203,0.0,0.01514778325123153,Alexandria,1,4535,3751.0
Alexandria_y2020.tif,375,0.0,0.017,Alexandria,0,4530,3751.0
Alexandria_y2020.tif,299,0.0,0.014498327759197321,Alexandria,0,4542,3751.0
Alexandria_y2020.tif,314,0.0,0.02127388535031847,Alexandria,1,4545,3751.0
Alexandria_y2020.tif,192,0.0,0.015598958333333334,Alexandria,0,4539,3751.0
Alexandria_y2020.tif,187,0.0,0.023636363636363636,Alexandria,0,4541,3751.0
Alexandria_y2020.tif,363,0.0,0.01815426997245179,Alexandria,1,4549,3751.0
Alexandria_y2020.tif,231,0.0,0.015930735930735934,Alexandria,1,4554,3751.0
Alexandria_y2020.tif,448,0.0,0.024040178571428573,Alexandria,1,4550,3751.0
Alexandria_y2020.tif,532,0.0,0.02398496240601504,Alexandria,0,4556,3751.0
Alexandria_y2020.tif,571,0.0,0.014851138353765324,Alexandria,1,4553,3751.0
Alexandria_y2020.tif,230,0.0,0.013369565217391301,Alexandria,1,4559,3751.0
Alexandria_y2020.tif,586,0.0,0.03458191126279864,Alexandria,1,4568,3751.0
Alexandria_y2020.tif,213,0.0,0.01805164319248826,Alexandria,0,4560,3751.0
Alexandria_y2020.tif,279,0.0,0.0,Alexandria,0,4544,3751.0
Alexandria_y2020.tif,186,0.0,0.005672043010752688,Alexandria,1,4561,3751.0
Alexandria_y2020.tif,602,0.0,0.0,Alexandria,1,4564,3751.0
Alexandria_y2020.tif,177,0.0,0.0,Alexandria,0,4571,3751.0
Alexandria_y2020.tif,159,0.0,0.0,Alexandria,0,4575,3751.0
Alexandria_y2020.tif,327,0.0,0.0,Alexandria,0,4592,3751.0
Alexandria_y2020.tif,224,0.0,0.0,Alexandria,1,4589,3751.0
Alexandria_y2020.tif,146,0.0,0.016267123287671232,Alexandria,0,4528,3751.0
Alexandria_y2020.tif,460,0.0,0.01717391304347826,Alexandria,0,4540,3751.0
Alexandria_y2020.tif,2530,0.0,0.015960474308300394,Alexandria,0,4596,3751.0
Alexandria_y2020.tif,639,0.0,0.014405320813771515,Alexandria,0,4567,3751.0
Alexandria_y2020.tif,177,0.0,0.016073446327683618,Alexandria,0,4566,3751.0
Alexandria_y2020.tif,343,0.0,0.011413994169096208,Alexandria,1,4573,3751.0
Alexandria_y2020.tif,365,0.0,0.011767123287671233,Alexandria,0,4586,3751.0
Alexandria_y2020.tif,361,0.0,0.01592797783933518,Alexandria,0,4605,3751.0
Alexandria_y2020.tif,400,0.0,0.017275,Alexandria,1,4625,3751.0
Alexandria_y2020.tif,380,0.0,0.015868421052631577,Alexandria,1,4632,3751.0
Alexandria_y2020.tif,305,0.0,0.022704918032786885,Alexandria,1,4569,3751.0
Alexandria_y2020.tif,264,0.0,0.011950757575757575,Alexandria,0,4570,3751.0
Alexandria_y2020.tif,150,0.0,0.01643333333333333,Alexandria,0,4565,3751.0
Alexandria_y2020.tif,563,0.0,0.016820603907637652,Alexandria,0,4579,3751.0
Alexandria_y2020.tif,365,0.0,0.01565753424657534,Alexandria,0,4578,3751.0
Alexandria_y2020.tif,384,0.0,0.01958333333333333,Alexandria,0,4576,3751.0
Alexandria_y2020.tif,429,0.0,0.01769230769230769,Alexandria,0,4563,3751.0
Alexandria_y2020.tif,219,0.0,0.01639269406392694,Alexandria,0,4572,3751.0
Alexandria_y2020.tif,954,0.0,0.032746331236897276,Alexandria,0,4584,3751.0
Alexandria_y2020.tif,2095,0.0,0.04721718377088306,Alexandria,0,4613,3751.0
Alexandria_y2020.tif,519,0.0,0.01573217726396917,Alexandria,0,4594,3751.0
Alexandria_y2020.tif,198,0.0,0.016186868686868687,Alexandria,1,4583,3751.0
Alexandria_y2020.tif,354,0.0,0.02364406779661017,Alexandria,0,4581,3751.0
Alexandria_y2020.tif,588,0.0,0.01578231292517007,Alexandria,1,4620,3751.0
Alexandria_y2020.tif,834,0.0,0.021912470023980814,Alexandria,0,4598,3751.0
Alexandria_y2020.tif,326,0.0,0.017684049079754603,Alexandria,0,4597,3751.0
Alexandria_y2020.tif,426,0.0,0.012159624413145541,Alexandria,0,4601,3751.0
Alexandria_y2020.tif,201,0.0,0.023532338308457714,Alexandria,0,4599,3751.0
Alexandria_y2020.tif,329,0.0,0.016595744680851066,Alexandria,1,4607,3751.0
Alexandria_y2020.tif,1013,0.0,0.023479763079960518,Alexandria,0,4622,3751.0
Alexandria_y2020.tif,494,0.0,0.01718623481781377,Alexandria,0,4574,3751.0
Alexandria_y2020.tif,213,0.0,0.0,Alexandria,1,4587,3751.0
Alexandria_y2020.tif,577,0.0,0.00019930675909878685,Alexandria,1,4600,3751.0
Alexandria_y2020.tif,132,0.0,0.0,Alexandria,0,4593,3751.0
Alexandria_y2020.tif,535,0.0,0.0,Alexandria,1,4603,3751.0
Alexandria_y2020.tif,218,0.0,0.0,Alexandria,0,4604,3751.0
Alexandria_y2020.tif,225,0.0,0.0,Alexandria,1,4606,3751.0
Alexandria_y2020.tif,210,0.0,0.0,Alexandria,1,4611,3751.0
Alexandria_y2020.tif,214,0.0,0.01322429906542056,Alexandria,1,4609,3751.0
Alexandria_y2020.tif,303,0.0,0.01386138613861386,Alexandria,0,4614,3751.0
Alexandria_y2020.tif,592,0.0,0.014510135135135134,Alexandria,0,4602,3751.0
Alexandria_y2020.tif,343,0.0,0.02650145772594752,Alexandria,1,4608,3751.0
Alexandria_y2020.tif,255,0.0,0.014019607843137256,Alexandria,1,4618,3751.0
Alexandria_y2020.tif,521,0.0,0.021017274472168904,Alexandria,1,4615,3751.0
Alexandria_y2020.tif,277,0.0,0.01458483754512635,Alexandria,1,4626,3751.0
Alexandria_y2020.tif,322,0.0,0.013307453416149069,Alexandria,1,4629,3751.0
Alexandria_y2020.tif,247,0.0,0.015951417004048583,Alexandria,1,4628,3751.0
Alexandria_y2020.tif,467,0.0,0.01650963597430407,Alexandria,1,4621,3751.0
Alexandria_y2020.tif,293,0.0,0.0,Alexandria,0,4627,3751.0
Alexandria_y2020.tif,194,0.0,0.0,Alexandria,0,4619,3751.0
Alexandria_y2020.tif,234,0.0,0.0030555555555555557,Alexandria,0,4623,3751.0
Alexandria_y2020.tif,313,0.0,0.0,Alexandria,1,4630,3751.0
Alexandria_y2020.tif,212,0.0,0.0,Alexandria,1,4616,3751.0
Alexandria_y2020.tif,437,0.0,0.0,Alexandria,1,4617,3751.0
Alexandria_y2020.tif,198,0.0,0.0,Alexandria,0,4633,3751.0
Alexandria_y2020.tif,468,0.0,0.02245726495726496,Alexandria,1,4624,3751.0
Alexandria_y2020.tif,241,0.0,0.013008298755186725,Alexandria,0,4631,3751.0
Alexandria_y2020.tif,786,0.0,0.014904580152671756,Alexandria,0,4648,3751.0
Alexandria_y2020.tif,202,0.0,0.0174009900990099,Alexandria,0,4635,3751.0
Alexandria_y2020.tif,1157,0.0,0.03409680207433017,Alexandria,1,4652,3751.0
Alexandria_y2020.tif,188,0.0,0.013643617021276595,Alexandria,1,4636,3751.0
Alexandria_y2020.tif,214,0.0,0.012499999999999997,Alexandria,0,4639,3751.0
Alexandria_y2020.tif,521,0.0,0.01984644913627639,Alexandria,0,4638,3751.0
Alexandria_y2020.tif,397,0.0,0.025755667506297233,Alexandria,0,4650,3751.0
Alexandria_y2020.tif,225,0.0,0.015822222222222224,Alexandria,0,4643,3751.0
Alexandria_y2020.tif,4740,0.0,0.0,Alexandria,0,4769,3751.0
Alexandria_y2020.tif,359,0.0,0.0,Alexandria,1,4637,3751.0
Alexandria_y2020.tif,399,0.0,0.0,Alexandria,0,4649,3751.0
Alexandria_y2020.tif,321,0.0,0.018006230529595015,Alexandria,1,4647,3751.0
Alexandria_y2020.tif,349,0.0,0.0005730659025787966,Alexandria,1,4656,3751.0
Alexandria_y2020.tif,738,0.0,0.0,Alexandria,1,4661,3751.0
Alexandria_y2020.tif,379,0.0,0.0,Alexandria,1,4669,3751.0
Alexandria_y2020.tif,403,0.0,0.0,Alexandria,1,4665,3751.0
Alexandria_y2020.tif,333,0.0,0.016726726726726728,Alexandria,0,4634,3751.0
Alexandria_y2020.tif,158,0.0,0.015696202531645567,Alexandria,0,4642,3751.0
Alexandria_y2020.tif,551,0.0,0.01851179673321234,Alexandria,0,4645,3751.0
Alexandria_y2020.tif,274,0.0,0.013375912408759124,Alexandria,1,4646,3751.0
Alexandria_y2020.tif,319,0.0,0.013103448275862068,Alexandria,1,4653,3751.0
Alexandria_y2020.tif,1118,0.0,0.015380143112701252,Alexandria,0,4679,3751.0
Alexandria_y2020.tif,332,0.0,0.014743975903614457,Alexandria,0,4655,3751.0
Alexandria_y2020.tif,356,0.0,0.01481741573033708,Alexandria,0,4644,3751.0
Alexandria_y2020.tif,196,0.0,0.018775510204081632,Alexandria,1,4651,3751.0
Alexandria_y2020.tif,191,0.0,0.014319371727748696,Alexandria,1,4654,3751.0
Alexandria_y2020.tif,421,0.0,0.014821852731591452,Alexandria,0,4664,3751.0
Alexandria_y2020.tif,265,0.0,0.013471698113207548,Alexandria,0,4662,3751.0
Alexandria_y2020.tif,333,0.0,0.018663663663663663,Alexandria,1,4666,3751.0
Alexandria_y2020.tif,412,0.0,0.013871359223300975,Alexandria,0,4674,3751.0
Alexandria_y2020.tif,323,0.0,0.015108359133126937,Alexandria,0,4667,3751.0
Alexandria_y2020.tif,338,0.0,0.014038461538461541,Alexandria,0,4671,3751.0
Alexandria_y2020.tif,200,0.0,0.014950000000000003,Alexandria,1,4668,3751.0
Alexandria_y2020.tif,259,0.0,0.014826254826254829,Alexandria,0,4673,3751.0
Alexandria_y2020.tif,332,0.0,0.016400602409638556,Alexandria,0,4681,3751.0
Alexandria_y2020.tif,212,0.0,0.016533018867924527,Alexandria,0,4675,3751.0
Alexandria_y2020.tif,233,0.0,0.015042918454935626,Alexandria,1,4670,3751.0
Alexandria_y2020.tif,298,0.0,0.01379194630872483,Alexandria,1,4677,3751.0
Alexandria_y2020.tif,386,0.0,0.01699481865284974,Alexandria,0,4682,3751.0
Alexandria_y2020.tif,773,0.0,0.0258085381630013,Alexandria,0,4691,3751.0
Alexandria_y2020.tif,295,0.0,0.01588135593220339,Alexandria,0,4686,3751.0
Alexandria_y2020.tif,607,0.0,0.016474464579901153,Alexandria,0,4685,3751.0
Alexandria_y2020.tif,288,0.0,0.014010416666666668,Alexandria,0,4678,3751.0
Alexandria_y2020.tif,905,0.0,0.01834254143646409,Alexandria,0,4705,3751.0
Alexandria_y2020.tif,150,0.0,0.014766666666666666,Alexandria,1,4688,3751.0
Alexandria_y2020.tif,428,0.0,0.02172897196261682,Alexandria,1,4694,3751.0
Alexandria_y2020.tif,316,0.0,0.014762658227848098,Alexandria,1,4698,3751.0
Alexandria_y2020.tif,358,0.0,0.013868715083798883,Alexandria,1,4701,3751.0
Alexandria_y2020.tif,478,0.0,0.015742677824267783,Alexandria,1,4692,3751.0
Alexandria_y2020.tif,207,0.0,0.009879227053140096,Alexandria,0,4672,3751.0
Alexandria_y2020.tif,393,0.0,0.0,Alexandria,0,4690,3751.0
Alexandria_y2020.tif,199,0.0,0.0,Alexandria,0,4680,3751.0
Alexandria_y2020.tif,268,0.0,0.0,Alexandria,1,4683,3751.0
Alexandria_y2020.tif,449,0.0,0.0,Alexandria,1,4676,3751.0
Alexandria_y2020.tif,823,0.0,0.0,Alexandria,0,4699,3751.0
Alexandria_y2020.tif,246,0.0,0.0,Alexandria,1,4693,3751.0
Alexandria_y2020.tif,308,0.0,0.0,Alexandria,1,4707,3751.0
Alexandria_y2020.tif,293,0.0,0.0,Alexandria,1,4696,3751.0
Alexandria_y2020.tif,433,0.0,0.0,Alexandria,1,4711,3751.0
Alexandria_y2020.tif,531,0.0,0.019821092278719397,Alexandria,0,4697,3751.0
Alexandria_y2020.tif,499,0.0,0.017895791583166332,Alexandria,0,4706,3751.0
Alexandria_y2020.tif,571,0.0,0.014921190893169877,Alexandria,1,4716,3751.0
Alexandria_y2020.tif,492,0.0,0.01429878048780488,Alexandria,1,4695,3751.0
Alexandria_y2020.tif,321,0.0,0.017694704049844235,Alexandria,0,4703,3751.0
Alexandria_y2020.tif,276,0.0,0.01572463768115942,Alexandria,0,4709,3751.0
Alexandria_y2020.tif,390,0.0,0.01687179487179487,Alexandria,1,4712,3751.0
Alexandria_y2020.tif,153,0.0,0.013104575163398692,Alexandria,0,4702,3751.0
Alexandria_y2020.tif,1590,0.0,0.020490566037735847,Alexandria,0,4741,3751.0
Alexandria_y2020.tif,317,0.0,0.017697160883280754,Alexandria,1,4715,3751.0
Alexandria_y2020.tif,2369,0.0,0.01521317011397214,Alexandria,0,4739,3751.0
Alexandria_y2020.tif,623,0.0,0.01786516853932584,Alexandria,1,4728,3751.0
Alexandria_y2020.tif,557,0.0,0.01660682226211849,Alexandria,1,4713,3751.0
Alexandria_y2020.tif,292,0.0,0.016215753424657534,Alexandria,0,4717,3751.0
Alexandria_y2020.tif,445,0.0,0.015393258426966292,Alexandria,1,4714,3751.0
Alexandria_y2020.tif,589,0.0,0.01633276740237691,Alexandria,0,4720,3751.0
Alexandria_y2020.tif,359,0.0,0.016211699164345405,Alexandria,0,4729,3751.0
Alexandria_y2020.tif,320,0.0,0.014843750000000003,Alexandria,0,4726,3751.0
Alexandria_y2020.tif,548,0.0,0.016806569343065694,Alexandria,1,4725,3751.0
Alexandria_y2020.tif,283,0.0,0.013515901060070671,Alexandria,0,4727,3751.0
Alexandria_y2020.tif,360,0.0,0.0005833333333333333,Alexandria,1,4700,3751.0
Alexandria_y2020.tif,552,0.0,0.0,Alexandria,1,4710,3751.0
Alexandria_y2020.tif,356,0.0,0.0,Alexandria,0,4718,3751.0
Alexandria_y2020.tif,544,0.0,0.009191176470588236,Alexandria,1,4721,3751.0
Alexandria_y2020.tif,729,0.0,0.0,Alexandria,0,4736,3751.0
Alexandria_y2020.tif,298,0.0,0.0,Alexandria,0,4733,3751.0
Alexandria_y2020.tif,261,0.0,0.0,Alexandria,0,4734,3751.0
Alexandria_y2020.tif,260,0.0,0.01748076923076923,Alexandria,1,4737,3751.0
Alexandria_y2020.tif,1375,0.0,0.02641818181818182,Alexandria,0,4781,3751.0
Alexandria_y2020.tif,507,0.0,0.016291913214990142,Alexandria,0,4742,3751.0
Alexandria_y2020.tif,656,0.0,0.01965701219512195,Alexandria,1,4743,3751.0
Alexandria_y2020.tif,146,0.0,0.014897260273972604,Alexandria,1,4732,3751.0
Alexandria_y2020.tif,220,0.0,0.016590909090909094,Alexandria,1,4735,3751.0
Alexandria_y2020.tif,463,0.0,0.01338012958963283,Alexandria,0,4753,3751.0
Alexandria_y2020.tif,350,0.0,0.019585714285714283,Alexandria,0,4748,3751.0
Alexandria_y2020.tif,213,0.0,0.013497652582159625,Alexandria,1,4746,3751.0
Alexandria_y2020.tif,319,0.0,0.01761755485893417,Alexandria,0,4750,3751.0
Alexandria_y2020.tif,443,0.0,0.01566591422121896,Alexandria,1,4744,3751.0
Alexandria_y2020.tif,303,0.0,0.015412541254125412,Alexandria,1,4760,3751.0
Alexandria_y2020.tif,220,0.0,0.018477272727272724,Alexandria,0,4749,3751.0
Alexandria_y2020.tif,326,0.0,0.014723926380368098,Alexandria,0,4757,3751.0
Alexandria_y2020.tif,264,0.0,0.018996212121212122,Alexandria,0,4756,3751.0
Alexandria_y2020.tif,214,0.0,0.01628504672897196,Alexandria,0,4761,3751.0
Alexandria_y2020.tif,287,0.0,0.016254355400696863,Alexandria,1,4766,3751.0
Alexandria_y2020.tif,263,0.0,0.021977186311787078,Alexandria,0,4763,3751.0
Alexandria_y2020.tif,638,0.0,0.015587774294670847,Alexandria,1,4755,3751.0
Alexandria_y2020.tif,437,0.0,0.01831807780320366,Alexandria,0,4778,3751.0
Alexandria_y2020.tif,277,0.0,0.014205776173285199,Alexandria,0,4772,3751.0
Alexandria_y2020.tif,242,0.0,0.0,Alexandria,0,4745,3751.0
Alexandria_y2020.tif,1492,0.0,0.0,Alexandria,0,4779,3751.0
Alexandria_y2020.tif,711,0.0,0.0,Alexandria,0,4768,3751.0
Alexandria_y2020.tif,497,0.0,0.0,Alexandria,0,4759,3751.0
Alexandria_y2020.tif,275,0.0,0.0,Alexandria,0,4765,3751.0
Alexandria_y2020.tif,318,0.0,0.0013522012578616352,Alexandria,1,4751,3751.0
Alexandria_y2020.tif,434,0.0,0.0,Alexandria,1,4774,3751.0
Alexandria_y2020.tif,440,0.0,0.0,Alexandria,0,4770,3751.0
Alexandria_y2020.tif,415,0.0,0.014807228915662652,Alexandria,0,4785,3751.0
Alexandria_y2020.tif,1068,0.0,0.00010299625468164795,Alexandria,0,4802,3751.0
Alexandria_y2020.tif,650,0.0,0.01856923076923077,Alexandria,1,4773,3751.0
Alexandria_y2020.tif,363,0.0,0.017382920110192837,Alexandria,0,4775,3751.0
Alexandria_y2020.tif,774,0.0,0.016789405684754524,Alexandria,1,4783,3751.0
Alexandria_y2020.tif,405,0.0,0.015876543209876543,Alexandria,0,4784,3751.0
Alexandria_y2020.tif,395,0.0,0.022329113924050632,Alexandria,0,4777,3751.0
Alexandria_y2020.tif,334,0.0,0.013622754491017967,Alexandria,1,4780,3751.0
Alexandria_y2020.tif,336,0.0,0.01950892857142857,Alexandria,0,4782,3751.0
Alexandria_y2020.tif,223,0.0,0.020246636771300442,Alexandria,0,4776,3751.0
Alexandria_y2020.tif,647,0.0,0.013972179289026275,Alexandria,1,4767,3751.0
Alexandria_y2020.tif,334,0.0,0.015209580838323354,Alexandria,0,4787,3751.0
Alexandria_y2020.tif,334,0.0,0.0,Alexandria,1,4806,3751.0
Alexandria_y2020.tif,176,0.0,0.0,Alexandria,0,4795,3751.0
Alexandria_y2020.tif,467,0.0,0.0,Alexandria,1,4789,3751.0
Alexandria_y2020.tif,423,0.0,0.0,Alexandria,0,4799,3751.0
Alexandria_y2020.tif,418,0.0,0.0,Alexandria,1,4804,3751.0
Alexandria_y2020.tif,549,0.0,0.0,Alexandria,1,4827,3751.0
Alexandria_y2020.tif,292,0.0,0.0160958904109589,Alexandria,0,4791,3751.0
Alexandria_y2020.tif,171,0.0,0.015087719298245617,Alexandria,1,4788,3751.0
Alexandria_y2020.tif,471,0.0,0.012770700636942677,Alexandria,1,4786,3751.0
Alexandria_y2020.tif,193,0.0,0.016735751295336786,Alexandria,0,4790,3751.0
Alexandria_y2020.tif,344,0.0,0.016569767441860467,Alexandria,0,4797,3751.0
Alexandria_y2020.tif,274,0.0,0.015474452554744526,Alexandria,1,4798,3751.0
Alexandria_y2020.tif,273,0.0,0.01567765567765568,Alexandria,1,4801,3751.0
Alexandria_y2020.tif,486,0.0,0.018302469135802468,Alexandria,1,4810,3751.0
Alexandria_y2020.tif,279,0.0,0.017132616487455194,Alexandria,1,4805,3751.0
Alexandria_y2020.tif,1373,0.0,0.027556445739257095,Alexandria,0,4824,3751.0
Alexandria_y2020.tif,248,0.0,0.014556451612903231,Alexandria,0,4794,3751.0
Alexandria_y2020.tif,673,0.0,0.018595839524517085,Alexandria,0,4815,3751.0
Alexandria_y2020.tif,294,0.0,0.01454081632653061,Alexandria,1,4809,3751.0
Alexandria_y2020.tif,262,0.0,0.01520992366412214,Alexandria,0,4812,3751.0
Alexandria_y2020.tif,933,0.0,0.022186495176848876,Alexandria,0,4825,3751.0
Alexandria_y2020.tif,220,0.0,0.016727272727272726,Alexandria,0,4813,3751.0
Alexandria_y2020.tif,372,0.0,0.012258064516129034,Alexandria,0,4808,3751.0
Alexandria_y2020.tif,477,0.0,0.013102725366876311,Alexandria,0,4803,3751.0
Alexandria_y2020.tif,320,0.0,0.015453125000000002,Alexandria,0,4819,3751.0
Alexandria_y2020.tif,280,0.0,0.02239285714285714,Alexandria,0,4821,3751.0
Alexandria_y2020.tif,487,0.0,0.0,Alexandria,1,4818,3751.0
Alexandria_y2020.tif,362,0.0,0.0,Alexandria,0,4820,3751.0
Alexandria_y2020.tif,341,0.0,0.0,Alexandria,0,4823,3751.0
Alexandria_y2020.tif,62,0.0,0.0,Alexandria,1,4822,3751.0
Alexandria_y2020.tif,767,0.0,0.0,Alexandria,0,4840,3751.0
Alexandria_y2020.tif,434,0.0,0.02190092165898618,Alexandria,1,4832,3751.0
Alexandria_y2020.tif,375,0.0,0.016479999999999998,Alexandria,0,4826,3751.0
Alexandria_y2020.tif,493,0.0,0.018559837728194722,Alexandria,0,4829,3751.0
Alexandria_y2020.tif,353,0.0,0.017422096317280453,Alexandria,0,4831,3751.0
Alexandria_y2020.tif,437,0.0,0.012299771167048055,Alexandria,0,4837,3751.0
Alexandria_y2020.tif,298,0.0,0.025033557046979862,Alexandria,0,4834,3751.0
Alexandria_y2020.tif,462,0.0,0.01659090909090909,Alexandria,0,4846,3751.0
Alexandria_y2020.tif,512,0.0,0.018427734375,Alexandria,0,4853,3751.0
Alexandria_y2020.tif,271,0.0,0.023929889298892986,Alexandria,0,4844,3751.0
Alexandria_y2020.tif,304,0.0,0.011973684210526315,Alexandria,0,4851,3751.0
Alexandria_y2020.tif,209,0.0,0.0,Alexandria,1,4833,3751.0
Alexandria_y2020.tif,353,0.0,0.0,Alexandria,0,4839,3751.0
Alexandria_y2020.tif,688,0.0,0.0,Alexandria,0,4835,3751.0
Alexandria_y2020.tif,209,0.0,0.0,Alexandria,0,4836,3751.0
Alexandria_y2020.tif,529,0.0,0.0044234404536862,Alexandria,0,4868,3751.0
Alexandria_y2020.tif,1973,0.0,0.0,Alexandria,0,4925,3751.0
Alexandria_y2020.tif,254,0.0,0.016692913385826774,Alexandria,0,4848,3751.0
Alexandria_y2020.tif,314,0.0,0.01695859872611465,Alexandria,0,4852,3751.0
Alexandria_y2020.tif,507,0.0,0.019082840236686393,Alexandria,0,4864,3751.0
Alexandria_y2020.tif,324,0.0,0.011759259259259257,Alexandria,0,4862,3751.0
Alexandria_y2020.tif,239,0.0,0.013347280334728033,Alexandria,0,4858,3751.0
Alexandria_y2020.tif,279,0.0,0.012544802867383513,Alexandria,0,4863,3751.0
Alexandria_y2020.tif,2984,0.0,0.02167895442359249,Alexandria,0,4902,3751.0
Alexandria_y2020.tif,334,0.0,0.020419161676646706,Alexandria,1,4865,3751.0
Alexandria_y2020.tif,361,0.0,0.012479224376731301,Alexandria,1,4873,3751.0
Alexandria_y2020.tif,256,0.0,0.013691406250000003,Alexandria,0,4872,3751.0
Alexandria_y2020.tif,239,0.0,0.0,Alexandria,0,4857,3751.0
Alexandria_y2020.tif,530,0.0,0.0,Alexandria,0,4850,3751.0
Alexandria_y2020.tif,157,0.0,0.0,Alexandria,0,4859,3751.0
Alexandria_y2020.tif,334,0.0,0.0,Alexandria,0,4866,3751.0
Alexandria_y2020.tif,1078,0.0,0.013214285714285715,Alexandria,1,4883,3751.0
Alexandria_y2020.tif,630,0.0,0.0,Alexandria,1,4886,3751.0
Alexandria_y2020.tif,272,0.0,0.0,Alexandria,1,4870,3751.0
Alexandria_y2020.tif,307,0.0,0.0,Alexandria,0,4882,3751.0
Alexandria_y2020.tif,192,0.0,0.0,Alexandria,0,4880,3751.0
Alexandria_y2020.tif,659,0.0,0.0,Alexandria,0,4893,3751.0
Alexandria_y2020.tif,312,0.0,0.012499999999999999,Alexandria,1,4875,3751.0
Alexandria_y2020.tif,177,0.0,0.018983050847457623,Alexandria,1,4876,3751.0
Alexandria_y2020.tif,1400,0.0,0.018767857142857145,Alexandria,1,4911,3751.0
Alexandria_y2020.tif,228,0.0,0.011864035087719297,Alexandria,0,4888,3751.0
Alexandria_y2020.tif,562,0.0,0.012117437722419928,Alexandria,0,4884,3751.0
Alexandria_y2020.tif,301,0.0,0.0146843853820598,Alexandria,0,4891,3751.0
Alexandria_y2020.tif,398,0.0,0.009824120603015074,Alexandria,0,4895,3751.0
Alexandria_y2020.tif,231,0.0,0.027575757575757583,Alexandria,0,4890,3751.0
Alexandria_y2020.tif,567,0.0,0.01191358024691358,Alexandria,0,4881,3751.0
Alexandria_y2020.tif,256,0.0,0.012207031250000002,Alexandria,0,4903,3751.0
Alexandria_y2020.tif,358,0.0,0.0,Alexandria,0,4904,3751.0
Alexandria_y2020.tif,293,0.0,0.0,Alexandria,1,4906,3751.0
Alexandria_y2020.tif,74,0.0,0.0,Alexandria,1,4912,3751.0
Alexandria_y2020.tif,387,0.0,0.0,Alexandria,1,4907,3751.0
Alexandria_y2020.tif,411,0.0,0.0,Alexandria,1,4916,3751.0
Alexandria_y2020.tif,416,0.0,0.0,Alexandria,1,4927,3751.0
Alexandria_y2020.tif,415,0.0,0.019626506024096383,Alexandria,1,4909,3751.0
Alexandria_y2020.tif,415,0.0,0.015855421686746987,Alexandria,0,4908,3751.0
Alexandria_y2020.tif,540,0.0,0.013259259259259259,Alexandria,0,4910,3751.0
Alexandria_y2020.tif,281,0.0,0.012580071174377223,Alexandria,0,4915,3751.0
Alexandria_y2020.tif,271,0.0,0.01407749077490775,Alexandria,0,4918,3751.0
Alexandria_y2020.tif,336,0.0,0.015788690476190477,Alexandria,0,4920,3751.0
Alexandria_y2020.tif,379,0.0,0.01641160949868074,Alexandria,0,4924,3751.0
Alexandria_y2020.tif,612,0.0,0.017377450980392155,Alexandria,0,4933,3751.0
Alexandria_y2020.tif,430,0.0,0.012790697674418606,Alexandria,0,4928,3751.0
Alexandria_y2020.tif,325,0.0,0.013153846153846151,Alexandria,0,4932,3751.0
Alexandria_y2020.tif,977,0.0,0.013428863868986694,Alexandria,0,4958,3751.0
Alexandria_y2020.tif,1021,0.0,0.031043095004897166,Alexandria,0,4959,3751.0
Alexandria_y2020.tif,225,0.0,0.01408888888888889,Alexandria,0,4937,3751.0
Alexandria_y2020.tif,438,0.0,0.014760273972602744,Alexandria,0,4940,3751.0
Alexandria_y2020.tif,278,0.0,0.01226618705035971,Alexandria,0,4948,3751.0
Alexandria_y2020.tif,436,0.0,0.01952981651376147,Alexandria,0,4956,3751.0
Alexandria_y2020.tif,226,0.0,0.020553097345132748,Alexandria,0,4949,3751.0
Alexandria_y2020.tif,437,0.0,0.011956521739130433,Alexandria,0,4953,3751.0
Alexandria_y2020.tif,325,0.0,0.014215384615384612,Alexandria,0,4944,3751.0
Alexandria_y2020.tif,188,0.0,0.013297872340425532,Alexandria,0,4945,3751.0
Alexandria_y2020.tif,531,0.0,0.0,Alexandria,0,4941,3751.0
Alexandria_y2020.tif,201,0.0,0.0,Alexandria,0,4936,3751.0
Alexandria_y2020.tif,357,0.0,0.0,Alexandria,0,4947,3751.0
Alexandria_y2020.tif,214,0.0,0.0,Alexandria,0,4942,3751.0
Alexandria_y2020.tif,297,0.0,0.0029629629629629632,Alexandria,0,4922,3751.0
Alexandria_y2020.tif,149,0.0,0.0,Alexandria,0,4929,3751.0
Alexandria_y2020.tif,681,0.0,0.0,Alexandria,1,4965,3751.0
Alexandria_y2020.tif,178,0.0,0.012134831460674157,Alexandria,0,4952,3751.0
Alexandria_y2020.tif,327,0.0,0.01452599388379205,Alexandria,0,4960,3751.0
Alexandria_y2020.tif,186,0.0,0.012204301075268814,Alexandria,0,4962,3751.0
Alexandria_y2020.tif,484,0.0,0.011394628099173555,Alexandria,0,4973,3751.0
Alexandria_y2020.tif,193,0.0,0.012461139896373059,Alexandria,1,4966,3751.0
Alexandria_y2020.tif,310,0.0,0.019274193548387095,Alexandria,0,4971,3751.0
Alexandria_y2020.tif,132,0.0,0.015151515151515148,Alexandria,0,4969,3751.0
Alexandria_y2020.tif,179,0.0,0.011312849162011173,Alexandria,0,4967,3751.0
Alexandria_y2020.tif,420,0.0,0.01144047619047619,Alexandria,0,4978,3751.0
Alexandria_y2020.tif,154,0.0,0.013311688311688311,Alexandria,0,4972,3751.0
Alexandria_y2020.tif,1295,0.0,0.0,Alexandria,1,4977,3751.0
Alexandria_y2020.tif,856,0.0,0.0,Alexandria,0,4963,3751.0
Alexandria_y2020.tif,192,0.0,0.010026041666666666,Alexandria,0,4968,3751.0
Alexandria_y2020.tif,134,0.0,0.0,Alexandria,0,4990,3751.0
Alexandria_y2020.tif,511,0.0,0.0,Alexandria,0,4987,3751.0
Alexandria_y2020.tif,143,0.0,0.010384615384615384,Alexandria,0,4974,3751.0
Alexandria_y2020.tif,356,0.0,0.02495786516853932,Alexandria,0,4983,3751.0
Alexandria_y2020.tif,263,0.0,0.012281368821292778,Alexandria,0,4979,3751.0
Alexandria_y2020.tif,302,0.0,0.016771523178807948,Alexandria,1,4982,3751.0
Alexandria_y2020.tif,419,0.0,0.011837708830548925,Alexandria,0,4991,3751.0
Alexandria_y2020.tif,160,0.0,0.011437499999999998,Alexandria,0,4985,3751.0
Alexandria_y2020.tif,359,0.0,0.013286908077994427,Alexandria,0,4989,3751.0
Alexandria_y2020.tif,187,0.0,0.01655080213903743,Alexandria,0,4988,3751.0
Alexandria_y2020.tif,339,0.0,0.012728613569321532,Alexandria,0,4997,3751.0
Alexandria_y2020.tif,180,0.0,0.012222222222222221,Alexandria,0,4995,3751.0
Alexandria_y2020.tif,732,0.0,0.0,Alexandria,0,5001,3751.0
Alexandria_y2020.tif,352,0.0,0.0,Alexandria,1,4994,3751.0
Alexandria_y2020.tif,1168,0.0,0.001190068493150685,Alexandria,0,5026,3751.0
Alexandria_y2020.tif,194,0.0,0.0,Alexandria,1,4993,3751.0
Alexandria_y2020.tif,317,0.0,0.0,Alexandria,1,4996,3751.0
Alexandria_y2020.tif,399,0.0,0.0,Alexandria,1,5007,3751.0
Alexandria_y2020.tif,791,0.0,0.013767383059418459,Alexandria,0,5011,3751.0
Alexandria_y2020.tif,396,0.0,0.015366161616161618,Alexandria,0,5005,3751.0
Alexandria_y2020.tif,229,0.0,0.018275109170305674,Alexandria,0,5000,3751.0
Alexandria_y2020.tif,312,0.0,0.014374999999999999,Alexandria,1,5006,3751.0
Alexandria_y2020.tif,171,0.0,0.015175438596491227,Alexandria,1,5002,3751.0
Alexandria_y2020.tif,402,0.0,0.015634328358208955,Alexandria,0,5019,3751.0
Alexandria_y2020.tif,273,0.0,0.011282051282051283,Alexandria,0,5010,3751.0
Alexandria_y2020.tif,320,0.0,0.01159375,Alexandria,0,5016,3751.0
Alexandria_y2020.tif,315,0.0,0.012904761904761903,Alexandria,0,5018,3751.0
Alexandria_y2020.tif,165,0.0,0.016666666666666663,Alexandria,1,5012,3751.0
Alexandria_y2020.tif,242,0.0,0.0,Alexandria,1,5009,3751.0
Alexandria_y2020.tif,212,0.0,0.0,Alexandria,1,5003,3751.0
Alexandria_y2020.tif,302,0.0,0.0,Alexandria,1,5021,3751.0
Alexandria_y2020.tif,214,0.0,0.0,Alexandria,1,5022,3751.0
Alexandria_y2020.tif,530,0.0,0.0,Alexandria,1,5038,3751.0
Alexandria_y2020.tif,209,0.0,0.0,Alexandria,0,5029,3751.0
Alexandria_y2020.tif,362,0.0,0.0,Alexandria,0,5028,3751.0
Alexandria_y2020.tif,168,0.0,0.011011904761904761,Alexandria,0,5015,3751.0
Alexandria_y2020.tif,197,0.0,0.015939086294416243,Alexandria,0,5017,3751.0
Alexandria_y2020.tif,281,0.0,0.01733096085409253,Alexandria,0,5032,3751.0
Alexandria_y2020.tif,235,0.0,0.011340425531914894,Alexandria,0,5031,3751.0
Alexandria_y2020.tif,241,0.0,0.01273858921161826,Alexandria,0,5033,3751.0
Alexandria_y2020.tif,306,0.0,0.01562091503267974,Alexandria,0,5037,3751.0
Alexandria_y2020.tif,172,0.0,0.013982558139534884,Alexandria,0,5030,3751.0
Alexandria_y2020.tif,193,0.0,0.015207253886010364,Alexandria,0,5034,3751.0
Alexandria_y2020.tif,484,0.0,0.015041322314049588,Alexandria,0,5056,3751.0
Alexandria_y2020.tif,521,0.0,0.011996161228406911,Alexandria,1,5047,3751.0
Alexandria_y2020.tif,1064,0.0,0.0,Alexandria,0,5041,3751.0
Alexandria_y2020.tif,261,0.0,0.0,Alexandria,0,5043,3751.0
Alexandria_y2020.tif,217,0.0,0.0,Alexandria,1,5035,3751.0
Alexandria_y2020.tif,287,0.0,0.0,Alexandria,0,5054,3751.0
Alexandria_y2020.tif,370,0.0,0.0,Alexandria,0,5065,3751.0
Alexandria_y2020.tif,475,0.0,0.016410526315789476,Alexandria,0,5042,3751.0
Alexandria_y2020.tif,723,0.0,0.013893499308437068,Alexandria,1,5060,3751.0
Alexandria_y2020.tif,186,0.0,0.025241935483870968,Alexandria,0,5040,3751.0
Alexandria_y2020.tif,216,0.0,0.01136574074074074,Alexandria,0,5046,3751.0
Alexandria_y2020.tif,1328,0.0,0.018219126506024096,Alexandria,0,5074,3751.0
Alexandria_y2020.tif,174,0.0,0.015833333333333335,Alexandria,1,5044,3751.0
Alexandria_y2020.tif,279,0.0,0.01636200716845878,Alexandria,0,5049,3751.0
Alexandria_y2020.tif,211,0.0,0.01618483412322275,Alexandria,0,5048,3751.0
Alexandria_y2020.tif,274,0.0,0.012846715328467151,Alexandria,0,5039,3751.0
Alexandria_y2020.tif,123,0.0,0.013008130081300818,Alexandria,1,5053,3751.0
Alexandria_y2020.tif,286,0.0,0.002062937062937063,Alexandria,0,5066,3751.0
Alexandria_y2020.tif,523,0.0,0.0,Alexandria,1,5079,3751.0
Alexandria_y2020.tif,2058,0.0,0.0,Alexandria,0,5116,3751.0
Alexandria_y2020.tif,188,0.0,0.0,Alexandria,0,5069,3751.0
Alexandria_y2020.tif,270,0.0,0.0,Alexandria,0,5073,3751.0
Alexandria_y2020.tif,568,0.0,0.0,Alexandria,0,5092,3751.0
Alexandria_y2020.tif,328,0.0,0.016814024390243903,Alexandria,0,5055,3751.0
Alexandria_y2020.tif,185,0.0,0.016216216216216217,Alexandria,0,5057,3751.0
Alexandria_y2020.tif,663,0.0,0.021199095022624435,Alexandria,0,5062,3751.0
Alexandria_y2020.tif,319,0.0,0.025673981191222568,Alexandria,0,5072,3751.0
Alexandria_y2020.tif,155,0.0,0.015354838709677422,Alexandria,0,5067,3751.0
Alexandria_y2020.tif,278,0.0,0.015269784172661867,Alexandria,0,5075,3751.0
Alexandria_y2020.tif,184,0.0,0.014701086956521742,Alexandria,0,5081,3751.0
Alexandria_y2020.tif,1124,0.0,0.04882562277580071,Alexandria,1,5102,3751.0
Alexandria_y2020.tif,319,0.0,0.019137931034482757,Alexandria,0,5096,3751.0
Alexandria_y2020.tif,162,0.0,0.014783950617283954,Alexandria,0,5090,3751.0
Alexandria_y2020.tif,181,0.0,0.0,Alexandria,1,5084,3751.0
Alexandria_y2020.tif,203,0.0,0.0,Alexandria,0,5089,3751.0
Alexandria_y2020.tif,68,0.0,0.0,Alexandria,1,5091,3751.0
Alexandria_y2020.tif,280,0.0,0.0,Alexandria,0,5097,3751.0
Alexandria_y2020.tif,204,0.0,0.017745098039215687,Alexandria,0,5100,3751.0
Alexandria_y2020.tif,185,0.0,0.0,Alexandria,0,5093,3751.0
Alexandria_y2020.tif,761,0.0,0.0,Alexandria,0,5106,3751.0
Alexandria_y2020.tif,242,0.0,0.010144628099173554,Alexandria,0,5108,3751.0
Alexandria_y2020.tif,190,0.0,0.0,Alexandria,1,5098,3751.0
Alexandria_y2020.tif,139,0.0,0.0,Alexandria,1,5101,3751.0
Alexandria_y2020.tif,193,0.0,0.0,Alexandria,0,5109,3751.0
Alexandria_y2020.tif,267,0.0,0.016104868913857682,Alexandria,0,5086,3751.0
Alexandria_y2020.tif,1166,0.0,0.018679245283018866,Alexandria,0,5133,3751.0
Alexandria_y2020.tif,2879,0.0,0.015646057658909345,Alexandria,0,5123,3751.0
Alexandria_y2020.tif,406,0.0,0.01683497536945813,Alexandria,0,5099,3751.0
Alexandria_y2020.tif,178,0.0,0.014382022471910113,Alexandria,0,5103,3751.0
Alexandria_y2020.tif,1100,0.0,0.01868181818181818,Alexandria,0,5142,3751.0
Alexandria_y2020.tif,231,0.0,0.01616883116883117,Alexandria,0,5115,3751.0
Alexandria_y2020.tif,246,0.0,0.017560975609756096,Alexandria,0,5105,3751.0
Alexandria_y2020.tif,547,0.0,0.01718464351005484,Alexandria,0,5136,3751.0
Alexandria_y2020.tif,326,0.0,0.01633435582822086,Alexandria,0,5126,3751.0
Alexandria_y2020.tif,217,0.0,0.0,Alexandria,1,5113,3751.0
Alexandria_y2020.tif,359,0.0,0.0,Alexandria,0,5111,3751.0
Alexandria_y2020.tif,430,0.0,0.0,Alexandria,0,5125,3751.0
Alexandria_y2020.tif,577,0.0,0.0,Alexandria,0,5138,3751.0
Alexandria_y2020.tif,338,0.0,0.0021893491124260352,Alexandria,0,5130,3751.0
Alexandria_y2020.tif,381,0.0,0.0,Alexandria,1,5122,3751.0
Alexandria_y2020.tif,293,0.0,0.0,Alexandria,0,5135,3751.0
Alexandria_y2020.tif,350,0.0,0.0,Alexandria,0,5128,3751.0
Alexandria_y2020.tif,6,0.0,0.0,Alexandria,0,5132,3751.0
Alexandria_y2020.tif,177,0.0,0.0,Alexandria,0,5140,3751.0
Alexandria_y2020.tif,219,0.0,0.0,Alexandria,0,5144,3751.0
Alexandria_y2020.tif,293,0.0,0.0,Alexandria,0,5149,3751.0
Alexandria_y2020.tif,257,0.0,0.0,Alexandria,0,5145,3751.0
Alexandria_y2020.tif,275,0.0,0.0012909090909090908,Alexandria,1,5153,3751.0
Alexandria_y2020.tif,351,0.0,0.0,Alexandria,0,5146,3751.0
Alexandria_y2020.tif,350,0.0,0.0,Alexandria,1,5159,3751.0
Alexandria_y2020.tif,197,0.0,0.0,Alexandria,0,5157,3751.0
Alexandria_y2020.tif,1051,0.0,0.0,Alexandria,1,5170,3751.0
Alexandria_y2020.tif,225,0.0,0.0,Alexandria,0,5158,3751.0
Alexandria_y2020.tif,636,0.0,0.0,Alexandria,1,5165,3751.0
Alexandria_y2020.tif,255,0.0,0.004705882352941177,Alexandria,0,5164,3751.0
Alexandria_y2020.tif,320,0.0,0.0,Alexandria,0,5163,3751.0
Alexandria_y2020.tif,78,0.0,0.0,Alexandria,1,5162,3751.0
Alexandria_y2020.tif,394,0.0,0.0,Alexandria,0,5168,3751.0
Alexandria_y2020.tif,217,0.0,0.0,Alexandria,0,5167,3751.0
Alexandria_y2020.tif,138,0.0,0.011340579710144927,Alexandria,0,5151,3751.0
Alexandria_y2020.tif,212,0.0,0.018891509433962263,Alexandria,0,5154,3751.0
Alexandria_y2020.tif,445,0.0,0.014943820224719103,Alexandria,0,5172,3751.0
Alexandria_y2020.tif,402,0.0,0.0,Alexandria,0,5175,3751.0
Alexandria_y2020.tif,279,0.0,0.0,Alexandria,0,5171,3751.0
Alexandria_y2020.tif,708,0.0,0.0,Alexandria,1,5180,3751.0
Alexandria_y2020.tif,581,0.0,0.0,Alexandria,1,5179,3751.0
Alexandria_y2020.tif,343,0.0,0.0,Alexandria,0,5182,3751.0
Alexandria_y2020.tif,188,0.0,0.0,Alexandria,0,5186,3751.0
Alexandria_y2020.tif,212,0.0,0.0,Alexandria,0,5184,3751.0
Alexandria_y2020.tif,244,0.0,0.0,Alexandria,1,5183,3751.0
Alexandria_y2020.tif,817,0.0,0.0004039167686658507,Alexandria,0,5188,3751.0
Alexandria_y2020.tif,130,0.0,0.0,Alexandria,0,5191,3751.0
Alexandria_y2020.tif,131,0.0,0.0,Alexandria,1,5196,3751.0
Alexandria_y2020.tif,3,0.0,0.0,Alexandria,1,5195,3751.0
Alexandria_y2020.tif,23,0.0,0.0,Alexandria,0,5197,3751.0
Alexandria_y2020.tif,532,0.0,0.015338345864661655,Alexandria,1,3280,3751.0
Alexandria_y2020.tif,434,0.0,0.014965437788018435,Alexandria,0,3278,3751.0
Alexandria_y2020.tif,1098,0.0,0.02215391621129326,Alexandria,0,3291,3751.0
Alexandria_y2020.tif,1219,0.0,0.0149343724364233,Alexandria,0,3311,3751.0
Alexandria_y2020.tif,697,0.0,0.01873744619799139,Alexandria,0,3303,3751.0
Alexandria_y2020.tif,507,0.0,0.015700197238658776,Alexandria,0,3316,3751.0
Alexandria_y2020.tif,2524,0.0,0.018488510301109345,Alexandria,0,3351,3751.0
Alexandria_y2020.tif,5544,0.0,0.03174963924963925,Alexandria,0,3370,3751.0
Alexandria_y2020.tif,3751,0.0,0.01571847507331378,Alexandria,0,3371,3751.0
Alexandria_y2020.tif,739,0.0,0.01476995940460081,Alexandria,0,3365,3751.0
Alexandria_y2020.tif,321,0.0,0.020202492211838004,Alexandria,0,3405,3751.0
Alexandria_y2020.tif,762,0.0,0.02082020997375328,Alexandria,0,3410,3751.0
Alexandria_y2020.tif,954,0.0,0.020801886792452828,Alexandria,0,3418,3751.0
Alexandria_y2020.tif,570,0.0,0.041561403508771924,Alexandria,1,3397,3751.0
Alexandria_y2020.tif,509,0.0,0.02073673870333988,Alexandria,1,3407,3751.0
Alexandria_y2020.tif,500,0.0,0.014590000000000002,Alexandria,0,3409,3751.0
Alexandria_y2020.tif,800,0.0,0.0189375,Alexandria,0,3417,3751.0
Alexandria_y2020.tif,450,0.0,0.04761111111111111,Alexandria,1,3404,3751.0
Alexandria_y2020.tif,1267,0.0,0.020773480662983426,Alexandria,1,3450,3751.0
Alexandria_y2020.tif,552,0.0,0.021485507246376812,Alexandria,1,3415,3751.0
Alexandria_y2020.tif,817,0.0,0.03045287637698899,Alexandria,0,3426,3751.0
Alexandria_y2020.tif,215,0.0,0.027651162790697684,Alexandria,0,3414,3751.0
Alexandria_y2020.tif,230,0.0,0.03058695652173913,Alexandria,1,3412,3751.0
Alexandria_y2020.tif,614,0.0,0.018265472312703583,Alexandria,1,3429,3751.0
Alexandria_y2020.tif,287,0.0,0.02,Alexandria,1,3422,3751.0
Alexandria_y2020.tif,280,0.0,0.020964285714285713,Alexandria,0,3423,3751.0
Alexandria_y2020.tif,575,0.0,0.018408695652173915,Alexandria,0,3427,3751.0
Alexandria_y2020.tif,277,0.0,0.011462093862815884,Alexandria,0,3424,3751.0
Alexandria_y2020.tif,444,0.0,0.02291666666666667,Alexandria,1,3421,3751.0
Alexandria_y2020.tif,748,0.0,0.01870320855614973,Alexandria,0,3443,3751.0
Alexandria_y2020.tif,486,0.0,0.021841563786008232,Alexandria,0,3392,3751.0
Alexandria_y2020.tif,702,0.0,0.023632478632478634,Alexandria,0,3406,3751.0
Alexandria_y2020.tif,5048,0.0,0.020022781299524565,Alexandria,0,3572,3751.0
Alexandria_y2020.tif,121,0.0,0.019628099173553723,Alexandria,0,3547,3751.0
Alexandria_y2020.tif,234,0.0,0.019871794871794874,Alexandria,0,3557,3751.0
Alexandria_y2020.tif,237,0.0,0.02419831223628692,Alexandria,1,3552,3751.0
Alexandria_y2020.tif,176,0.0,0.020625,Alexandria,0,3563,3751.0
Alexandria_y2020.tif,373,0.0,0.02151474530831099,Alexandria,1,3559,3751.0
Alexandria_y2020.tif,584,0.0,0.03180650684931507,Alexandria,0,3569,3751.0
Alexandria_y2020.tif,306,0.0,0.017941176470588235,Alexandria,1,3570,3751.0
Alexandria_y2020.tif,637,0.0,0.03857927786499215,Alexandria,0,3586,3751.0
Alexandria_y2020.tif,255,0.0,0.03133333333333334,Alexandria,1,3568,3751.0
Alexandria_y2020.tif,732,0.0,0.020662568306010924,Alexandria,0,3587,3751.0
Alexandria_y2020_1.tif,10859,0.12155815452619946,0.06805552997513584,Alexandria,0,421,3751.0
Alexandria_y2020_1.tif,10283,0.14363512593601088,0.0842784206943499,Alexandria,0,460,3751.0
Alexandria_y2020_1.tif,855,1.0,0.39515204678362575,Alexandria,1,426,3751.0
Alexandria_y2020_1.tif,24173,0.08633599470483598,0.05491395358457783,Alexandria,0,443,3751.0
Alexandria_y2020_1.tif,1346,0.9821693907875185,0.38695393759286767,Alexandria,1,440,3751.0
Alexandria_y2020_1.tif,895,1.0,0.3953463687150838,Alexandria,1,452,3751.0
Alexandria_y2020_1.tif,1331,0.9496619083395943,0.3439594290007513,Alexandria,1,454,3751.0
Alexandria_y2020_1.tif,1112,0.658273381294964,0.22911870503597126,Alexandria,0,468,3751.0
Alexandria_y2020_1.tif,845,0.9585798816568047,0.2878579881656805,Alexandria,0,480,3751.0
Alexandria_y2020_1.tif,356,1.0,0.36624999999999996,Alexandria,1,481,3751.0
Alexandria_y2020_1.tif,35339,0.11853759302753332,0.06528750106115057,Alexandria,0,546,3751.0
Alexandria_y2020_1.tif,1316,0.8647416413373861,0.31555091185410333,Alexandria,1,497,3751.0
Alexandria_y2020_1.tif,18116,0.1113380437182601,0.06579680945020976,Alexandria,0,535,3751.0
Alexandria_y2020_1.tif,69740,0.019816461141382278,0.02845992256954402,Alexandria,0,622,3751.0
Alexandria_y2020_1.tif,1491,0.6653252850435949,0.2658920187793427,Alexandria,0,502,3751.0
Alexandria_y2020_1.tif,7306,0.17684095264166438,0.08292294004927457,Alexandria,0,527,3751.0
Alexandria_y2020_1.tif,337,1.0,0.39848664688427304,Alexandria,0,516,3751.0
Alexandria_y2020_1.tif,714,1.0,0.36109243697479,Alexandria,0,519,3751.0
Alexandria_y2020_1.tif,21731,0.13032073995674381,0.06657493902719618,Alexandria,0,564,3751.0
Alexandria_y2020_1.tif,6537,0.398347865993575,0.16673474070674624,Alexandria,0,560,3751.0
Alexandria_y2020_1.tif,3311,0.9287224403503473,0.32948504983388704,Alexandria,0,557,3751.0
Alexandria_y2020_1.tif,820,1.0,0.4004329268292683,Alexandria,0,568,3751.0
Alexandria_y2020_1.tif,1219,0.9967186218211649,0.37925348646431506,Alexandria,0,573,3751.0
Alexandria_y2020_1.tif,8416,0.1188212927756654,0.05874524714828897,Alexandria,0,605,3751.0
Alexandria_y2020_1.tif,1541,0.9857235561323816,0.396859182349124,Alexandria,1,582,3751.0
Alexandria_y2020_1.tif,6609,0.1960962324103495,0.10269783628385536,Alexandria,0,627,3751.0
Alexandria_y2020_1.tif,50062,0.125584275498382,0.07039441093044624,Alexandria,0,680,3751.0
Alexandria_y2020_1.tif,47325,0.06239830956154253,0.04125060750132066,Alexandria,0,641,3751.0
Alexandria_y2020_1.tif,12422,0.18153276445016905,0.08404644984704557,Alexandria,0,624,3751.0
Alexandria_y2020_1.tif,3061,0.875530872263966,0.30850212348905587,Alexandria,0,620,3751.0
Alexandria_y2020_1.tif,28030,0.033713877987870136,0.034840171245094545,Alexandria,0,701,3751.0
Alexandria_y2020_1.tif,20516,0.10616104503801911,0.06268765841294599,Alexandria,0,671,3751.0
Alexandria_y2020_1.tif,4824,0.10053897180762852,0.06868781094527364,Alexandria,0,650,3751.0
Alexandria_y2020_1.tif,23802,0.04608856398621965,0.03869023611461222,Alexandria,0,617,3751.0
Alexandria_y2020_1.tif,7493,0.14960629921259844,0.0770352328840251,Alexandria,0,631,3751.0
Alexandria_y2020_1.tif,9450,0.3996825396825397,0.1668015873015873,Alexandria,0,646,3751.0
Alexandria_y2020_1.tif,884,0.7115384615384616,0.29561085972850676,Alexandria,1,636,3751.0
Alexandria_y2020_1.tif,540,0.9518518518518518,0.36625,Alexandria,1,638,3751.0
Alexandria_y2020_1.tif,2416,0.9317052980132451,0.3256063741721854,Alexandria,1,664,3751.0
Alexandria_y2020_1.tif,849,1.0,0.3338162544169611,Alexandria,0,661,3751.0
Alexandria_y2020_1.tif,7658,0.22473230608513972,0.10153695481849047,Alexandria,0,691,3751.0
Alexandria_y2020_1.tif,45260,0.08504197967300044,0.051405766681396375,Alexandria,0,713,3751.0
Alexandria_y2020_1.tif,1052,0.8640684410646388,0.2621292775665399,Alexandria,1,693,3751.0
Alexandria_y2020_1.tif,42290,0.05481201229605107,0.03836935445731851,Alexandria,0,700,3751.0
Alexandria_y2020_1.tif,70453,0.04520744326004571,0.03874852738705237,Alexandria,0,736,3751.0
Alexandria_y2020_1.tif,11404,0.08181339880743599,0.05079182742897229,Alexandria,0,699,3751.0
Alexandria_y2020_1.tif,18376,0.1151501959077057,0.059728722246408364,Alexandria,0,719,3751.0
Alexandria_y2020_1.tif,5163,0.15804764671702498,0.08535250823164826,Alexandria,0,715,3751.0
Alexandria_y2020_1.tif,2248,0.17215302491103202,0.07614768683274022,Alexandria,0,714,3751.0
Alexandria_y2020_1.tif,646,0.8606811145510835,0.27568885448916414,Alexandria,1,727,3751.0
Alexandria_y2020_1.tif,957,0.33124346917450365,0.12640020898641588,Alexandria,0,687,3751.0
Alexandria_y2020_1.tif,349,0.9713467048710601,0.36388252148997136,Alexandria,1,692,3751.0
Alexandria_y2020_1.tif,440,0.9931818181818182,0.3417840909090909,Alexandria,1,694,3751.0
Alexandria_y2020_1.tif,89025,0.010592530188149396,0.023013310867733786,Alexandria,0,741,3751.0
Alexandria_y2020_1.tif,10357,0.04721444433716327,0.04103504875929323,Alexandria,0,730,3751.0
Alexandria_y2020_1.tif,21886,0.028922598921685097,0.029893539248834873,Alexandria,0,760,3751.0
Alexandria_y2020_1.tif,20476,0.05992381324477437,0.0366819691345966,Alexandria,0,770,3751.0
Alexandria_y2020_1.tif,29998,0.037435829055270355,0.03191446096406427,Alexandria,0,812,3751.0
Alexandria_y2020_1.tif,5792,0.09789364640883978,0.04733252762430939,Alexandria,0,784,3751.0
Alexandria_y2020_1.tif,69461,0.0347821079454658,0.03323685233440348,Alexandria,0,862,3751.0
Alexandria_y2020_1.tif,31159,0.0459578291986264,0.03482156038383774,Alexandria,0,766,3751.0
Alexandria_y2020_1.tif,1536,0.267578125,0.14105143229166667,Alexandria,1,735,3751.0
Alexandria_y2020_1.tif,8363,0.002989357885926103,0.027522420184144452,Alexandria,0,748,3751.0
Alexandria_y2020_1.tif,37346,0.07031542869383602,0.04465284100037487,Alexandria,0,737,3751.0
Alexandria_y2020_1.tif,7481,0.22403422002406095,0.09582943456757118,Alexandria,0,773,3751.0
Alexandria_y2020_1.tif,10281,0.04279739324968388,0.04659663456862174,Alexandria,0,780,3751.0
Alexandria_y2020_1.tif,891,0.8933782267115601,0.3005218855218855,Alexandria,1,744,3751.0
Alexandria_y2020_1.tif,32930,0.040965684785909506,0.03538976617066505,Alexandria,0,796,3751.0
Alexandria_y2020_1.tif,4167,0.04151667866570674,0.04582313414926806,Alexandria,0,756,3751.0
Alexandria_y2020_1.tif,769,0.22366710013003901,0.12630039011703512,Alexandria,1,747,3751.0
Alexandria_y2020_1.tif,323,0.0,0.10557275541795666,Alexandria,1,755,3751.0
Alexandria_y2020_1.tif,699,0.6137339055793991,0.1967596566523605,Alexandria,0,758,3751.0
Alexandria_y2020_1.tif,37430,0.05623831151482768,0.03766323804434946,Alexandria,0,804,3751.0
Alexandria_y2020_1.tif,35682,0.019757861106440223,0.02837004652205594,Alexandria,0,794,3751.0
Alexandria_y2020_1.tif,3000,0.0,0.023303333333333332,Alexandria,0,762,3751.0
Alexandria_y2020_1.tif,598,0.9765886287625418,0.3104096989966555,Alexandria,0,776,3751.0
Alexandria_y2020_1.tif,1232,0.0,0.03821428571428572,Alexandria,0,786,3751.0
Alexandria_y2020_1.tif,5440,0.14705882352941177,0.09606801470588236,Alexandria,0,793,3751.0
Alexandria_y2020_1.tif,26224,0.022765405735204393,0.033691465832824896,Alexandria,0,828,3751.0
Alexandria_y2020_1.tif,7761,0.33977580208735986,0.13920886483700556,Alexandria,0,802,3751.0
Alexandria_y2020_1.tif,9383,0.00010657572205051689,0.028383246296493657,Alexandria,0,795,3751.0
Alexandria_y2020_1.tif,20120,0.015109343936381709,0.028970427435387674,Alexandria,0,816,3751.0
Alexandria_y2020_1.tif,7650,0.05633986928104575,0.04573464052287582,Alexandria,0,805,3751.0
Alexandria_y2020_1.tif,6223,0.1256628635706251,0.06864534790294072,Alexandria,0,806,3751.0
Alexandria_y2020_1.tif,48274,0.008265318805153913,0.022278245018022124,Alexandria,0,836,3751.0
Alexandria_y2020_1.tif,2646,0.037037037037037035,0.047037037037037044,Alexandria,0,818,3751.0
Alexandria_y2020_1.tif,2292,0.07155322862129145,0.06453315881326353,Alexandria,0,817,3751.0
Alexandria_y2020_1.tif,448,0.27232142857142855,0.10889508928571427,Alexandria,0,809,3751.0
Alexandria_y2020_1.tif,849,0.6301531213191991,0.20690812720848056,Alexandria,0,831,3751.0
Alexandria_y2020_1.tif,3261,0.0984360625574977,0.06683226004293162,Alexandria,0,846,3751.0
Alexandria_y2020_1.tif,24026,0.019978356780154832,0.039649754432697915,Alexandria,0,798,3751.0
Alexandria_y2020_1.tif,4953,0.0002018978396931153,0.028709872804360995,Alexandria,0,825,3751.0
Alexandria_y2020_1.tif,2728,0.49156891495601174,0.1726906158357771,Alexandria,0,811,3751.0
Alexandria_y2020_1.tif,17372,0.03724384066313608,0.03703804973520608,Alexandria,0,839,3751.0
Alexandria_y2020_1.tif,529,0.6975425330812854,0.23302457466918713,Alexandria,1,814,3751.0
Alexandria_y2020_1.tif,496,0.04435483870967742,0.08357862903225806,Alexandria,0,824,3751.0
Alexandria_y2020_1.tif,5028,0.023667462211614955,0.03193416865552904,Alexandria,0,835,3751.0
Alexandria_y2020_1.tif,365,0.0,0.01758904109589041,Alexandria,1,815,3751.0
Alexandria_y2020_1.tif,16231,0.17472737354445197,0.09479483704023166,Alexandria,0,830,3751.0
Alexandria_y2020_1.tif,462,0.922077922077922,0.2600865800865801,Alexandria,1,819,3751.0
Alexandria_y2020_1.tif,1241,0.1377921031426269,0.1055842062852538,Alexandria,0,826,3751.0
Alexandria_y2020_1.tif,550,0.02,0.07335454545454545,Alexandria,0,823,3751.0
Alexandria_y2020_1.tif,48898,0.12644688944333102,0.07236952431592293,Alexandria,0,948,3751.0
Alexandria_y2020_1.tif,552,0.10326086956521739,0.12494565217391304,Alexandria,0,832,3751.0
Alexandria_y2020_1.tif,827,0.0,0.031118500604594927,Alexandria,0,840,3751.0
Alexandria_y2020_1.tif,1834,0.11014176663031625,0.07311341330425301,Alexandria,0,845,3751.0
Alexandria_y2020_1.tif,55522,0.09713266813155146,0.05634658333633515,Alexandria,0,1004,3751.0
Alexandria_y2020_1.tif,205,0.04878048780487805,0.1399268292682927,Alexandria,1,844,3751.0
Alexandria_y2020_1.tif,538,0.46096654275092935,0.15691449814126393,Alexandria,1,849,3751.0
Alexandria_y2020_1.tif,4640,0.023706896551724137,0.06469288793103449,Alexandria,0,872,3751.0
Alexandria_y2020_1.tif,326,0.9815950920245399,0.3140950920245399,Alexandria,1,829,3751.0
Alexandria_y2020_1.tif,564,0.5390070921985816,0.17983156028368796,Alexandria,0,834,3751.0
Alexandria_y2020_1.tif,4909,0.20574455082501528,0.10992564677123651,Alexandria,0,842,3751.0
Alexandria_y2020_1.tif,1136,0.0,0.021650528169014083,Alexandria,0,843,3751.0
Alexandria_y2020_1.tif,5231,0.08870196903077805,0.06408717262473715,Alexandria,0,874,3751.0
Alexandria_y2020_1.tif,9921,0.005241407116218123,0.04085828041528072,Alexandria,0,902,3751.0
Alexandria_y2020_1.tif,2367,0.2910857625686523,0.11638360794254331,Alexandria,0,885,3751.0
Alexandria_y2020_1.tif,2642,0.0643451930355791,0.058487887963663894,Alexandria,0,868,3751.0
Alexandria_y2020_1.tif,4204,0.07778306374881065,0.06614058039961941,Alexandria,0,892,3751.0
Alexandria_y2020_1.tif,1464,0.8306010928961749,0.32214822404371585,Alexandria,0,889,3751.0
Alexandria_y2020_1.tif,1154,0.0,0.0637998266897747,Alexandria,1,847,3751.0
Alexandria_y2020_1.tif,556,0.08992805755395683,0.13070143884892085,Alexandria,1,852,3751.0
Alexandria_y2020_1.tif,1367,0.825164594001463,0.2756730065837601,Alexandria,0,857,3751.0
Alexandria_y2020_1.tif,689,0.6865021770682148,0.2333309143686502,Alexandria,1,851,3751.0
Alexandria_y2020_1.tif,431,0.0,0.06819025522041765,Alexandria,0,848,3751.0
Alexandria_y2020_1.tif,371,0.5336927223719676,0.19632075471698113,Alexandria,1,855,3751.0
Alexandria_y2020_1.tif,53503,0.03240939760387268,0.030045137655832388,Alexandria,0,1009,3751.0
Alexandria_y2020_1.tif,1217,0.9441248972884141,0.29296631059983563,Alexandria,1,863,3751.0
Alexandria_y2020_1.tif,52832,0.10588279830405814,0.05623864324651725,Alexandria,0,969,3751.0
Alexandria_y2020_1.tif,449,0.6681514476614699,0.21378619153674833,Alexandria,1,859,3751.0
Alexandria_y2020_1.tif,359,0.07242339832869081,0.13491643454038998,Alexandria,1,856,3751.0
Alexandria_y2020_1.tif,2987,0.6545028456645464,0.23838131904921328,Alexandria,0,861,3751.0
Alexandria_y2020_1.tif,1368,0.8947368421052632,0.2633625730994152,Alexandria,1,881,3751.0
Alexandria_y2020_1.tif,750,0.292,0.22066666666666668,Alexandria,1,876,3751.0
Alexandria_y2020_1.tif,296,0.02702702702702703,0.07278716216216216,Alexandria,1,867,3751.0
Alexandria_y2020_1.tif,328,0.006097560975609756,0.13472560975609757,Alexandria,1,870,3751.0
Alexandria_y2020_1.tif,4757,0.05844019339920118,0.05616354845490855,Alexandria,0,912,3751.0
Alexandria_y2020_1.tif,442,0.0022624434389140274,0.0691628959276018,Alexandria,1,866,3751.0
Alexandria_y2020_1.tif,425,0.0,0.08952941176470587,Alexandria,1,871,3751.0
Alexandria_y2020_1.tif,194,0.15979381443298968,0.13969072164948454,Alexandria,1,865,3751.0
Alexandria_y2020_1.tif,1258,0.16772655007949125,0.12929650238473767,Alexandria,1,875,3751.0
Alexandria_y2020_1.tif,21320,0.14671669793621014,0.07196130393996247,Alexandria,0,1023,3751.0
Alexandria_y2020_1.tif,604,0.0,0.08785596026490065,Alexandria,1,877,3751.0
Alexandria_y2020_1.tif,8931,0.20412047922964954,0.09866532303213525,Alexandria,0,959,3751.0
Alexandria_y2020_1.tif,475,0.0,0.12585263157894738,Alexandria,1,878,3751.0
Alexandria_y2020_1.tif,331,0.0,0.042945619335347435,Alexandria,1,879,3751.0
Alexandria_y2020_1.tif,11064,0.02105929139551699,0.03305224150397687,Alexandria,0,914,3751.0
Alexandria_y2020_1.tif,1057,0.9763481551561022,0.3090823084200568,Alexandria,1,891,3751.0
Alexandria_y2020_1.tif,672,0.0,0.033824404761904764,Alexandria,0,898,3751.0
Alexandria_y2020_1.tif,342,0.005847953216374269,0.0774561403508772,Alexandria,1,882,3751.0
Alexandria_y2020_1.tif,518,1.0,0.36435328185328186,Alexandria,1,880,3751.0
Alexandria_y2020_1.tif,4167,0.09167266618670507,0.055099592032637396,Alexandria,0,919,3751.0
Alexandria_y2020_1.tif,324,1.0,0.3152314814814815,Alexandria,1,903,3751.0
Alexandria_y2020_1.tif,1108,0.3835740072202166,0.17880415162454874,Alexandria,0,920,3751.0
Alexandria_y2020_1.tif,414,1.0,0.3154468599033816,Alexandria,1,910,3751.0
Alexandria_y2020_1.tif,1372,0.3965014577259475,0.1870553935860058,Alexandria,0,922,3751.0
Alexandria_y2020_1.tif,1800,0.38,0.17028333333333334,Alexandria,1,921,3751.0
Alexandria_y2020_1.tif,152,0.0,0.041546052631578956,Alexandria,0,913,3751.0
Alexandria_y2020_1.tif,932,0.3927038626609442,0.17177575107296134,Alexandria,0,930,3751.0
Alexandria_y2020_1.tif,2435,0.0,0.039353182751540046,Alexandria,0,939,3751.0
Alexandria_y2020_1.tif,646,1.0,0.3393421052631579,Alexandria,1,883,3751.0
Alexandria_y2020_1.tif,661,0.0,0.048645990922844176,Alexandria,1,893,3751.0
Alexandria_y2020_1.tif,408,0.0,0.14338235294117646,Alexandria,1,887,3751.0
Alexandria_y2020_1.tif,1417,0.0,0.07532110091743119,Alexandria,0,906,3751.0
Alexandria_y2020_1.tif,374,1.0,0.3477941176470588,Alexandria,1,895,3751.0
Alexandria_y2020_1.tif,435,0.0,0.11603448275862069,Alexandria,1,896,3751.0
Alexandria_y2020_1.tif,805,0.0,0.04752173913043479,Alexandria,1,904,3751.0
Alexandria_y2020_1.tif,1431,0.02026554856743536,0.0994199860237596,Alexandria,1,911,3751.0
Alexandria_y2020_1.tif,19389,0.10903089380576615,0.0536938470266646,Alexandria,0,999,3751.0
Alexandria_y2020_1.tif,1028,0.26361867704280156,0.1731712062256809,Alexandria,1,901,3751.0
Alexandria_y2020_1.tif,827,0.0,0.08666868198307136,Alexandria,1,899,3751.0
Alexandria_y2020_1.tif,1283,0.8862042088854248,0.2500116913484022,Alexandria,1,931,3751.0
Alexandria_y2020_1.tif,755,0.0,0.06056953642384107,Alexandria,1,924,3751.0
Alexandria_y2020_1.tif,434,1.0,0.3395046082949309,Alexandria,1,915,3751.0
Alexandria_y2020_1.tif,681,0.33186490455212925,0.19958883994126286,Alexandria,1,923,3751.0
Alexandria_y2020_1.tif,565,0.9168141592920354,0.30433628318584066,Alexandria,1,900,3751.0
Alexandria_y2020_1.tif,275,0.1709090909090909,0.1326909090909091,Alexandria,1,917,3751.0
Alexandria_y2020_1.tif,333,0.0,0.08129129129129128,Alexandria,1,925,3751.0
Alexandria_y2020_1.tif,439,0.0,0.08485193621867881,Alexandria,1,928,3751.0
Alexandria_y2020_1.tif,343,0.0,0.08218658892128279,Alexandria,1,932,3751.0
Alexandria_y2020_1.tif,528,0.0,0.06281250000000001,Alexandria,1,936,3751.0
Alexandria_y2020_1.tif,402,0.753731343283582,0.25233830845771144,Alexandria,1,942,3751.0
Alexandria_y2020_1.tif,410,0.0,0.04515853658536585,Alexandria,1,944,3751.0
Alexandria_y2020_1.tif,542,0.0,0.02535977859778598,Alexandria,1,929,3751.0
Alexandria_y2020_1.tif,534,0.0,0.024026217228464423,Alexandria,1,933,3751.0
Alexandria_y2020_1.tif,1202,0.7296173044925125,0.2724001663893511,Alexandria,0,956,3751.0
Alexandria_y2020_1.tif,474,0.0,0.05520042194092827,Alexandria,1,947,3751.0
Alexandria_y2020_1.tif,1010,0.7217821782178218,0.2526188118811881,Alexandria,0,940,3751.0
Alexandria_y2020_1.tif,195,0.0,0.04371794871794873,Alexandria,0,935,3751.0
Alexandria_y2020_1.tif,399,0.19548872180451127,0.18422305764411026,Alexandria,1,946,3751.0
Alexandria_y2020_1.tif,38515,0.04863040373880306,0.03788510969752045,Alexandria,0,1047,3751.0
Alexandria_y2020_1.tif,5605,0.2094558429973238,0.11316859946476361,Alexandria,0,963,3751.0
Alexandria_y2020_1.tif,341,1.0,0.34675953079178884,Alexandria,1,945,3751.0
Alexandria_y2020_1.tif,508,0.0,0.04891732283464567,Alexandria,0,964,3751.0
Alexandria_y2020_1.tif,1305,0.271264367816092,0.14465134099616858,Alexandria,1,960,3751.0
Alexandria_y2020_1.tif,89633,0.01799560429752435,0.02746092399004831,Alexandria,0,1133,3751.0
Alexandria_y2020_1.tif,1944,0.00720164609053498,0.05569958847736626,Alexandria,0,965,3751.0
Alexandria_y2020_1.tif,663,0.9502262443438914,0.3069607843137255,Alexandria,1,955,3751.0
Alexandria_y2020_1.tif,558,0.0017921146953405018,0.09377240143369175,Alexandria,1,952,3751.0
Alexandria_y2020_1.tif,326,0.9355828220858896,0.27707055214723925,Alexandria,1,950,3751.0
Alexandria_y2020_1.tif,192,0.0,0.03505208333333334,Alexandria,0,953,3751.0
Alexandria_y2020_1.tif,233,0.0,0.046115879828326184,Alexandria,1,943,3751.0
Alexandria_y2020_1.tif,735,0.963265306122449,0.3270884353741496,Alexandria,1,957,3751.0
Alexandria_y2020_1.tif,792,0.0,0.050069444444444444,Alexandria,1,937,3751.0
Alexandria_y2020_1.tif,4889,0.0012272448353446513,0.07524340355901002,Alexandria,0,992,3751.0
Alexandria_y2020_1.tif,439,0.0,0.033451025056947616,Alexandria,1,961,3751.0
Alexandria_y2020_1.tif,921,0.31378935939196523,0.13932681867535288,Alexandria,0,970,3751.0
Alexandria_y2020_1.tif,1010,0.7643564356435644,0.2638712871287129,Alexandria,0,971,3751.0
Alexandria_y2020_1.tif,507,0.013806706114398421,0.16414201183431953,Alexandria,1,954,3751.0
Alexandria_y2020_1.tif,8448,0.11896306818181818,0.06703657670454546,Alexandria,0,1001,3751.0
Alexandria_y2020_1.tif,297,0.0,0.08299663299663299,Alexandria,1,958,3751.0
Alexandria_y2020_1.tif,1930,0.9253886010362694,0.3432979274611399,Alexandria,1,962,3751.0
Alexandria_y2020_1.tif,1440,0.9451388888888889,0.3648402777777778,Alexandria,0,973,3751.0
Alexandria_y2020_1.tif,350,0.5285714285714286,0.20314285714285713,Alexandria,1,972,3751.0
Alexandria_y2020_1.tif,24181,0.17931433770315536,0.08708572846449693,Alexandria,0,1085,3751.0
Alexandria_y2020_1.tif,6727,0.42217927753827855,0.16118106139438085,Alexandria,0,1002,3751.0
Alexandria_y2020_1.tif,284,0.9471830985915493,0.2786443661971831,Alexandria,1,976,3751.0
Alexandria_y2020_1.tif,2081,0.699663623258049,0.21999759730898608,Alexandria,1,995,3751.0
Alexandria_y2020_1.tif,1073,0.8490214352283317,0.24647716682199444,Alexandria,0,1015,3751.0
Alexandria_y2020_1.tif,1473,0.6238968092328581,0.20759334691106582,Alexandria,0,1026,3751.0
Alexandria_y2020_1.tif,1661,0.0,0.03859422034918724,Alexandria,0,982,3751.0
Alexandria_y2020_1.tif,586,0.4726962457337884,0.20975255972696244,Alexandria,1,984,3751.0
Alexandria_y2020_1.tif,268,1.0,0.3599440298507463,Alexandria,1,974,3751.0
Alexandria_y2020_1.tif,821,0.0,0.09161997563946407,Alexandria,1,981,3751.0
Alexandria_y2020_1.tif,1471,0.2515295717199184,0.12494221617946977,Alexandria,0,994,3751.0
Alexandria_y2020_1.tif,421,0.0,0.07065320665083134,Alexandria,1,980,3751.0
Alexandria_y2020_1.tif,549,1.0,0.3309380692167577,Alexandria,1,977,3751.0
Alexandria_y2020_1.tif,343,0.0,0.08752186588921283,Alexandria,1,983,3751.0
Alexandria_y2020_1.tif,369,0.0,0.0875609756097561,Alexandria,0,988,3751.0
Alexandria_y2020_1.tif,4547,0.20541016054541456,0.09041235979766879,Alexandria,0,1007,3751.0
Alexandria_y2020_1.tif,1075,0.7320930232558139,0.22438139534883722,Alexandria,0,1003,3751.0
Alexandria_y2020_1.tif,204,0.0,0.05404411764705883,Alexandria,0,993,3751.0
Alexandria_y2020_1.tif,702,0.8903133903133903,0.2778988603988604,Alexandria,1,998,3751.0
Alexandria_y2020_1.tif,160,0.0,0.04184375,Alexandria,0,997,3751.0
Alexandria_y2020_1.tif,4797,0.1159057744423598,0.06329268292682927,Alexandria,0,1052,3751.0
Alexandria_y2020_1.tif,195,0.0,0.054153846153846164,Alexandria,0,1000,3751.0
Alexandria_y2020_1.tif,46878,0.036690985110286276,0.03263545799735484,Alexandria,0,1121,3751.0
Alexandria_y2020_1.tif,7554,0.16719618745035741,0.07521577971935398,Alexandria,0,1030,3751.0
Alexandria_y2020_1.tif,1699,0.0,0.07067981165391407,Alexandria,1,1017,3751.0
Alexandria_y2020_1.tif,2589,0.0,0.04475280030899962,Alexandria,0,1031,3751.0
Alexandria_y2020_1.tif,3493,0.2625250501002004,0.11960062983109075,Alexandria,1,1054,3751.0
Alexandria_y2020_1.tif,152,0.0,0.04319078947368421,Alexandria,0,1011,3751.0
Alexandria_y2020_1.tif,372,0.0,0.04064516129032259,Alexandria,0,1012,3751.0
Alexandria_y2020_1.tif,5861,0.07541375191946767,0.06105698686231019,Alexandria,0,1045,3751.0
Alexandria_y2020_1.tif,784,0.0,0.046600765306122456,Alexandria,0,1020,3751.0
Alexandria_y2020_1.tif,167,0.0,0.041526946107784436,Alexandria,0,1014,3751.0
Alexandria_y2020_1.tif,934,0.9379014989293362,0.2798019271948608,Alexandria,1,1032,3751.0
Alexandria_y2020_1.tif,307,0.0,0.030407166123778504,Alexandria,1,1016,3751.0
Alexandria_y2020_1.tif,478,0.401673640167364,0.18373430962343096,Alexandria,1,1027,3751.0
Alexandria_y2020_1.tif,232,0.0,0.025474137931034486,Alexandria,0,1028,3751.0
Alexandria_y2020_1.tif,458,0.5633187772925764,0.20007641921397384,Alexandria,0,1022,3751.0
Alexandria_y2020_1.tif,1669,0.0005991611743559018,0.04597363690832834,Alexandria,0,1034,3751.0
Alexandria_y2020_1.tif,1332,0.9391891891891891,0.27290165165165164,Alexandria,1,1048,3751.0
Alexandria_y2020_1.tif,889,0.6276715410573678,0.2000843644544432,Alexandria,0,1042,3751.0
Alexandria_y2020_1.tif,387,0.0,0.07138242894056847,Alexandria,0,1041,3751.0
Alexandria_y2020_1.tif,13793,0.03791778438338288,0.05648807366055245,Alexandria,0,1079,3751.0
Alexandria_y2020_1.tif,3354,0.3133571854502087,0.12471228384019081,Alexandria,0,1073,3751.0
Alexandria_y2020_1.tif,836,0.8098086124401914,0.2188337320574163,Alexandria,1,1038,3751.0
Alexandria_y2020_1.tif,581,0.9380378657487092,0.24935456110154905,Alexandria,1,1056,3751.0
Alexandria_y2020_1.tif,295,0.9932203389830508,0.2781864406779661,Alexandria,1,1044,3751.0
Alexandria_y2020_1.tif,572,0.38461538461538464,0.18243006993006994,Alexandria,1,1035,3751.0
Alexandria_y2020_1.tif,153,0.0,0.029967320261437915,Alexandria,1,1037,3751.0
Alexandria_y2020_1.tif,1232,0.46915584415584416,0.19372564935064934,Alexandria,1,1021,3751.0
Alexandria_y2020_1.tif,228,0.0,0.030635964912280714,Alexandria,1,1033,3751.0
Alexandria_y2020_1.tif,396,0.0,0.03871212121212122,Alexandria,1,1039,3751.0
Alexandria_y2020_1.tif,615,0.0,0.04508130081300813,Alexandria,1,1043,3751.0
Alexandria_y2020_1.tif,835,0.6778443113772455,0.21049101796407185,Alexandria,1,1036,3751.0
Alexandria_y2020_1.tif,8004,0.21264367816091953,0.09569777611194402,Alexandria,0,1066,3751.0
Alexandria_y2020_1.tif,835,0.47305389221556887,0.20631137724550896,Alexandria,0,1061,3751.0
Alexandria_y2020_1.tif,737,0.0,0.06280189959294437,Alexandria,1,1051,3751.0
Alexandria_y2020_1.tif,345,0.0,0.028434782608695655,Alexandria,1,1046,3751.0
Alexandria_y2020_1.tif,375,0.7946666666666666,0.25244,Alexandria,0,1060,3751.0
Alexandria_y2020_1.tif,380,0.0,0.039157894736842114,Alexandria,0,1050,3751.0
Alexandria_y2020_1.tif,500,0.832,0.29134,Alexandria,1,1055,3751.0
Alexandria_y2020_1.tif,458,0.0,0.06617903930131006,Alexandria,1,1053,3751.0
Alexandria_y2020_1.tif,240,0.0,0.03643750000000001,Alexandria,1,1049,3751.0
Alexandria_y2020_1.tif,436,0.0,0.07361238532110091,Alexandria,1,1057,3751.0
Alexandria_y2020_1.tif,1077,0.6601671309192201,0.20328226555246054,Alexandria,0,1059,3751.0
Alexandria_y2020_1.tif,1203,0.9933499584372403,0.3524812967581047,Alexandria,1,1070,3751.0
Alexandria_y2020_1.tif,722,0.1481994459833795,0.10680055401662052,Alexandria,0,1062,3751.0
Alexandria_y2020_1.tif,28600,0.17325174825174824,0.08552062937062936,Alexandria,0,1134,3751.0
Alexandria_y2020_1.tif,568,0.9735915492957746,0.25494718309859155,Alexandria,1,1065,3751.0
Alexandria_y2020_1.tif,842,0.7826603325415677,0.21304038004750595,Alexandria,1,1083,3751.0
Alexandria_y2020_1.tif,314,0.6019108280254777,0.1862420382165605,Alexandria,1,1063,3751.0
Alexandria_y2020_1.tif,551,1.0,0.281524500907441,Alexandria,1,1068,3751.0
Alexandria_y2020_1.tif,698,0.7707736389684814,0.21560888252148996,Alexandria,1,1084,3751.0
Alexandria_y2020_1.tif,333,0.9459459459459459,0.23066066066066065,Alexandria,1,1090,3751.0
Alexandria_y2020_1.tif,343,0.5422740524781341,0.17809037900874633,Alexandria,1,1091,3751.0
Alexandria_y2020_1.tif,537,0.4543761638733706,0.19,Alexandria,0,1086,3751.0
Alexandria_y2020_1.tif,540,0.9148148148148149,0.2469814814814815,Alexandria,1,1095,3751.0
Alexandria_y2020_1.tif,346,0.0,0.03034682080924856,Alexandria,0,1064,3751.0
Alexandria_y2020_1.tif,936,0.4326923076923077,0.1476121794871795,Alexandria,0,1074,3751.0
Alexandria_y2020_1.tif,1361,0.7883908890521675,0.28736958119030126,Alexandria,1,1071,3751.0
Alexandria_y2020_1.tif,906,0.09161147902869757,0.07098233995584989,Alexandria,0,1067,3751.0
Alexandria_y2020_1.tif,1443,0.9972279972279973,0.3396292446292446,Alexandria,1,1080,3751.0
Alexandria_y2020_1.tif,587,0.0,0.06109028960817718,Alexandria,0,1078,3751.0
Alexandria_y2020_1.tif,375,0.0,0.05465333333333334,Alexandria,1,1075,3751.0
Alexandria_y2020_1.tif,390,0.0,0.044564102564102565,Alexandria,0,1076,3751.0
Alexandria_y2020_1.tif,526,0.9942965779467681,0.29566539923954377,Alexandria,1,1069,3751.0
Alexandria_y2020_1.tif,494,0.0020242914979757085,0.11691295546558704,Alexandria,1,1081,3751.0
Alexandria_y2020_1.tif,848,0.964622641509434,0.36190448113207546,Alexandria,1,1092,3751.0
Alexandria_y2020_1.tif,2463,0.8652050345107593,0.29038164839626474,Alexandria,0,1106,3751.0
Alexandria_y2020_1.tif,3116,0.0035301668806161745,0.06307926829268293,Alexandria,0,1104,3751.0
Alexandria_y2020_1.tif,266,0.0,0.041466165413533845,Alexandria,0,1088,3751.0
Alexandria_y2020_1.tif,1371,0.975200583515682,0.33532822757111597,Alexandria,1,1089,3751.0
Alexandria_y2020_1.tif,29082,0.07458221580358985,0.05042758407262223,Alexandria,0,1168,3751.0
Alexandria_y2020_1.tif,710,0.9901408450704225,0.3433661971830986,Alexandria,1,1082,3751.0
Alexandria_y2020_1.tif,23691,0.06255540078510827,0.04926934278840067,Alexandria,0,1135,3751.0
Alexandria_y2020_1.tif,3329,0.5476118954641034,0.20830429558425953,Alexandria,0,1100,3751.0
Alexandria_y2020_1.tif,614,0.0,0.0781514657980456,Alexandria,0,1101,3751.0
Alexandria_y2020_1.tif,536,0.835820895522388,0.24402052238805969,Alexandria,1,1096,3751.0
Alexandria_y2020_1.tif,905,0.8861878453038674,0.2503646408839779,Alexandria,1,1103,3751.0
Alexandria_y2020_1.tif,64437,0.022440523301829694,0.02690558219656409,Alexandria,0,1189,3751.0
Alexandria_y2020_1.tif,1097,0.9608021877848678,0.2793072014585233,Alexandria,1,1108,3751.0
Alexandria_y2020_1.tif,59690,0.10551181102362205,0.054918244262020445,Alexandria,0,1194,3751.0
Alexandria_y2020_1.tif,480,0.8895833333333333,0.23316666666666666,Alexandria,1,1113,3751.0
Alexandria_y2020_1.tif,313,0.28115015974440893,0.17945686900958466,Alexandria,0,1111,3751.0
Alexandria_y2020_1.tif,12727,0.25834839317985386,0.12349925355543331,Alexandria,0,1143,3751.0
Alexandria_y2020_1.tif,1216,0.6167763157894737,0.20623355263157894,Alexandria,1,1120,3751.0
Alexandria_y2020_1.tif,13528,0.01596688350088705,0.02958641336487286,Alexandria,0,1165,3751.0
Alexandria_y2020_1.tif,384,0.0,0.041445312500000005,Alexandria,1,1093,3751.0
Alexandria_y2020_1.tif,364,0.005494505494505495,0.08824175824175823,Alexandria,0,1094,3751.0
Alexandria_y2020_1.tif,508,0.03543307086614173,0.06691929133858268,Alexandria,0,1107,3751.0
Alexandria_y2020_1.tif,798,0.9548872180451128,0.3036842105263158,Alexandria,1,1097,3751.0
Alexandria_y2020_1.tif,9128,0.24715162138475022,0.10536700262927257,Alexandria,0,1138,3751.0
Alexandria_y2020_1.tif,436,0.9587155963302753,0.3201261467889908,Alexandria,1,1105,3751.0
Alexandria_y2020_1.tif,880,1.0,0.3450738636363636,Alexandria,1,1109,3751.0
Alexandria_y2020_1.tif,754,0.025198938992042442,0.09857427055702918,Alexandria,1,1099,3751.0
Alexandria_y2020_1.tif,4184,0.16802103250478012,0.08664794455066924,Alexandria,0,1118,3751.0
Alexandria_y2020_1.tif,896,0.8292410714285714,0.26343750000000005,Alexandria,1,1110,3751.0
Alexandria_y2020_1.tif,1000,0.2,0.173835,Alexandria,1,1116,3751.0
Alexandria_y2020_1.tif,1203,0.9950124688279302,0.31308811305070655,Alexandria,0,1102,3751.0
Alexandria_y2020_1.tif,423,0.0,0.0655791962174941,Alexandria,1,1114,3751.0
Alexandria_y2020_1.tif,1344,0.11011904761904762,0.06893229166666667,Alexandria,0,1119,3751.0
Alexandria_y2020_1.tif,705,0.06524822695035461,0.09890780141843972,Alexandria,0,1125,3751.0
Alexandria_y2020_1.tif,827,0.9963724304715841,0.35587061668681985,Alexandria,1,1123,3751.0
Alexandria_y2020_1.tif,1779,0.08993816750983699,0.07465992130410343,Alexandria,0,1127,3751.0
Alexandria_y2020_1.tif,244,0.05737704918032787,0.1585860655737705,Alexandria,1,1124,3751.0
Alexandria_y2020_1.tif,669,0.3094170403587444,0.19216741405082213,Alexandria,1,1131,3751.0
Alexandria_y2020_1.tif,2024,0.6773715415019763,0.2702643280632411,Alexandria,0,1137,3751.0
Alexandria_y2020_1.tif,478,0.45188284518828453,0.2101359832635983,Alexandria,1,1126,3751.0
Alexandria_y2020_1.tif,476,0.03571428571428571,0.0963235294117647,Alexandria,1,1130,3751.0
Alexandria_y2020_1.tif,2853,0.2926743778478794,0.11563617245005259,Alexandria,0,1150,3751.0
Alexandria_y2020_1.tif,436,0.7018348623853211,0.2269151376146789,Alexandria,0,1132,3751.0
Alexandria_y2020_1.tif,281,0.02491103202846975,0.15169039145907473,Alexandria,1,1136,3751.0
Alexandria_y2020_1.tif,432,0.3101851851851852,0.20261574074074074,Alexandria,1,1141,3751.0
Alexandria_y2020_1.tif,1365,0.9560439560439561,0.3597912087912088,Alexandria,0,1144,3751.0
Alexandria_y2020_1.tif,3490,0.2664756446991404,0.11823782234957021,Alexandria,0,1153,3751.0
Alexandria_y2020_1.tif,2527,0.014641867827463396,0.043743569449940636,Alexandria,0,1160,3751.0
Alexandria_y2020_1.tif,3371,0.6796202907149214,0.24806288935034115,Alexandria,0,1158,3751.0
Alexandria_y2020_1.tif,336,0.05654761904761905,0.09558035714285715,Alexandria,0,1128,3751.0
Alexandria_y2020_1.tif,231,0.2683982683982684,0.1391774891774892,Alexandria,1,1129,3751.0
Alexandria_y2020_1.tif,1570,0.18980891719745224,0.10270382165605096,Alexandria,0,1142,3751.0
Alexandria_y2020_1.tif,13689,0.27182409233691285,0.12586602381474177,Alexandria,0,1176,3751.0
Alexandria_y2020_1.tif,544,0.19117647058823528,0.09678308823529413,Alexandria,1,1145,3751.0
Alexandria_y2020_1.tif,1585,0.9482649842271293,0.3263501577287066,Alexandria,1,1159,3751.0
Alexandria_y2020_1.tif,373,0.16085790884718498,0.10355227882037533,Alexandria,1,1155,3751.0
Alexandria_y2020_1.tif,1128,0.46897163120567376,0.20335992907801417,Alexandria,1,1156,3751.0
Alexandria_y2020_1.tif,331,0.8429003021148036,0.2150453172205438,Alexandria,1,1164,3751.0
Alexandria_y2020_1.tif,1511,0.9649238914626076,0.27996360026472533,Alexandria,1,1154,3751.0
Alexandria_y2020_1.tif,815,0.8834355828220859,0.3162883435582822,Alexandria,0,1140,3751.0
Alexandria_y2020_1.tif,569,0.38137082601054484,0.19398945518453425,Alexandria,0,1147,3751.0
Alexandria_y2020_1.tif,97525,0.0807485260189695,0.047556421430402465,Alexandria,0,1219,3751.0
Alexandria_y2020_1.tif,606,0.9785478547854786,0.30865511551155117,Alexandria,0,1149,3751.0
Alexandria_y2020_1.tif,501,0.05189620758483034,0.15316367265469064,Alexandria,1,1148,3751.0
Alexandria_y2020_1.tif,2310,0.3943722943722944,0.17449134199134197,Alexandria,0,1161,3751.0
Alexandria_y2020_1.tif,254,0.8858267716535433,0.2454724409448819,Alexandria,1,1151,3751.0
Alexandria_y2020_1.tif,491,1.0,0.33023421588594704,Alexandria,0,1152,3751.0
Alexandria_y2020_1.tif,6189,0.11439650993698497,0.06880513814832769,Alexandria,0,1173,3751.0
Alexandria_y2020_1.tif,1518,0.6389986824769434,0.24190711462450593,Alexandria,0,1157,3751.0
Alexandria_y2020_1.tif,93740,0.07346917004480479,0.04419911457222104,Alexandria,0,1228,3751.0
Alexandria_y2020_1.tif,1138,0.028119507908611598,0.05190685413005273,Alexandria,0,1214,3751.0
Alexandria_y2020_1.tif,1962,0.9943934760448522,0.3315290519877676,Alexandria,1,1170,3751.0
Alexandria_y2020_1.tif,2628,0.3538812785388128,0.156691400304414,Alexandria,0,1172,3751.0
Alexandria_y2020_1.tif,385,0.0,0.05916883116883117,Alexandria,1,1171,3751.0
Alexandria_y2020_1.tif,711,0.5794655414908579,0.2270745428973277,Alexandria,1,1167,3751.0
Alexandria_y2020_1.tif,3892,0.7921377183967112,0.23734583761562178,Alexandria,0,1191,3751.0
Alexandria_y2020_1.tif,846,1.0,0.37385933806146576,Alexandria,1,1179,3751.0
Alexandria_y2020_1.tif,1841,0.9961977186311787,0.32567626290059754,Alexandria,1,1188,3751.0
Alexandria_y2020_1.tif,325,0.0,0.04227692307692307,Alexandria,1,1177,3751.0
Alexandria_y2020_1.tif,741,0.0,0.09576248313090417,Alexandria,0,1162,3751.0
Alexandria_y2020_1.tif,1665,0.44744744744744747,0.18335435435435438,Alexandria,0,1175,3751.0
Alexandria_y2020_1.tif,5270,0.2836812144212524,0.11316318785578748,Alexandria,0,1180,3751.0
Alexandria_y2020_1.tif,13324,0.11055238667066947,0.06412751425998199,Alexandria,0,1166,3751.0
Alexandria_y2020_1.tif,4016,0.362300796812749,0.17561379482071712,Alexandria,0,1187,3751.0
Alexandria_y2020_1.tif,8966,0.06613874637519518,0.05633894713361588,Alexandria,0,1178,3751.0
Alexandria_y2020_1.tif,3193,0.5806451612903226,0.24256811775759474,Alexandria,0,1169,3751.0
Alexandria_y2020_1.tif,374,0.0,0.10665775401069519,Alexandria,1,1174,3751.0
Alexandria_y2020_1.tif,3584,0.06166294642857143,0.046208147321428576,Alexandria,0,1193,3751.0
Alexandria_y2020_1.tif,1894,0.723336853220697,0.28302798310454064,Alexandria,0,1184,3751.0
Alexandria_y2020_1.tif,454,0.21806167400881057,0.16312775330396476,Alexandria,1,1185,3751.0
Alexandria_y2020_1.tif,1810,0.7132596685082873,0.22127624309392266,Alexandria,0,1195,3751.0
Alexandria_y2020_1.tif,641,0.0015600624024961,0.06827613104524181,Alexandria,0,1192,3751.0
Alexandria_y2020_1.tif,633,0.9968404423380727,0.395434439178515,Alexandria,0,1197,3751.0
Alexandria_y2020_1.tif,270,0.0,0.04027777777777779,Alexandria,0,1199,3751.0
Alexandria_y2020_1.tif,1076,0.5985130111524164,0.183271375464684,Alexandria,0,1204,3751.0
Alexandria_y2020_1.tif,17946,0.08776328986960882,0.05599520784575951,Alexandria,0,1245,3751.0
Alexandria_y2020_1.tif,418,0.0,0.059306220095693786,Alexandria,0,1202,3751.0
Alexandria_y2020_1.tif,1070,0.43177570093457945,0.1624906542056075,Alexandria,0,1205,3751.0
Alexandria_y2020_1.tif,5644,0.6284549964564139,0.2504774982282069,Alexandria,0,1227,3751.0
Alexandria_y2020_1.tif,1245,0.5132530120481927,0.2213012048192771,Alexandria,1,1186,3751.0
Alexandria_y2020_1.tif,178,0.0,0.03814606741573033,Alexandria,1,1183,3751.0
Alexandria_y2020_1.tif,34112,0.0425656660412758,0.03466683278611633,Alexandria,0,1246,3751.0
Alexandria_y2020_1.tif,1694,0.9332939787485242,0.31039846517119246,Alexandria,1,1190,3751.0
Alexandria_y2020_1.tif,1821,0.8314113124656782,0.2737973640856672,Alexandria,1,1198,3751.0
Alexandria_y2020_1.tif,1092,0.005494505494505495,0.04171245421245422,Alexandria,0,1196,3751.0
Alexandria_y2020_1.tif,1182,0.868020304568528,0.23964467005076143,Alexandria,1,1200,3751.0
Alexandria_y2020_1.tif,7687,0.26980616625471576,0.11810199037335763,Alexandria,0,1244,3751.0
Alexandria_y2020_1.tif,97967,0.035756938560943995,0.033381291659436346,Alexandria,0,1243,3751.0
Alexandria_y2020_1.tif,2671,0.8599775365031823,0.30123362036690376,Alexandria,0,1213,3751.0
Alexandria_y2020_1.tif,467,0.867237687366167,0.2171306209850107,Alexandria,0,1207,3751.0
Alexandria_y2020_1.tif,335,0.6955223880597015,0.20722388059701494,Alexandria,1,1206,3751.0
Alexandria_y2020_1.tif,497,1.0,0.3667404426559356,Alexandria,0,1212,3751.0
Alexandria_y2020_1.tif,387,0.14987080103359174,0.11651162790697675,Alexandria,0,1208,3751.0
Alexandria_y2020_1.tif,337,0.7685459940652819,0.19287833827893175,Alexandria,1,1216,3751.0
Alexandria_y2020_1.tif,355,0.9859154929577465,0.30815492957746476,Alexandria,1,1215,3751.0
Alexandria_y2020_1.tif,25679,0.10487168503446397,0.06928949725456598,Alexandria,0,1260,3751.0
Alexandria_y2020_1.tif,235,0.7404255319148936,0.2270212765957447,Alexandria,0,1217,3751.0
Alexandria_y2020_1.tif,138910,0.03803181916348715,0.033108091570081356,Alexandria,0,1305,3751.0
Alexandria_y2020_1.tif,310,0.4483870967741935,0.22199999999999998,Alexandria,1,1222,3751.0
Alexandria_y2020_1.tif,8427,0.08674498635338793,0.04750741663700013,Alexandria,0,1223,3751.0
Alexandria_y2020_1.tif,1290,0.11937984496124031,0.11517054263565892,Alexandria,1,1210,3751.0
Alexandria_y2020_1.tif,1233,1.0,0.3370762368207624,Alexandria,1,1209,3751.0
Alexandria_y2020_1.tif,1769,0.5455059355568117,0.2212577727529678,Alexandria,1,1211,3751.0
Alexandria_y2020_1.tif,1074,0.23184357541899442,0.1400512104283054,Alexandria,0,1218,3751.0
Alexandria_y2020_1.tif,11302,0.06892585383118033,0.048702442045655644,Alexandria,0,1240,3751.0
Alexandria_y2020_1.tif,442,0.5294117647058824,0.20406108597285066,Alexandria,1,1220,3751.0
Alexandria_y2020_1.tif,676,0.3772189349112426,0.20150887573964502,Alexandria,1,1229,3751.0
Alexandria_y2020_1.tif,53264,0.11478672273956143,0.05667683613697807,Alexandria,0,1297,3751.0
Alexandria_y2020_1.tif,4473,0.3013637379834563,0.11119606528057233,Alexandria,0,1241,3751.0
Alexandria_y2020_1.tif,301,0.016611295681063124,0.10129568106312291,Alexandria,0,1224,3751.0
Alexandria_y2020_1.tif,345,0.10144927536231885,0.1306086956521739,Alexandria,1,1221,3751.0
Alexandria_y2020_1.tif,1538,0.6235370611183355,0.2341970091027308,Alexandria,0,1230,3751.0
Alexandria_y2020_1.tif,608,0.09703947368421052,0.08953125,Alexandria,1,1231,3751.0
Alexandria_y2020_1.tif,630,0.0,0.09429365079365079,Alexandria,1,1226,3751.0
Alexandria_y2020_1.tif,847,0.6658795749704841,0.2129043683589138,Alexandria,0,1232,3751.0
Alexandria_y2020_1.tif,597,0.031825795644891124,0.055251256281407035,Alexandria,0,1236,3751.0
Alexandria_y2020_1.tif,9528,0.4080604534005038,0.15631192275398822,Alexandria,0,1253,3751.0
Alexandria_y2020_1.tif,450,0.0,0.05747777777777778,Alexandria,1,1235,3751.0
Alexandria_y2020_1.tif,62491,0.015922292810164662,0.025265798274951595,Alexandria,0,1302,3751.0
Alexandria_y2020_1.tif,485,0.041237113402061855,0.05772164948453609,Alexandria,0,1238,3751.0
Alexandria_y2020_1.tif,59334,0.023426703070752015,0.025374658711699867,Alexandria,0,1303,3751.0
Alexandria_y2020_1.tif,944,0.059322033898305086,0.07655190677966103,Alexandria,0,1267,3751.0
Alexandria_y2020_1.tif,935,0.0,0.03752941176470589,Alexandria,1,1252,3751.0
Alexandria_y2020_1.tif,484,0.08057851239669421,0.07282024793388431,Alexandria,0,1272,3751.0
Alexandria_y2020_1.tif,6226,0.07982653389013813,0.0635327658207517,Alexandria,0,1268,3751.0
Alexandria_y2020_1.tif,331,0.0,0.02960725075528701,Alexandria,1,1249,3751.0
Alexandria_y2020_1.tif,143,0.0,0.02849650349650349,Alexandria,0,1251,3751.0
Alexandria_y2020_1.tif,178,0.0,0.0353932584269663,Alexandria,0,1255,3751.0
Alexandria_y2020_1.tif,206,0.0,0.04733009708737864,Alexandria,0,1258,3751.0
Alexandria_y2020_1.tif,550,0.9836363636363636,0.3014636363636364,Alexandria,1,1234,3751.0
Alexandria_y2020_1.tif,847,0.7461629279811098,0.2242030696576151,Alexandria,0,1248,3751.0
Alexandria_y2020_1.tif,1184,0.08445945945945946,0.10535050675675675,Alexandria,1,1242,3751.0
Alexandria_y2020_1.tif,2983,0.6268856855514583,0.23995474354676496,Alexandria,0,1237,3751.0
Alexandria_y2020_1.tif,714,0.1638655462184874,0.08624649859943978,Alexandria,0,1250,3751.0
Alexandria_y2020_1.tif,161,0.0,0.03335403726708075,Alexandria,1,1247,3751.0
Alexandria_y2020_1.tif,358,0.0,0.033729050279329605,Alexandria,0,1254,3751.0
Alexandria_y2020_1.tif,1629,0.9877225291589933,0.36484653161448743,Alexandria,1,1256,3751.0
Alexandria_y2020_1.tif,2225,0.9653932584269663,0.3482651685393258,Alexandria,0,1265,3751.0
Alexandria_y2020_1.tif,2019,0.8048538880633977,0.25865032194155524,Alexandria,0,1262,3751.0
Alexandria_y2020_1.tif,345,0.3101449275362319,0.17566666666666664,Alexandria,1,1261,3751.0
Alexandria_y2020_1.tif,958,0.6597077244258872,0.22908663883089772,Alexandria,1,1264,3751.0
Alexandria_y2020_1.tif,1293,0.09590100541376644,0.0825754060324826,Alexandria,0,1269,3751.0
Alexandria_y2020_1.tif,2901,0.6618407445708376,0.24035677352637022,Alexandria,1,1257,3751.0
Alexandria_y2020_1.tif,820,0.8951219512195122,0.3000670731707317,Alexandria,1,1263,3751.0
Alexandria_y2020_1.tif,316,0.0,0.0464873417721519,Alexandria,0,1270,3751.0
Alexandria_y2020_1.tif,412,0.5922330097087378,0.21532766990291263,Alexandria,1,1271,3751.0
Alexandria_y2020_1.tif,154321,0.03810239695180825,0.03107972991362161,Alexandria,0,1291,3751.0
Alexandria_y2020_1.tif,1666,0.9987995198079231,0.3793637454981993,Alexandria,1,1259,3751.0
Alexandria_y2020_1.tif,54559,0.14613537638153193,0.07091827196246266,Alexandria,0,1326,3751.0
Alexandria_y2020_1.tif,16923,0.07906399574543521,0.05770933049695681,Alexandria,0,1323,3751.0
Alexandria_y2020_1.tif,305,0.839344262295082,0.21136065573770493,Alexandria,1,1275,3751.0
Alexandria_y2020_1.tif,941,0.997874601487779,0.3211583421891605,Alexandria,0,1277,3751.0
Alexandria_y2020_1.tif,1413,1.0,0.3463234253361642,Alexandria,1,1273,3751.0
Alexandria_y2020_1.tif,6768,0.27201536643026003,0.11514553782505911,Alexandria,0,1278,3751.0
Alexandria_y2020_1.tif,102763,0.04838317293189183,0.035881932212956026,Alexandria,0,1313,3751.0
Alexandria_y2020_1.tif,947,1.0,0.38919218585005283,Alexandria,0,1279,3751.0
Alexandria_y2020_1.tif,5917,0.3474733817813081,0.13162835896569208,Alexandria,0,1300,3751.0
Alexandria_y2020_1.tif,804,0.012437810945273632,0.039011194029850746,Alexandria,0,1307,3751.0
Alexandria_y2020_1.tif,928,0.8556034482758621,0.3334590517241379,Alexandria,0,1289,3751.0
Alexandria_y2020_1.tif,1504,0.9980053191489362,0.3607845744680851,Alexandria,0,1266,3751.0
Alexandria_y2020_1.tif,3193,0.7397431882242406,0.27409802693391794,Alexandria,0,1280,3751.0
Alexandria_y2020_1.tif,23124,0.10971285244767341,0.05801786023179381,Alexandria,0,1304,3751.0
Alexandria_y2020_1.tif,1917,0.45435576421491913,0.1905946791862285,Alexandria,0,1281,3751.0
Alexandria_y2020_1.tif,2735,0.8047531992687386,0.30132723948811696,Alexandria,0,1295,3751.0
Alexandria_y2020_1.tif,3272,0.07487775061124695,0.08848716381418094,Alexandria,0,1310,3751.0
Alexandria_y2020_1.tif,23450,0.0673773987206823,0.042686353944562896,Alexandria,0,1348,3751.0
Alexandria_y2020_1.tif,56563,0.06286795254848576,0.045369145908102475,Alexandria,0,1374,3751.0
Alexandria_y2020_1.tif,26958,0.034015876548705394,0.045417501298315906,Alexandria,0,1356,3751.0
Alexandria_y2020_1.tif,6318,0.22158911047799937,0.11314102564102564,Alexandria,0,1354,3751.0
Alexandria_y2020_1.tif,602,1.0,0.36218438538205977,Alexandria,1,1284,3751.0
Alexandria_y2020_1.tif,973,0.47584789311408016,0.19316032887975335,Alexandria,1,1292,3751.0
Alexandria_y2020_1.tif,120588,0.018981988257538062,0.02408477626297808,Alexandria,0,1342,3751.0
Alexandria_y2020_1.tif,6426,0.2654839713663243,0.11400248988484281,Alexandria,0,1338,3751.0
Alexandria_y2020_1.tif,27206,0.1736381680511652,0.08281610674116005,Alexandria,0,1378,3751.0
Alexandria_y2020_1.tif,22735,0.16938640862106882,0.07999428194413899,Alexandria,0,1351,3751.0
Alexandria_y2020_1.tif,13811,0.17992904206791688,0.08034899717616394,Alexandria,0,1732,3751.0
Alexandria_y2020_1.tif,56390,0.035999290654371345,0.04361624401489626,Alexandria,0,1409,3751.0
Alexandria_y2020_1.tif,1805,1.0,0.39390304709141283,Alexandria,1,1355,3751.0
Alexandria_y2020_1.tif,708,0.9519774011299436,0.37,Alexandria,1,1361,3751.0
Alexandria_y2020_1.tif,19734,0.17933515759602717,0.0845718050065876,Alexandria,0,1976,3751.0
Alexandria_y2020_1.tif,1618,0.946229913473424,0.3173671199011125,Alexandria,0,1395,3751.0
Alexandria_y2020_1.tif,2199,0.49704411095952705,0.2035970895861755,Alexandria,0,1389,3751.0
Alexandria_y2020_1.tif,4364,0.06874427131072411,0.058335242896425304,Alexandria,0,1432,3751.0
Alexandria_y2020_1.tif,75877,0.03234181636068901,0.02744942472686058,Alexandria,0,1439,3751.0
Alexandria_y2020_1.tif,17032,0.10750352278064819,0.07822569281352747,Alexandria,0,1435,3751.0
Alexandria_y2020_1.tif,16804,0.0703999047845751,0.05004879790526065,Alexandria,0,1466,3751.0
Alexandria_y2020_1.tif,8356,0.0,0.01878470560076592,Alexandria,0,1458,3751.0
Alexandria_y2020_1.tif,45099,0.03955741812457039,0.035327834320051446,Alexandria,0,1534,3751.0
Alexandria_y2020_1.tif,59757,0.01271817527653664,0.02261517479123785,Alexandria,0,1519,3751.0
Alexandria_y2020_1.tif,879,0.8213879408418657,0.2966894197952218,Alexandria,0,1364,3751.0
Alexandria_y2020_1.tif,15963,0.07216688592369855,0.04734792958717034,Alexandria,0,1412,3751.0
Alexandria_y2020_1.tif,4919,0.20430981906891646,0.10435860947347023,Alexandria,0,1411,3751.0
Alexandria_y2020_1.tif,1529,0.6461739699149771,0.2508109875735775,Alexandria,0,1379,3751.0
Alexandria_y2020_1.tif,9513,0.1928939346157889,0.09096341847997477,Alexandria,0,1410,3751.0
Alexandria_y2020_1.tif,12274,0.17500407365162132,0.09089579599152682,Alexandria,1,1463,3751.0
Alexandria_y2020_1.tif,6667,0.2521373931303435,0.11431828408579571,Alexandria,0,1452,3751.0
Alexandria_y2020_1.tif,4515,0.11716500553709856,0.060136212624584726,Alexandria,0,1479,3751.0
Alexandria_y2020_1.tif,931,0.664876476906552,0.2586466165413534,Alexandria,1,1472,3751.0
Alexandria_y2020_1.tif,477,0.9559748427672956,0.34273584905660376,Alexandria,1,1478,3751.0
Alexandria_y2020_1.tif,3633,0.37462152491054224,0.1499518304431599,Alexandria,0,1473,3751.0
Alexandria_y2020_1.tif,27046,0.1033424535975745,0.06393829032019523,Alexandria,0,1517,3751.0
Alexandria_y2020_1.tif,3889,0.16482386217536643,0.08723707894060169,Alexandria,0,1468,3751.0
Alexandria_y2020_1.tif,52253,0.058178477790748855,0.037532294796471015,Alexandria,0,1570,3751.0
Alexandria_y2020_1.tif,11538,0.1031374588316866,0.060016900676027045,Alexandria,0,1490,3751.0
Alexandria_y2020_1.tif,2074,0.9980713596914176,0.38099324975891996,Alexandria,1,1475,3751.0
Alexandria_y2020_1.tif,2375,0.016,0.04967789473684211,Alexandria,0,1487,3751.0
Alexandria_y2020_1.tif,1904,0.6848739495798319,0.20847426470588235,Alexandria,0,1480,3751.0
Alexandria_y2020_1.tif,38884,0.037856187635016976,0.03555125501491616,Alexandria,0,1501,3751.0
Alexandria_y2020_1.tif,983,0.970498474059003,0.3699796541200407,Alexandria,0,1494,3751.0
Alexandria_y2020_1.tif,55466,0.04559549994591281,0.03470252046298633,Alexandria,0,1588,3751.0
Alexandria_y2020_1.tif,55396,0.046230774785183046,0.034870387753628426,Alexandria,0,1718,3751.0
Alexandria_y2020_1.tif,13395,0.02179917879805898,0.03356737588652483,Alexandria,0,1543,3751.0
Alexandria_y2020_1.tif,5775,0.26961038961038963,0.13083809523809523,Alexandria,0,1538,3751.0
Alexandria_y2020_1.tif,729,0.9012345679012346,0.33142661179698213,Alexandria,1,1525,3751.0
Alexandria_y2020_1.tif,1569,0.7807520713830465,0.2754142766093053,Alexandria,0,1546,3751.0
Alexandria_y2020_1.tif,59415,0.01703273584111756,0.02374636034671379,Alexandria,0,1720,3751.0
Alexandria_y2020_1.tif,20253,0.08156816274132227,0.05501481262035255,Alexandria,0,1540,3751.0
Alexandria_y2020_1.tif,1418,0.8504936530324401,0.30107898448519044,Alexandria,0,1558,3751.0
Alexandria_y2020_1.tif,1851,0.9475958941112912,0.30437601296596434,Alexandria,0,1563,3751.0
Alexandria_y2020_1.tif,1800,0.46444444444444444,0.163275,Alexandria,0,1587,3751.0
Alexandria_y2020_1.tif,1619,0.830142063001853,0.25652254478072883,Alexandria,0,1580,3751.0
Alexandria_y2020_1.tif,7346,0.5507759324802614,0.2064354750884835,Alexandria,0,1581,3751.0
Alexandria_y2020_1.tif,64595,0.08026937069432619,0.048663751064323864,Alexandria,0,1695,3751.0
Alexandria_y2020_1.tif,9789,0.11533353764429462,0.07451067524772705,Alexandria,0,1639,3751.0
Alexandria_y2020_1.tif,7079,0.660827800536799,0.23170363045627912,Alexandria,0,1666,3751.0
Alexandria_y2020_1.tif,1684,0.9507125890736342,0.3073307600950119,Alexandria,0,1627,3751.0
Alexandria_y2020_1.tif,2643,0.6428301172909573,0.26179152478244416,Alexandria,1,1663,3751.0
Alexandria_y2020_1.tif,5796,0.322463768115942,0.13148723257418907,Alexandria,0,1692,3751.0
Alexandria_y2020_1.tif,8059,0.1949373371386028,0.08982317905447328,Alexandria,0,1711,3751.0
Alexandria_y2020_1.tif,25317,0.03938065331595371,0.02490105462732551,Alexandria,0,1098,3751.0
Alexandria_y2020_1.tif,1793,0.06358059118795314,0.02046569994422755,Alexandria,0,1077,3751.0
Alexandria_y2020_1.tif,517,0.0,0.0,Alexandria,0,1087,3751.0
Alexandria_y2020_1.tif,214,0.0,0.0,Alexandria,0,1203,3751.0
Alexandria_y2020_1.tif,9842,0.017069701280227598,0.009731253810201177,Alexandria,0,1345,3751.0
Alexandria_y2020_1.tif,1728,0.0,0.0,Alexandria,0,1446,3751.0
Alexandria_y2020_1.tif,1649,0.0,0.0,Alexandria,0,1462,3751.0
Alexandria_y2020_1.tif,4887,0.0,0.0,Alexandria,0,1493,3751.0
Alexandria_y2020_1.tif,498,0.0,0.0,Alexandria,0,1486,3751.0
Alexandria_y2020_1.tif,1796,0.0,0.0,Alexandria,0,1557,3751.0
Alexandria_y2020_1.tif,896,0.6908482142857143,0.2492410714285714,Alexandria,0,1117,3751.0
Alexandria_y2020_1.tif,3176,0.9527707808564232,0.34525188916876576,Alexandria,0,1163,3751.0
Alexandria_y2020_1.tif,67933,0.01474982703546141,0.019395875347769122,Alexandria,0,1201,3751.0
Alexandria_y2020_1.tif,4369,0.8159761959258411,0.3086060883497368,Alexandria,0,1233,3751.0
Alexandria_y2020_1.tif,1516,0.4940633245382586,0.1870976253298153,Alexandria,0,1225,3751.0
Alexandria_y2020_1.tif,44778,0.06628254946625575,0.0332057036937782,Alexandria,0,1282,3751.0
Alexandria_y2020_1.tif,100430,0.027232898536293935,0.02843044906900329,Alexandria,0,1496,3751.0
Alexandria_y2020_1.tif,9210,0.01476655808903366,0.02050868621064061,Alexandria,0,1508,3751.0
Alexandria_y2020_1.tif,8061,0.0,0.033059794070214615,Alexandria,0,1503,3751.0
Alexandria_y2020_1.tif,7251,0.0,0.008794649013929113,Alexandria,0,1513,3751.0
Alexandria_y2020_1.tif,4,0.0,0.0,Alexandria,0,1562,3751.0
Alexandria_y2020_1.tif,36722,0.012989488589946082,0.019203474756276893,Alexandria,0,1514,3751.0
Alexandria_y2020_1.tif,69744,0.021994723560449646,0.02701257455838495,Alexandria,0,1653,3751.0
Alexandria_y2020_1.tif,2740,0.3704379562043796,0.1403631386861314,Alexandria,0,1551,3751.0
Alexandria_y2020_1.tif,7217,0.10336705002078427,0.06779271165304143,Alexandria,0,1561,3751.0
Alexandria_y2020_1.tif,12713,0.1061905136474475,0.05524777786517738,Alexandria,0,1596,3751.0
Alexandria_y2020_1.tif,4207,0.5780841454718326,0.22554908485856906,Alexandria,0,1594,3751.0
Alexandria_y2020_1.tif,4170,0.5376498800959233,0.19719424460431653,Alexandria,0,1595,3751.0
Alexandria_y2020_1.tif,2830,0.096113074204947,0.06434805653710247,Alexandria,0,1620,3751.0
Alexandria_y2020_1.tif,1377,0.7545388525780683,0.25989106753812635,Alexandria,0,1619,3751.0
Alexandria_y2020_1.tif,1390,0.3294964028776978,0.15233812949640288,Alexandria,0,1621,3751.0
Alexandria_y2020_1.tif,1852,0.0,0.0,Alexandria,0,1509,3751.0
Alexandria_y2020_1.tif,1788,0.0,0.0,Alexandria,0,1527,3751.0
Alexandria_y2020_1.tif,1575,0.0,0.0,Alexandria,0,1539,3751.0
Alexandria_y2020_1.tif,1575,0.0,0.0,Alexandria,0,1550,3751.0
Alexandria_y2020_1.tif,3286,0.0,0.0,Alexandria,0,1560,3751.0
Alexandria_y2020_1.tif,3209,0.0,0.0,Alexandria,0,1593,3751.0
Alexandria_y2020_1.tif,1378,0.8737300435413643,0.2452322206095791,Alexandria,0,1650,3751.0
Alexandria_y2020_1.tif,3418,0.08835576360444705,0.07306026916325337,Alexandria,0,1686,3751.0
Alexandria_y2020_1.tif,3202,0.1617738913179263,0.07112273579013118,Alexandria,0,1688,3751.0
Alexandria_y2020_1.tif,6496,0.0001539408866995074,0.00576893472906404,Alexandria,0,1697,3751.0
Alexandria_y2020_1.tif,6696,0.002837514934289128,0.026381421744324975,Alexandria,0,1690,3751.0
Alexandria_y2020_1.tif,1549,0.31504196255648803,0.12211426726920596,Alexandria,0,1725,3751.0
Alexandria_y2020_1.tif,549,0.3296903460837887,0.11221311475409836,Alexandria,0,1726,3751.0
Alexandria_y2020_1.tif,948,0.740506329113924,0.23829113924050632,Alexandria,0,1727,3751.0
Alexandria_y2020_1.tif,2124,0.4048964218455744,0.14632768361581922,Alexandria,0,1763,3751.0
Alexandria_y2020_1.tif,5326,0.19677055951933908,0.08374577544123168,Alexandria,0,1728,3751.0
Alexandria_y2020_1.tif,7486,0.09297355062783863,0.07267365749398878,Alexandria,0,1798,3751.0
Alexandria_y2020_1.tif,1611,0.6908752327746741,0.23405648665425202,Alexandria,0,1764,3751.0
Alexandria_y2020_1.tif,995,1.0,0.36328140703517586,Alexandria,0,1765,3751.0
Alexandria_y2020_1.tif,1794,0.5986622073578596,0.20796822742474916,Alexandria,0,1802,3751.0
Alexandria_y2020_1.tif,783,0.9770114942528736,0.2733397190293742,Alexandria,1,1793,3751.0
Alexandria_y2020_1.tif,388,1.0,0.3362371134020618,Alexandria,1,1797,3751.0
Alexandria_y2020_1.tif,603,1.0,0.33846600331674953,Alexandria,1,1794,3751.0
Alexandria_y2020_1.tif,825,0.9842424242424243,0.39104848484848487,Alexandria,1,1795,3751.0
Alexandria_y2020_1.tif,1582,0.5126422250316056,0.2074747155499368,Alexandria,0,1796,3751.0
Alexandria_y2020_1.tif,1515,0.7135313531353136,0.26252145214521455,Alexandria,0,1832,3751.0
Alexandria_y2020_1.tif,694,0.9798270893371758,0.3035302593659942,Alexandria,1,1833,3751.0
Alexandria_y2020_1.tif,1496,0.6029411764705882,0.23863970588235295,Alexandria,0,1836,3751.0
Alexandria_y2020_1.tif,647,1.0,0.3393972179289026,Alexandria,1,1845,3751.0
Alexandria_y2020_1.tif,899,0.9521690767519466,0.33893214682981093,Alexandria,1,1877,3751.0
Alexandria_y2020_1.tif,1315,0.9498098859315589,0.272851711026616,Alexandria,1,1860,3751.0
Alexandria_y2020_1.tif,603,0.7495854063018242,0.26220563847429523,Alexandria,1,1882,3751.0
Alexandria_y2020_1.tif,1293,0.4098994586233565,0.17508120649651973,Alexandria,0,1878,3751.0
Alexandria_y2020_1.tif,5147,0.26423159121818535,0.12172916261900135,Alexandria,0,1938,3751.0
Alexandria_y2020_1.tif,651,1.0,0.34234254992319507,Alexandria,1,1926,3751.0
Alexandria_y2020_1.tif,9322,0.07991847243080884,0.049152542372881365,Alexandria,0,1940,3751.0
Alexandria_y2020_1.tif,1939,0.0,0.0,Alexandria,0,1636,3751.0
Alexandria_y2020_1.tif,4925,0.0,0.0011532994923857866,Alexandria,0,1729,3751.0
Alexandria_y2020_1.tif,1527,0.0032743942370661427,0.0008644400785854616,Alexandria,0,1792,3751.0
Alexandria_y2020_1.tif,4668,0.0012853470437017994,0.0007497857754927164,Alexandria,0,1918,3751.0
Alexandria_y2020_1.tif,5285,0.0,0.0,Alexandria,0,2018,3751.0
Alexandria_y2020_1.tif,3482,0.0,0.0,Alexandria,0,2598,3751.0
Alexandria_y2020_1.tif,5984,0.0,0.0,Alexandria,0,2168,3751.0
Alexandria_y2020_1.tif,6190,0.0,0.0,Alexandria,0,2600,3751.0
Alexandria_y2020_1.tif,6777,0.0,0.0,Alexandria,0,2311,3751.0
Alexandria_y2020_1.tif,3497,0.9688304260794968,0.35727623677437803,Alexandria,0,1632,3751.0
Alexandria_y2020_1.tif,11232,0.0,0.018737535612535612,Alexandria,0,1770,3751.0
Alexandria_y2020_1.tif,3877,0.38896053649729173,0.14671008511735878,Alexandria,0,1694,3751.0
Alexandria_y2020_1.tif,2224,0.8561151079136691,0.3389950539568345,Alexandria,1,1716,3751.0
Alexandria_y2020_1.tif,1154,0.9783362218370883,0.3309878682842288,Alexandria,1,1719,3751.0
Alexandria_y2020_1.tif,2088,1.0,0.40326388888888887,Alexandria,1,1739,3751.0
Alexandria_y2020_1.tif,2098,0.7883698760724499,0.30405624404194476,Alexandria,1,1746,3751.0
Alexandria_y2020_1.tif,91466,0.0213521964445805,0.023547055736557847,Alexandria,0,2118,3751.0
Alexandria_y2020_1.tif,819,1.0,0.33014041514041514,Alexandria,1,1747,3751.0
Alexandria_y2020_1.tif,23128,0.05123659633344863,0.03997276029055691,Alexandria,0,1897,3751.0
Alexandria_y2020_1.tif,918,0.9945533769063181,0.35801198257080613,Alexandria,0,1771,3751.0
Alexandria_y2020_1.tif,4542,0.6406869220607662,0.2414641127256715,Alexandria,0,1825,3751.0
Alexandria_y2020_1.tif,1546,0.9495472186287193,0.3262063389391979,Alexandria,1,1787,3751.0
Alexandria_y2020_1.tif,10072,0.0,0.016972299444003178,Alexandria,0,1960,3751.0
Alexandria_y2020_1.tif,1275,0.9968627450980392,0.3659529411764706,Alexandria,0,1862,3751.0
Alexandria_y2020_1.tif,1381,0.718320057929037,0.26064083997103554,Alexandria,0,1828,3751.0
Alexandria_y2020_1.tif,42263,0.008707379977758323,0.021138229657146915,Alexandria,0,2081,3751.0
Alexandria_y2020_1.tif,8377,0.18419481914766622,0.09226035573594366,Alexandria,0,1994,3751.0
Alexandria_y2020_1.tif,33750,0.17976296296296296,0.08472,Alexandria,0,2262,3751.0
Alexandria_y2020_1.tif,12426,0.05142443264123612,0.04108723643972317,Alexandria,0,2036,3751.0
Alexandria_y2020_1.tif,23878,0.024457659770500042,0.02870215260909624,Alexandria,0,2032,3751.0
Alexandria_y2020_1.tif,3142,0.09866327180140039,0.05274188415022279,Alexandria,0,2027,3751.0
Alexandria_y2020_1.tif,5898,0.16276703967446593,0.10624957612750086,Alexandria,0,2061,3751.0
Alexandria_y2020_1.tif,6223,0.007070544753334405,0.032966414912421665,Alexandria,0,2111,3751.0
Alexandria_y2020_1.tif,71470,0.10194487197425493,0.05317433888344761,Alexandria,0,2319,3751.0
Alexandria_y2020_1.tif,47407,0.02993228848060413,0.02780876241905204,Alexandria,0,2281,3751.0
Alexandria_y2020_1.tif,4790,0.07974947807933194,0.07408037578288101,Alexandria,0,2109,3751.0
Alexandria_y2020_1.tif,2316,0.35189982728842834,0.17436312607944732,Alexandria,0,2148,3751.0
Alexandria_y2020_1.tif,1101,0.779291553133515,0.2856630336058129,Alexandria,1,2078,3751.0
Alexandria_y2020_1.tif,1777,1.0,0.39576814856499715,Alexandria,1,2084,3751.0
Alexandria_y2020_1.tif,6597,0.06624223131726542,0.05010383507654994,Alexandria,0,2196,3751.0
Alexandria_y2020_1.tif,1002,0.9530938123752495,0.32067365269461084,Alexandria,0,2130,3751.0
Alexandria_y2020_1.tif,2035,0.6771498771498772,0.2808869778869779,Alexandria,0,2215,3751.0
Alexandria_y2020_1.tif,2009,0.5888501742160279,0.20655798904927825,Alexandria,0,2241,3751.0
Alexandria_y2020_1.tif,4379,0.47430920301438684,0.2085167846540306,Alexandria,0,2256,3751.0
Alexandria_y2020_1.tif,8328,0.0,0.01889289145052834,Alexandria,0,2291,3751.0
Alexandria_y2020_1.tif,2911,0.33493644795602884,0.11739608381999313,Alexandria,0,2264,3751.0
Alexandria_y2020_1.tif,24992,0.02496798975672215,0.032512203905249684,Alexandria,0,2423,3751.0
Alexandria_y2020_1.tif,9539,0.11699339553412308,0.05690219100534648,Alexandria,0,2351,3751.0
Alexandria_y2020_1.tif,527,0.9981024667931688,0.3287666034155598,Alexandria,1,2263,3751.0
Alexandria_y2020_1.tif,1185354,0.0035289036017932198,0.011196165871123735,Alexandria,0,5515,3751.0
Alexandria_y2020_1.tif,1181,0.8806096528365792,0.29577053344623194,Alexandria,1,2290,3751.0
Alexandria_y2020_1.tif,1659,0.4767932489451477,0.1841531042796866,Alexandria,0,2306,3751.0
Alexandria_y2020_1.tif,31712,0.06653632694248234,0.04190006937436931,Alexandria,0,2460,3751.0
Alexandria_y2020_1.tif,3852,0.0843717549325026,0.0594158878504673,Alexandria,0,2381,3751.0
Alexandria_y2020_1.tif,3548,0.0842728297632469,0.04684470124013529,Alexandria,0,2352,3751.0
Alexandria_y2020_1.tif,22989,0.000782983165861934,0.018634781852190183,Alexandria,0,2522,3751.0
Alexandria_y2020_1.tif,1063,0.8984007525870179,0.3251175917215428,Alexandria,0,2359,3751.0
Alexandria_y2020_1.tif,654,0.9862385321100917,0.3139373088685015,Alexandria,1,2361,3751.0
Alexandria_y2020_1.tif,1182,0.00676818950930626,0.12205160744500845,Alexandria,0,2384,3751.0
Alexandria_y2020_1.tif,3168,0.10637626262626262,0.059414457070707076,Alexandria,0,2412,3751.0
Alexandria_y2020_1.tif,51427,0.03159818772240263,0.029644155793649256,Alexandria,0,2619,3751.0
Alexandria_y2020_1.tif,2697,0.40971449758991474,0.159935113088617,Alexandria,0,2438,3751.0
Alexandria_y2020_1.tif,478,0.6506276150627615,0.2548430962343096,Alexandria,1,2429,3751.0
Alexandria_y2020_1.tif,6544,0.08542176039119805,0.049265739608801956,Alexandria,0,2534,3751.0
Alexandria_y2020_1.tif,358,0.0,0.11756983240223465,Alexandria,1,2446,3751.0
Alexandria_y2020_1.tif,593,0.6610455311973018,0.2179005059021922,Alexandria,1,2471,3751.0
Alexandria_y2020_1.tif,14189,0.07646768623581648,0.05590175488054127,Alexandria,0,2614,3751.0
Alexandria_y2020_1.tif,656,0.2942073170731707,0.16240853658536586,Alexandria,1,2492,3751.0
Alexandria_y2020_1.tif,565,0.0,0.13930088495575224,Alexandria,1,2502,3751.0
Alexandria_y2020_1.tif,416,0.0,0.10338942307692309,Alexandria,1,2491,3751.0
Alexandria_y2020_1.tif,814,0.019656019656019656,0.09619778869778871,Alexandria,1,2486,3751.0
Alexandria_y2020_1.tif,788,0.0012690355329949238,0.0959454314720812,Alexandria,0,2519,3751.0
Alexandria_y2020_1.tif,15278,0.060020945149888726,0.04276639612514727,Alexandria,0,2596,3751.0
Alexandria_y2020_1.tif,699,0.65379113018598,0.22185979971387698,Alexandria,1,2509,3751.0
Alexandria_y2020_1.tif,792,0.0,0.09275252525252527,Alexandria,1,2535,3751.0
Alexandria_y2020_1.tif,3980,0.021608040201005024,0.08214698492462313,Alexandria,0,2637,3751.0
Alexandria_y2020_1.tif,702,0.1339031339031339,0.12128917378917378,Alexandria,1,2541,3751.0
Alexandria_y2020_1.tif,452,1.0,0.3563053097345133,Alexandria,1,2540,3751.0
Alexandria_y2020_1.tif,434,1.0,0.31586405529953915,Alexandria,1,2553,3751.0
Alexandria_y2020_1.tif,8850,0.0,0.035242372881355934,Alexandria,0,2663,3751.0
Alexandria_y2020_1.tif,908,0.07268722466960352,0.11558920704845815,Alexandria,1,2714,3751.0
Alexandria_y2020_1.tif,830,0.0,0.06298192771084338,Alexandria,1,2710,3751.0
Alexandria_y2020_1.tif,8932,0.06672637707120466,0.04762763098969995,Alexandria,0,2781,3751.0
Alexandria_y2020_1.tif,962,0.9719334719334719,0.30445945945945946,Alexandria,0,2722,3751.0
Alexandria_y2020_1.tif,672,0.0,0.056986607142857144,Alexandria,1,2700,3751.0
Alexandria_y2020_1.tif,479,0.0,0.0381419624217119,Alexandria,1,2690,3751.0
Alexandria_y2020_1.tif,441,0.3854875283446712,0.19490929705215418,Alexandria,1,2719,3751.0
Alexandria_y2020_1.tif,558,0.0,0.06816308243727598,Alexandria,1,2735,3751.0
Alexandria_y2020_1.tif,634,0.0,0.07167192429022082,Alexandria,1,2723,3751.0
Alexandria_y2020_1.tif,757,0.9775429326287979,0.29489431968295904,Alexandria,0,2746,3751.0
Alexandria_y2020_1.tif,427,0.6088992974238876,0.23414519906323186,Alexandria,1,1908,3751.0
Alexandria_y2020_1.tif,1304,0.8090490797546013,0.30820935582822084,Alexandria,0,1941,3751.0
Alexandria_y2020_1.tif,967,0.6845915201654602,0.23535160289555326,Alexandria,1,1930,3751.0
Alexandria_y2020_1.tif,588,0.5068027210884354,0.23021258503401357,Alexandria,1,1984,3751.0
Alexandria_y2020_1.tif,1606,0.9582814445828145,0.35049190535491903,Alexandria,1,1985,3751.0
Alexandria_y2020_1.tif,1686,0.6358244365361803,0.22728351126927634,Alexandria,0,2005,3751.0
Alexandria_y2020_1.tif,622,0.9871382636655949,0.36237138263665597,Alexandria,1,2035,3751.0
Alexandria_y2020_1.tif,5661,0.24306659600777247,0.10591414944356121,Alexandria,0,2082,3751.0
Alexandria_y2020_1.tif,1865,0.21769436997319036,0.10630563002680965,Alexandria,0,2023,3751.0
Alexandria_y2020_1.tif,1383,0.8293564714389009,0.3188467100506146,Alexandria,1,2029,3751.0
Alexandria_y2020_1.tif,474,1.0,0.329957805907173,Alexandria,1,2021,3751.0
Alexandria_y2020_1.tif,353,1.0,0.36589235127478753,Alexandria,1,2058,3751.0
Alexandria_y2020_1.tif,5231,0.09940737908621679,0.061205314471420386,Alexandria,0,2080,3751.0
Alexandria_y2020_1.tif,348,1.0,0.3417959770114943,Alexandria,1,2025,3751.0
Alexandria_y2020_1.tif,931,0.7142857142857143,0.2709291084854995,Alexandria,1,2077,3751.0
Alexandria_y2020_1.tif,340,1.0,0.3561470588235294,Alexandria,1,2076,3751.0
Alexandria_y2020_1.tif,1721,0.968622893666473,0.3835735037768739,Alexandria,1,2134,3751.0
Alexandria_y2020_1.tif,779,0.9409499358151476,0.33494865211810004,Alexandria,0,2132,3751.0
Alexandria_y2020_1.tif,510,1.0,0.386921568627451,Alexandria,1,2131,3751.0
Alexandria_y2020_1.tif,1279,0.7498045347928068,0.2966966379984363,Alexandria,0,2156,3751.0
Alexandria_y2020_1.tif,3562,0.3158338012352611,0.1353046041549691,Alexandria,0,2195,3751.0
Alexandria_y2020_1.tif,2803,0.769532643596147,0.2945665358544417,Alexandria,0,2161,3751.0
Alexandria_y2020_1.tif,1406,0.9992887624466572,0.3605369843527738,Alexandria,0,2244,3751.0
Alexandria_y2020_1.tif,1013,0.9348469891411648,0.336436327739388,Alexandria,0,2239,3751.0
Alexandria_y2020_1.tif,512,0.982421875,0.353701171875,Alexandria,1,2211,3751.0
Alexandria_y2020_1.tif,1675,0.9385074626865672,0.3415880597014926,Alexandria,0,2199,3751.0
Alexandria_y2020_1.tif,1630,0.40245398773006136,0.1541993865030675,Alexandria,0,2282,3751.0
Alexandria_y2020_1.tif,3656,0.32795404814004375,0.14212527352297594,Alexandria,0,2312,3751.0
Alexandria_y2020_1.tif,3783,0.4533439069521544,0.1809106529209622,Alexandria,0,2333,3751.0
Alexandria_y2020_1.tif,1813,0.24324324324324326,0.11039437396580254,Alexandria,0,2329,3751.0
Alexandria_y2020_1.tif,10657,0.31293985174063993,0.14971004973257016,Alexandria,0,2457,3751.0
Alexandria_y2020_1.tif,1643,0.248934875228241,0.10452525867315886,Alexandria,0,2332,3751.0
Alexandria_y2020_1.tif,1230,0.4121951219512195,0.17595121951219514,Alexandria,0,2334,3751.0
Alexandria_y2020_1.tif,20176,0.06230174464710547,0.04761102299762094,Alexandria,0,2583,3751.0
Alexandria_y2020_1.tif,1572,0.4243002544529262,0.17567430025445294,Alexandria,0,2400,3751.0
Alexandria_y2020_1.tif,3263,0.6472571253447748,0.23234906527735213,Alexandria,0,2415,3751.0
Alexandria_y2020_1.tif,4139,0.7927035515825078,0.274230490456632,Alexandria,0,2456,3751.0
Alexandria_y2020_1.tif,1566,0.4342273307790549,0.17084610472541503,Alexandria,0,2445,3751.0
Alexandria_y2020_1.tif,1626,0.482779827798278,0.1913929889298893,Alexandria,0,2450,3751.0
Alexandria_y2020_1.tif,703,1.0,0.3151422475106686,Alexandria,0,2459,3751.0
Alexandria_y2020_1.tif,0,,,Alexandria,0,2363,3751.0
Alexandria_y2020_1.tif,2844,0.0,0.0,Alexandria,0,2432,3751.0
Alexandria_y2020_1.tif,0,,,Alexandria,0,2406,3751.0
Alexandria_y2020_1.tif,9,0.0,0.0,Alexandria,0,2458,3751.0
Alexandria_y2020_1.tif,10224,0.0,0.0,Alexandria,0,2601,3751.0
Alexandria_y2020_1.tif,1701,0.0,0.0,Alexandria,0,2515,3751.0
Alexandria_y2020_1.tif,842,0.0,0.0,Alexandria,0,2564,3751.0
Alexandria_y2020_1.tif,1249,0.433146517213771,0.1786869495596477,Alexandria,0,2499,3751.0
Alexandria_y2020_1.tif,679,0.3019145802650957,0.15214285714285716,Alexandria,0,2489,3751.0
Alexandria_y2020_1.tif,634,0.9763406940063092,0.2949132492113565,Alexandria,0,2490,3751.0
Alexandria_y2020_1.tif,3423,0.1761612620508326,0.10269062226117441,Alexandria,0,2530,3751.0
Alexandria_y2020_1.tif,1441,0.29285218598195695,0.12429562803608606,Alexandria,0,2528,3751.0
Alexandria_y2020_1.tif,4318,0.014821676702176934,0.023209819360815193,Alexandria,0,2588,3751.0
Alexandria_y2020_1.tif,3609,0.12773621501801052,0.0804045441950679,Alexandria,0,2587,3751.0
Alexandria_y2020_1.tif,403,0.0,0.019404466501240697,Alexandria,0,2561,3751.0
Alexandria_y2020_1.tif,959,0.2210636079249218,0.10722627737226278,Alexandria,0,2562,3751.0
Alexandria_y2020_1.tif,3859,0.0,0.01748769111168697,Alexandria,0,2593,3751.0
Alexandria_y2020_1.tif,16,0.0,0.0,Alexandria,0,2597,3751.0
Alexandria_y2020_1.tif,961,0.0,0.0,Alexandria,1,2673,3751.0
Alexandria_y2020_1.tif,1006,0.0,0.0,Alexandria,1,2686,3751.0
Alexandria_y2020_1.tif,664,0.0,0.0,Alexandria,1,2709,3751.0
Alexandria_y2020_1.tif,1547,0.0,0.01667097608274079,Alexandria,0,2595,3751.0
Alexandria_y2020_1.tif,5869,0.021127960470267507,0.031223377065939684,Alexandria,0,2630,3751.0
Alexandria_y2020_1.tif,364,0.0,0.033681318681318684,Alexandria,0,2648,3751.0
Alexandria_y2020_1.tif,2055,0.05012165450121654,0.05140389294403892,Alexandria,0,2649,3751.0
Alexandria_y2020_1.tif,846,0.0,0.042328605200945627,Alexandria,1,2651,3751.0
Alexandria_y2020_1.tif,836,0.14114832535885166,0.10025119617224881,Alexandria,1,2697,3751.0
Alexandria_y2020_1.tif,1141,0.21034180543382996,0.07209465381244523,Alexandria,0,2689,3751.0
Alexandria_y2020_1.tif,514,0.9105058365758755,0.28573929961089495,Alexandria,0,2691,3751.0
Alexandria_y2020_1.tif,488,0.9795081967213115,0.33693647540983607,Alexandria,1,2693,3751.0
Alexandria_y2020_1.tif,528,0.9772727272727273,0.3556534090909091,Alexandria,1,2696,3751.0
Alexandria_y2020_1.tif,51129,0.011050480158031645,0.02540388038099709,Alexandria,0,2822,3751.0
Alexandria_y2020_1.tif,1217,0.008216926869350863,0.08107641741988496,Alexandria,1,2626,3751.0
Alexandria_y2020_1.tif,2917,0.20980459376071306,0.11085361672951663,Alexandria,0,2647,3751.0
Alexandria_y2020_1.tif,8730,0.2847651775486827,0.11310538373424972,Alexandria,0,2702,3751.0
Alexandria_y2020_1.tif,1471,0.05098572399728076,0.08992861998640381,Alexandria,1,2747,3751.0
Alexandria_y2020_1.tif,901,0.2763596004439512,0.18165371809100997,Alexandria,1,2664,3751.0
Alexandria_y2020_1.tif,2843,0.16144917340837145,0.08130847696095675,Alexandria,0,2676,3751.0
Alexandria_y2020_1.tif,506,0.021739130434782608,0.10903162055335969,Alexandria,1,2638,3751.0
Alexandria_y2020_1.tif,12121,0.02450292880125402,0.05988738552924676,Alexandria,0,3123,3751.0
Alexandria_y2020_1.tif,479,0.016701461377870562,0.09090814196242171,Alexandria,1,2671,3751.0
Alexandria_y2020_1.tif,4702,0.025733730327520205,0.06495108464483199,Alexandria,0,2704,3751.0
Alexandria_y2020_1.tif,610,0.0,0.08092622950819671,Alexandria,1,2672,3751.0
Alexandria_y2020_1.tif,35622,0.0565661669754646,0.04210712481051036,Alexandria,0,2731,3751.0
Alexandria_y2020_1.tif,11478,0.0024394493814253355,0.042681651855724,Alexandria,0,3137,3751.0
Alexandria_y2020_1.tif,508,0.1062992125984252,0.15661417322834645,Alexandria,1,2684,3751.0
Alexandria_y2020_1.tif,749,0.0,0.06843124165554071,Alexandria,1,2674,3751.0
Alexandria_y2020_1.tif,419,0.014319809069212411,0.0798687350835322,Alexandria,1,2705,3751.0
Alexandria_y2020_1.tif,1385,0.01227436823104693,0.04201805054151625,Alexandria,0,2712,3751.0
Alexandria_y2020_1.tif,6237,0.04296937630270964,0.04881192881192882,Alexandria,0,2783,3751.0
Alexandria_y2020_1.tif,1874,0.026680896478121666,0.08826040554962647,Alexandria,1,2713,3751.0
Alexandria_y2020_1.tif,336,0.9910714285714286,0.3517113095238095,Alexandria,1,2694,3751.0
Alexandria_y2020_1.tif,519,0.9094412331406551,0.2816570327552987,Alexandria,1,2695,3751.0
Alexandria_y2020_1.tif,8009,0.0142339867648895,0.025096766138094646,Alexandria,0,2768,3751.0
Alexandria_y2020_1.tif,6287,0.0001590583744234134,0.017917130586925404,Alexandria,0,2790,3751.0
Alexandria_y2020_1.tif,492,0.0,0.021808943089430894,Alexandria,1,2699,3751.0
Alexandria_y2020_1.tif,646,0.5975232198142415,0.2148529411764706,Alexandria,0,2721,3751.0
Alexandria_y2020_1.tif,1699,0.13713949381989404,0.07662742789876398,Alexandria,0,2737,3751.0
Alexandria_y2020_1.tif,610,0.9278688524590164,0.2705819672131148,Alexandria,1,2740,3751.0
Alexandria_y2020_1.tif,784,0.8647959183673469,0.2972066326530612,Alexandria,1,2745,3751.0
Alexandria_y2020_1.tif,851,0.25616921269095183,0.1556051703877791,Alexandria,1,2754,3751.0
Alexandria_y2020_1.tif,359,0.0,0.14278551532033426,Alexandria,1,2772,3751.0
Alexandria_y2020_1.tif,2232,0.021057347670250897,0.06917786738351255,Alexandria,1,2845,3751.0
Alexandria_y2020_1.tif,1377,0.5911401597676107,0.19009077705156135,Alexandria,0,2821,3751.0
Alexandria_y2020_1.tif,765,0.11633986928104575,0.11754248366013072,Alexandria,0,2784,3751.0
Alexandria_y2020_1.tif,432,0.0,0.03221064814814815,Alexandria,1,2801,3751.0
Alexandria_y2020_1.tif,2492,0.15850722311396467,0.08762239165329053,Alexandria,0,2866,3751.0
Alexandria_y2020_1.tif,954,0.0,0.09604297693920336,Alexandria,1,2803,3751.0
Alexandria_y2020_1.tif,429,0.0,0.06503496503496504,Alexandria,1,2835,3751.0
Alexandria_y2020_1.tif,588,0.0,0.10037414965986395,Alexandria,1,2836,3751.0
Alexandria_y2020_1.tif,472,0.01059322033898305,0.10026483050847458,Alexandria,1,2852,3751.0
Alexandria_y2020_1.tif,4022,0.0,0.000243659870711089,Alexandria,0,2816,3751.0
Alexandria_y2020_1.tif,1004,0.0,0.0,Alexandria,0,2751,3751.0
Alexandria_y2020_1.tif,462,0.0,0.0,Alexandria,0,2761,3751.0
Alexandria_y2020_1.tif,1325,0.0,0.0,Alexandria,1,2769,3751.0
Alexandria_y2020_1.tif,515,0.0,0.0,Alexandria,1,2729,3751.0
Alexandria_y2020_1.tif,875,0.0,0.0,Alexandria,0,2815,3751.0
Alexandria_y2020_1.tif,1170,0.0,0.0,Alexandria,0,2848,3751.0
Alexandria_y2020_1.tif,1078,0.0,0.0,Alexandria,1,2856,3751.0
Alexandria_y2020_1.tif,2323,0.0,0.0,Alexandria,0,3047,3751.0
Alexandria_y2020_1.tif,706,0.0,0.0,Alexandria,1,2870,3751.0
Alexandria_y2020_1.tif,6543,0.1002598196545927,0.057277242854959505,Alexandria,0,2919,3751.0
Alexandria_y2020_1.tif,754,0.0,0.06598806366047745,Alexandria,1,2881,3751.0
Alexandria_y2020_1.tif,434,0.0,0.09724654377880183,Alexandria,1,2851,3751.0
Alexandria_y2020_1.tif,592,0.013513513513513514,0.12000844594594595,Alexandria,1,2876,3751.0
Alexandria_y2020_1.tif,8902,0.07593799146259268,0.041551336778252075,Alexandria,0,2990,3751.0
Alexandria_y2020_1.tif,637,0.09262166405023547,0.18851648351648354,Alexandria,1,2887,3751.0
Alexandria_y2020_1.tif,3913,0.26220291336570406,0.0995885509838998,Alexandria,0,2938,3751.0
Alexandria_y2020_1.tif,389,0.3856041131105398,0.1567866323907455,Alexandria,1,2893,3751.0
Alexandria_y2020_1.tif,445,0.16179775280898875,0.137561797752809,Alexandria,1,2894,3751.0
Alexandria_y2020_1.tif,690,0.9420289855072463,0.3068768115942029,Alexandria,1,2910,3751.0
Alexandria_y2020_1.tif,1187,0.0,0.02572872788542544,Alexandria,0,2762,3751.0
Alexandria_y2020_1.tif,563,0.05328596802841918,0.11761989342806393,Alexandria,0,2850,3751.0
Alexandria_y2020_1.tif,13798,0.2165531236411074,0.11783265690679809,Alexandria,0,2972,3751.0
Alexandria_y2020_1.tif,645,0.0,0.01793798449612403,Alexandria,1,2849,3751.0
Alexandria_y2020_1.tif,11729,0.12149373348111518,0.05867422627674994,Alexandria,0,2957,3751.0
Alexandria_y2020_1.tif,9698,0.092699525675397,0.06044751495153639,Alexandria,0,2959,3751.0
Alexandria_y2020_1.tif,1316,0.8890577507598785,0.2589323708206687,Alexandria,1,2933,3751.0
Alexandria_y2020_1.tif,1582,0.11314791403286978,0.09420670037926675,Alexandria,1,2934,3751.0
Alexandria_y2020_1.tif,12105,0.24014869888475837,0.09724617926476664,Alexandria,0,3023,3751.0
Alexandria_y2020_1.tif,2765,0.01952983725135624,0.029690777576853525,Alexandria,0,2996,3751.0
Alexandria_y2020_1.tif,504,0.0,0.08970238095238096,Alexandria,1,2914,3751.0
Alexandria_y2020_1.tif,1207,0.2916321458160729,0.17260977630488816,Alexandria,1,2924,3751.0
Alexandria_y2020_1.tif,857,0.24154025670945156,0.15320303383897318,Alexandria,1,2937,3751.0
Alexandria_y2020_1.tif,11137,0.017958157493041214,0.023355032773637426,Alexandria,0,3015,3751.0
Alexandria_y2020_1.tif,463,0.056155507559395246,0.12084233261339093,Alexandria,1,2927,3751.0
Alexandria_y2020_1.tif,802,0.5211970074812967,0.23483790523690776,Alexandria,1,2953,3751.0
Alexandria_y2020_1.tif,560,0.10178571428571428,0.15138392857142857,Alexandria,1,2956,3751.0
Alexandria_y2020_1.tif,792,0.20202020202020202,0.1761300505050505,Alexandria,1,2946,3751.0
Alexandria_y2020_1.tif,626,0.0,0.10195686900958467,Alexandria,1,2963,3751.0
Alexandria_y2020_1.tif,787,0.045743329097839895,0.1283227445997459,Alexandria,1,2968,3751.0
Alexandria_y2020_1.tif,924,0.0,0.0,Alexandria,0,2904,3751.0
Alexandria_y2020_1.tif,549,0.0,0.0,Alexandria,1,2868,3751.0
Alexandria_y2020_1.tif,569,0.0,0.0004481546572934974,Alexandria,1,2902,3751.0
Alexandria_y2020_1.tif,482,0.0,0.0,Alexandria,1,2909,3751.0
Alexandria_y2020_1.tif,904,0.0,0.0,Alexandria,0,2916,3751.0
Alexandria_y2020_1.tif,998,0.0,0.0,Alexandria,1,2951,3751.0
Alexandria_y2020_1.tif,1018,0.0,0.0,Alexandria,0,2964,3751.0
Alexandria_y2020_1.tif,586,0.0,0.0,Alexandria,1,2974,3751.0
Alexandria_y2020_1.tif,638,0.0,0.0,Alexandria,1,2984,3751.0
Alexandria_y2020_1.tif,636,0.0,0.0,Alexandria,1,3010,3751.0
Alexandria_y2020_1.tif,596,0.9916107382550335,0.2990520134228188,Alexandria,1,2950,3751.0
Alexandria_y2020_1.tif,1874,0.02294557097118463,0.07592582710779083,Alexandria,0,2971,3751.0
Alexandria_y2020_1.tif,2624,0.037347560975609755,0.050971798780487805,Alexandria,0,2998,3751.0
Alexandria_y2020_1.tif,941,0.0,0.061981934112646124,Alexandria,0,2988,3751.0
Alexandria_y2020_1.tif,500,0.0,0.03400000000000001,Alexandria,1,2983,3751.0
Alexandria_y2020_1.tif,1100,0.0,0.036800000000000006,Alexandria,1,3000,3751.0
Alexandria_y2020_1.tif,67314,0.019980984639153817,0.02711954422556972,Alexandria,0,3072,3751.0
Alexandria_y2020_1.tif,1461,0.8145106091718002,0.23413415468856952,Alexandria,1,3013,3751.0
Alexandria_y2020_1.tif,295,0.0,0.03969491525423729,Alexandria,1,3001,3751.0
Alexandria_y2020_1.tif,457,0.02188183807439825,0.13580962800875274,Alexandria,1,3003,3751.0
Alexandria_y2020_1.tif,544,0.41544117647058826,0.1775,Alexandria,0,2969,3751.0
Alexandria_y2020_1.tif,1275,0.28,0.13898823529411766,Alexandria,0,2992,3751.0
Alexandria_y2020_1.tif,2947,0.00033932813030200206,0.02043264336613505,Alexandria,0,3024,3751.0
Alexandria_y2020_1.tif,688,0.9563953488372093,0.32906976744186045,Alexandria,1,2982,3751.0
Alexandria_y2020_1.tif,890,0.0651685393258427,0.11141011235955056,Alexandria,1,3007,3751.0
Alexandria_y2020_1.tif,583,0.0,0.05487993138936536,Alexandria,0,3021,3751.0
Alexandria_y2020_1.tif,1833,0.3475177304964539,0.1824331696672122,Alexandria,1,3034,3751.0
Alexandria_y2020_1.tif,1256,0.0,0.04676751592356688,Alexandria,1,3009,3751.0
Alexandria_y2020_1.tif,615,0.4504065040650406,0.20373170731707316,Alexandria,1,3018,3751.0
Alexandria_y2020_1.tif,692,0.005780346820809248,0.15322254335260116,Alexandria,1,3029,3751.0
Alexandria_y2020_1.tif,613,0.0,0.0,Alexandria,1,3017,3751.0
Alexandria_y2020_1.tif,478,0.0,0.0,Alexandria,1,3006,3751.0
Alexandria_y2020_1.tif,627,0.0,0.0,Alexandria,0,3022,3751.0
Alexandria_y2020_1.tif,1437,0.0,0.0,Alexandria,0,3164,3751.0
Alexandria_y2020_1.tif,5026,0.0,0.0,Alexandria,0,3115,3751.0
Alexandria_y2020_1.tif,840,0.0,0.0,Alexandria,0,3118,3751.0
Alexandria_y2020_1.tif,129,0.0,0.0,Alexandria,0,3132,3751.0
Alexandria_y2020_1.tif,1216,0.21546052631578946,0.1397203947368421,Alexandria,1,3002,3751.0
Alexandria_y2020_1.tif,457,0.0,0.07515317286652079,Alexandria,1,3008,3751.0
Alexandria_y2020_1.tif,876,0.0,0.07781392694063928,Alexandria,1,3038,3751.0
Alexandria_y2020_1.tif,571,0.04903677758318739,0.06042031523642732,Alexandria,0,3028,3751.0
Alexandria_y2020_1.tif,1053,0.0,0.06207977207977208,Alexandria,1,3046,3751.0
Alexandria_y2020_1.tif,36844,0.12240799044620562,0.06406755509716644,Alexandria,0,3161,3751.0
Alexandria_y2020_1.tif,670,0.9059701492537313,0.24623880597014927,Alexandria,1,3041,3751.0
Alexandria_y2020_1.tif,354,0.884180790960452,0.2396045197740113,Alexandria,1,3033,3751.0
Alexandria_y2020_1.tif,450,0.0,0.044533333333333334,Alexandria,1,3037,3751.0
Alexandria_y2020_1.tif,1384,0.6054913294797688,0.20540462427745668,Alexandria,1,3039,3751.0
Alexandria_y2020_1.tif,2428,0.1700988467874794,0.10187808896210873,Alexandria,0,3049,3751.0
Alexandria_y2020_1.tif,580,0.6431034482758621,0.23798275862068966,Alexandria,1,3044,3751.0
Alexandria_y2020_1.tif,1606,0.029265255292652552,0.022419053549190538,Alexandria,0,3068,3751.0
Alexandria_y2020_1.tif,635,0.7858267716535433,0.25707874015748033,Alexandria,1,3056,3751.0
Alexandria_y2020_1.tif,460,0.0,0.08011956521739132,Alexandria,1,3059,3751.0
Alexandria_y2020_1.tif,549,0.8542805100182149,0.2606375227686703,Alexandria,1,3054,3751.0
Alexandria_y2020_1.tif,455,0.0,0.12151648351648352,Alexandria,1,3066,3751.0
Alexandria_y2020_1.tif,1176,0.3460884353741497,0.16498724489795918,Alexandria,1,3077,3751.0
Alexandria_y2020_1.tif,560,0.005357142857142857,0.09767857142857143,Alexandria,1,3061,3751.0
Alexandria_y2020_1.tif,794,0.0,0.11518261964735518,Alexandria,1,3088,3751.0
Alexandria_y2020_1.tif,602,0.06478405315614617,0.0663953488372093,Alexandria,1,3073,3751.0
Alexandria_y2020_1.tif,595,0.4184873949579832,0.19756302521008406,Alexandria,1,3060,3751.0
Alexandria_y2020_1.tif,990,0.022222222222222223,0.09185858585858586,Alexandria,1,3080,3751.0
Alexandria_y2020_1.tif,328,0.04573170731707317,0.12439024390243904,Alexandria,1,3065,3751.0
Alexandria_y2020_1.tif,316,0.00949367088607595,0.1029746835443038,Alexandria,1,3081,3751.0
Alexandria_y2020_1.tif,334,0.04790419161676647,0.10910179640718565,Alexandria,1,3084,3751.0
Alexandria_y2020_1.tif,490,0.018367346938775512,0.09956122448979592,Alexandria,1,3069,3751.0
Alexandria_y2020_1.tif,381,0.0,0.0665748031496063,Alexandria,1,3064,3751.0
Alexandria_y2020_1.tif,1056,0.061553030303030304,0.09884943181818182,Alexandria,1,3110,3751.0
Alexandria_y2020_1.tif,433,0.018475750577367205,0.08990762124711318,Alexandria,1,3076,3751.0
Alexandria_y2020_1.tif,1142,0.2618213660245184,0.15059106830122593,Alexandria,1,3089,3751.0
Alexandria_y2020_1.tif,321,0.0,0.10383177570093458,Alexandria,1,3079,3751.0
Alexandria_y2020_1.tif,298,0.08053691275167785,0.12758389261744965,Alexandria,1,3083,3751.0
Alexandria_y2020_1.tif,585,0.018803418803418803,0.057769230769230774,Alexandria,1,3097,3751.0
Alexandria_y2020_1.tif,920,0.9239130434782609,0.2804130434782609,Alexandria,1,3087,3751.0
Alexandria_y2020_1.tif,504,0.7440476190476191,0.245625,Alexandria,1,3090,3751.0
Alexandria_y2020_1.tif,875,0.7131428571428572,0.2545428571428572,Alexandria,1,3106,3751.0
Alexandria_y2020_1.tif,384,0.0,0.030937499999999996,Alexandria,0,3103,3751.0
Alexandria_y2020_1.tif,800,0.94625,0.25253749999999997,Alexandria,0,3108,3751.0
Alexandria_y2020_1.tif,414,0.47342995169082125,0.20425120772946861,Alexandria,1,3102,3751.0
Alexandria_y2020_1.tif,11408,0.08055750350631136,0.05774675666199159,Alexandria,0,3182,3751.0
Alexandria_y2020_1.tif,1128,0.7313829787234043,0.2756604609929078,Alexandria,1,3135,3751.0
Alexandria_y2020_1.tif,750,0.7146666666666667,0.25474,Alexandria,1,3105,3751.0
Alexandria_y2020_1.tif,975,0.033846153846153845,0.16641025641025642,Alexandria,1,3114,3751.0
Alexandria_y2020_1.tif,461,0.14967462039045554,0.10173535791757052,Alexandria,0,3117,3751.0
Alexandria_y2020_1.tif,768,0.0026041666666666665,0.061386718750000006,Alexandria,0,3141,3751.0
Alexandria_y2020_1.tif,324,0.1388888888888889,0.10282407407407407,Alexandria,1,3130,3751.0
Alexandria_y2020_1.tif,905,0.9027624309392265,0.33105524861878455,Alexandria,1,3143,3751.0
Alexandria_y2020_1.tif,1028,0.14202334630350194,0.1571984435797665,Alexandria,1,3150,3751.0
Alexandria_y2020_1.tif,518,0.7432432432432432,0.2856756756756757,Alexandria,1,3122,3751.0
Alexandria_y2020_1.tif,446,0.8968609865470852,0.285,Alexandria,1,3149,3751.0
Alexandria_y2020_1.tif,1411,0.0815024805102764,0.13114457831325302,Alexandria,1,3153,3751.0
Alexandria_y2020_1.tif,626,0.10862619808306709,0.07920926517571886,Alexandria,0,3157,3751.0
Alexandria_y2020_1.tif,473,0.012684989429175475,0.11328752642706132,Alexandria,1,3155,3751.0
Alexandria_y2020_1.tif,418,0.38995215311004783,0.17836124401913878,Alexandria,0,3160,3751.0
Alexandria_y2020_1.tif,966,0.6035196687370601,0.19935817805383022,Alexandria,0,3163,3751.0
Alexandria_y2020_1.tif,1431,0.48427672955974843,0.18312368972746332,Alexandria,0,3181,3751.0
Alexandria_y2020_1.tif,523,0.08986615678776291,0.13473231357552581,Alexandria,1,3178,3751.0
Alexandria_y2020_1.tif,1062,0.4340866290018832,0.2286346516007533,Alexandria,1,3184,3751.0
Alexandria_y2020_1.tif,571,0.15061295971978983,0.12477232924693521,Alexandria,1,3183,3751.0
Alexandria_y2020_1.tif,694,0.0,0.0,Alexandria,0,3127,3751.0
Alexandria_y2020_1.tif,3562,0.0,0.0,Alexandria,0,3230,3751.0
Alexandria_y2020_1.tif,1127,0.0,0.0,Alexandria,0,3274,3751.0
Alexandria_y2020_1.tif,7087,0.0,0.0,Alexandria,0,3304,3751.0
Alexandria_y2020_1.tif,213,0.0,0.0,Alexandria,0,3302,3751.0
Alexandria_y2020_1.tif,17,0.0,0.0,Alexandria,0,3244,3751.0
Alexandria_y2020_1.tif,5281,0.0747964400681689,0.033027835637189924,Alexandria,0,3339,3751.0
Alexandria_y2020_1.tif,4258,0.0,0.0,Alexandria,0,3338,3751.0
Alexandria_y2020_1.tif,1549,0.0,0.0,Alexandria,0,3416,3751.0
Alexandria_y2020_1.tif,385,0.7246753246753247,0.2553116883116883,Alexandria,1,3169,3751.0
Alexandria_y2020_1.tif,621,0.40096618357487923,0.1893317230273752,Alexandria,1,3199,3751.0
Alexandria_y2020_1.tif,922,0.5108459869848156,0.22085683297180042,Alexandria,1,3202,3751.0
Alexandria_y2020_1.tif,320,0.6625,0.1681875,Alexandria,1,3212,3751.0
Alexandria_y2020_1.tif,893,0.20604703247480402,0.10323628219484882,Alexandria,0,3224,3751.0
Alexandria_y2020_1.tif,811,0.9790382244143033,0.28663995067817505,Alexandria,1,3236,3751.0
Alexandria_y2020_1.tif,519,0.04816955684007707,0.07807321772639693,Alexandria,0,3257,3751.0
Alexandria_y2020_1.tif,644,1.0,0.3546972049689441,Alexandria,1,3253,3751.0
Alexandria_y2020_1.tif,583,0.9862778730703259,0.28686963979416813,Alexandria,1,3267,3751.0
Alexandria_y2020_1.tif,60393,0.053598927027966814,0.03844212077558658,Alexandria,0,3484,3751.0
Alexandria_y2020_1.tif,7853,0.101489876480326,0.05743091812046352,Alexandria,0,3204,3751.0
Alexandria_y2020_1.tif,6320,0.03860759493670886,0.04673180379746836,Alexandria,0,3175,3751.0
Alexandria_y2020_1.tif,22178,0.053341148886283704,0.04206217873568401,Alexandria,0,3275,3751.0
Alexandria_y2020_1.tif,6046,0.2957327158451869,0.11522163413827326,Alexandria,0,3293,3751.0
Alexandria_y2020_1.tif,15729,0.07508423930319791,0.04450791531565898,Alexandria,0,3295,3751.0
Alexandria_y2020_1.tif,14387,0.008827413637311462,0.028184124556891642,Alexandria,0,3361,3751.0
Alexandria_y2020_1.tif,3450,0.4026086956521739,0.15565217391304348,Alexandria,0,3337,3751.0
Alexandria_y2020_1.tif,15745,0.00952683391552874,0.02322864401397269,Alexandria,0,3270,3751.0
Alexandria_y2020_1.tif,1655,0.8513595166163141,0.3232356495468278,Alexandria,0,3359,3751.0
Alexandria_y2020_1.tif,48428,0.042206987693070123,0.029754067894606426,Alexandria,0,3564,3751.0
Alexandria_y2020_1.tif,1304,0.9992331288343558,0.33392254601226995,Alexandria,1,3281,3751.0
Alexandria_y2020_1.tif,967,1.0,0.37994829369183036,Alexandria,1,3298,3751.0
Alexandria_y2020_1.tif,1561,0.36771300448430494,0.15148942985265854,Alexandria,0,3287,3751.0
Alexandria_y2020_1.tif,957,0.9926854754440961,0.3199791013584117,Alexandria,1,3290,3751.0
Alexandria_y2020_1.tif,1396,0.3194842406876791,0.17761461318051575,Alexandria,0,3321,3751.0
Alexandria_y2020_1.tif,1081,0.9093432007400555,0.3465448658649399,Alexandria,1,3319,3751.0
Alexandria_y2020_1.tif,1079,0.3030583873957368,0.1749212233549583,Alexandria,0,3342,3751.0
Alexandria_y2020_1.tif,1023,0.678396871945259,0.25987781036168134,Alexandria,1,3350,3751.0
Alexandria_y2020_1.tif,929,1.0,0.35602260495156085,Alexandria,1,3347,3751.0
Alexandria_y2020_1.tif,447,0.2595078299776286,0.1786800894854586,Alexandria,1,3363,3751.0
Alexandria_y2020_1.tif,1743,0.0,0.0,Alexandria,1,3341,3751.0
Alexandria_y2020_1.tif,569,0.0,0.0,Alexandria,1,3375,3751.0
Alexandria_y2020_1.tif,1051,0.0,0.0,Alexandria,1,3384,3751.0
Alexandria_y2020_1.tif,1643,0.8417528910529519,0.30975349969567867,Alexandria,1,3379,3751.0
Alexandria_y2020_1.tif,1622,0.4519112207151665,0.22686189889025896,Alexandria,1,3376,3751.0
Alexandria_y2020_1.tif,427,0.2529274004683841,0.1907611241217799,Alexandria,1,3374,3751.0
Alexandria_y2020_1.tif,580,0.7051724137931035,0.30925,Alexandria,1,3394,3751.0
Alexandria_y2020_1.tif,735,0.4965986394557823,0.22853061224489798,Alexandria,1,3399,3751.0
Alexandria_y2020_1.tif,481,0.6299376299376299,0.2836382536382537,Alexandria,1,3403,3751.0
Alexandria_y2020_1.tif,1558,0.016046213093709884,0.05819640564826701,Alexandria,0,3467,3751.0
Alexandria_y2020_1.tif,587,0.6115843270868825,0.25646507666098806,Alexandria,1,3420,3751.0
Alexandria_y2020_1.tif,761,0.28777923784494086,0.2035413929040736,Alexandria,1,3411,3751.0
Alexandria_y2020_1.tif,9026,0.1385996011522269,0.0923964103700421,Alexandria,0,3546,3751.0
Alexandria_y2020_1.tif,5642,0.0,0.0,Alexandria,0,3483,3751.0
Alexandria_y2020_1.tif,346,0.0,0.0,Alexandria,1,3408,3751.0
Alexandria_y2020_1.tif,2549,0.0,0.0,Alexandria,0,3478,3751.0
Alexandria_y2020_1.tif,270,0.0,0.0,Alexandria,0,3473,3751.0
Alexandria_y2020_1.tif,591,0.7732656514382402,0.29169204737732657,Alexandria,1,3435,3751.0
Alexandria_y2020_1.tif,983,0.6673448626653102,0.2681027466937945,Alexandria,1,3430,3751.0
Alexandria_y2020_1.tif,668,0.9730538922155688,0.3287949101796407,Alexandria,1,3433,3751.0
Alexandria_y2020_1.tif,840,0.6761904761904762,0.28169642857142857,Alexandria,1,3446,3751.0
Alexandria_y2020_1.tif,544,0.04411764705882353,0.14090992647058823,Alexandria,1,3452,3751.0
Alexandria_y2020_1.tif,340,0.35294117647058826,0.1939558823529412,Alexandria,1,3447,3751.0
Alexandria_y2020_1.tif,359,0.116991643454039,0.1195125348189415,Alexandria,1,3477,3751.0
Alexandria_y2020_1.tif,730,0.48904109589041095,0.21829452054794524,Alexandria,1,3460,3751.0
Alexandria_y2020_1.tif,448,0.9888392857142857,0.3826339285714285,Alexandria,1,3481,3751.0
Alexandria_y2020_1.tif,540,0.32407407407407407,0.1457962962962963,Alexandria,0,3497,3751.0
Alexandria_y2020_1.tif,506,0.0,0.0,Alexandria,0,3581,3751.0
Alexandria_y2020_1.tif,5648,0.0,0.0,Alexandria,0,3646,3751.0
Alexandria_y2020_1.tif,5494,0.0,0.0,Alexandria,0,3657,3751.0
Alexandria_y2020_1.tif,759,0.61133069828722,0.2437022397891963,Alexandria,0,3502,3751.0
Alexandria_y2020_1.tif,612,0.9852941176470589,0.3745669934640523,Alexandria,1,3510,3751.0
Alexandria_y2020_1.tif,711,0.5583684950773559,0.23136427566807313,Alexandria,1,3543,3751.0
Alexandria_y2020_1.tif,1724,0.9269141531322506,0.33992169373549885,Alexandria,0,3562,3751.0
Alexandria_y2020_1.tif,21637,0.032675509543836946,0.033812219808661094,Alexandria,0,3726,3751.0
Alexandria_y2020_1.tif,1190,0.0,0.01747058823529412,Alexandria,0,3606,3751.0
Alexandria_y2020_1.tif,1017,0.03343166175024582,0.03519174041297935,Alexandria,0,3611,3751.0
Alexandria_y2020_1.tif,12175,0.1137577002053388,0.06089897330595482,Alexandria,0,3759,3751.0
Alexandria_y2020_1.tif,1146,0.393542757417103,0.16841623036649214,Alexandria,0,3628,3751.0
Alexandria_y2020_1.tif,13077,0.1471285463026688,0.0686682725395733,Alexandria,0,3814,3751.0
Alexandria_y2020_1.tif,412,0.0,0.0,Alexandria,0,3695,3751.0
Alexandria_y2020_1.tif,263,0.0,0.0,Alexandria,1,3664,3751.0
Alexandria_y2020_1.tif,36482,0.033907132284414235,0.028829833890685816,Alexandria,0,3663,3751.0
Alexandria_y2020_1.tif,27976,0.06015870746354018,0.03571239633971976,Alexandria,0,3738,3751.0
Alexandria_y2020_1.tif,14369,0.12144199317976198,0.07393520773888232,Alexandria,0,3644,3751.0
Alexandria_y2020_1.tif,6004,0.22568287808127915,0.10817205196535644,Alexandria,0,3906,3751.0
Alexandria_y2020_1.tif,4607,0.3242891252441936,0.1476275233340569,Alexandria,0,3938,3751.0
Alexandria_y2020_1.tif,5648,0.3264872521246459,0.15743891643059493,Alexandria,0,3971,3751.0
Alexandria_y2020_1.tif,17110,0.04529514903565167,0.030319696084161313,Alexandria,0,4048,3751.0
Alexandria_y2020_1.tif,15349,0.10241709557625904,0.07768160792234022,Alexandria,0,4040,3751.0
Alexandria_y2020_1.tif,739,0.8809201623815968,0.32410690121786195,Alexandria,0,3879,3751.0
Alexandria_y2020_1.tif,50351,0.024388790689360687,0.027547814343309968,Alexandria,0,4196,3751.0
Alexandria_y2020_1.tif,6950,0.5798561151079137,0.2292410071942446,Alexandria,0,3841,3751.0
Alexandria_y2020_1.tif,436,0.0,0.07691513761467889,Alexandria,1,3714,3751.0
Alexandria_y2020_1.tif,467,0.0,0.06419700214132763,Alexandria,1,3697,3751.0
Alexandria_y2020_1.tif,215,0.0,0.05902325581395349,Alexandria,0,3723,3751.0
Alexandria_y2020_1.tif,316,0.0,0.03528481012658228,Alexandria,1,3754,3751.0
Alexandria_y2020_1.tif,480,0.0,0.020666666666666667,Alexandria,0,3765,3751.0
Alexandria_y2020_1.tif,403,0.0,0.0354590570719603,Alexandria,0,3768,3751.0
Alexandria_y2020_1.tif,193,0.0,0.02466321243523316,Alexandria,0,3774,3751.0
Alexandria_y2020_1.tif,365,0.0,0.044972602739726024,Alexandria,1,3787,3751.0
Alexandria_y2020_1.tif,634,0.8596214511041009,0.2556940063091483,Alexandria,0,3797,3751.0
Alexandria_y2020_1.tif,568,0.0,0.0,Alexandria,1,3701,3751.0
Alexandria_y2020_1.tif,546,0.0,0.0,Alexandria,1,3702,3751.0
Alexandria_y2020_1.tif,367,0.0,0.0,Alexandria,1,3696,3751.0
Alexandria_y2020_1.tif,2834,0.0,0.0,Alexandria,0,3748,3751.0
Alexandria_y2020_1.tif,90,0.0,0.0,Alexandria,0,3735,3751.0
Alexandria_y2020_1.tif,913,0.0,0.0,Alexandria,0,3737,3751.0
Alexandria_y2020_1.tif,60,0.0,0.0,Alexandria,0,3769,3751.0
Alexandria_y2020_1.tif,338,0.0,0.0,Alexandria,1,3779,3751.0
Alexandria_y2020_1.tif,323,0.0,0.0,Alexandria,0,3775,3751.0
Alexandria_y2020_1.tif,325,0.0,0.0,Alexandria,0,3784,3751.0
Alexandria_y2020_1.tif,179,0.0,0.021787709497206702,Alexandria,1,3781,3751.0
Alexandria_y2020_1.tif,7935,0.14858223062381853,0.08076118462507875,Alexandria,0,3950,3751.0
Alexandria_y2020_1.tif,384,0.0,0.015611979166666665,Alexandria,1,3780,3751.0
Alexandria_y2020_1.tif,1811,0.14688017669795694,0.10509387078961899,Alexandria,0,3982,3751.0
Alexandria_y2020_1.tif,193,0.0,0.019378238341968907,Alexandria,1,3794,3751.0
Alexandria_y2020_1.tif,216,0.0,0.03148148148148149,Alexandria,0,3800,3751.0
Alexandria_y2020_1.tif,188,0.0,0.01904255319148936,Alexandria,0,3806,3751.0
Alexandria_y2020_1.tif,2195,0.0,0.021710706150341687,Alexandria,0,4028,3751.0
Alexandria_y2020_1.tif,193,0.0,0.023471502590673578,Alexandria,0,3811,3751.0
Alexandria_y2020_1.tif,366,0.0,0.013442622950819673,Alexandria,1,3792,3751.0
Alexandria_y2020_1.tif,436,0.0,0.0,Alexandria,1,3815,3751.0
Alexandria_y2020_1.tif,60,0.0,0.0,Alexandria,0,3796,3751.0
Alexandria_y2020_1.tif,204,0.0,0.0,Alexandria,0,3801,3751.0
Alexandria_y2020_1.tif,160,0.0,0.0,Alexandria,0,3817,3751.0
Alexandria_y2020_1.tif,201,0.0,0.01967661691542288,Alexandria,0,3824,3751.0
Alexandria_y2020_1.tif,3237,0.5156008649984554,0.2003012048192771,Alexandria,0,3937,3751.0
Alexandria_y2020_1.tif,186,0.0,0.02225806451612903,Alexandria,0,3828,3751.0
Alexandria_y2020_1.tif,183,0.0,0.051256830601092894,Alexandria,0,3833,3751.0
Alexandria_y2020_1.tif,197,0.0,0.019822335025380708,Alexandria,0,3837,3751.0
Alexandria_y2020_1.tif,345,0.0,0.020014492753623186,Alexandria,1,3843,3751.0
Alexandria_y2020_1.tif,225,0.0,0.03913333333333333,Alexandria,0,3849,3751.0
Alexandria_y2020_1.tif,195,0.0,0.02,Alexandria,0,3851,3751.0
Alexandria_y2020_1.tif,220,0.0,0.006068181818181819,Alexandria,1,3823,3751.0
Alexandria_y2020_1.tif,206,0.0,0.019417475728155338,Alexandria,0,3865,3751.0
Alexandria_y2020_1.tif,2328,0.0,0.0,Alexandria,0,3825,3751.0
Alexandria_y2020_1.tif,176,0.0,0.0,Alexandria,0,3831,3751.0
Alexandria_y2020_1.tif,152,0.0,0.0,Alexandria,0,3836,3751.0
Alexandria_y2020_1.tif,55,0.0,0.0,Alexandria,0,3835,3751.0
Alexandria_y2020_1.tif,223,0.0,0.0,Alexandria,0,3848,3751.0
Alexandria_y2020_1.tif,162,0.0,0.0,Alexandria,0,3845,3751.0
Alexandria_y2020_1.tif,174,0.0,0.0,Alexandria,0,3859,3751.0
Alexandria_y2020_1.tif,254,0.0,0.0265748031496063,Alexandria,0,3866,3751.0
Alexandria_y2020_1.tif,498,0.0,0.02178714859437751,Alexandria,0,3863,3751.0
Alexandria_y2020_1.tif,189,0.0,0.019973544973544973,Alexandria,0,3880,3751.0
Alexandria_y2020_1.tif,412,0.0,0.0341747572815534,Alexandria,1,3875,3751.0
Alexandria_y2020_1.tif,244,0.0,0.022991803278688525,Alexandria,0,3885,3751.0
Alexandria_y2020_1.tif,195,0.0,0.019512820512820512,Alexandria,1,3890,3751.0
Alexandria_y2020_1.tif,197,0.0,0.023934010152284264,Alexandria,0,3897,3751.0
Alexandria_y2020_1.tif,222,0.0,0.02533783783783784,Alexandria,1,3892,3751.0
Alexandria_y2020_1.tif,322,0.0,0.01861801242236025,Alexandria,1,3911,3751.0
Alexandria_y2020_1.tif,191,0.0,0.01863874345549738,Alexandria,1,3908,3751.0
Alexandria_y2020_1.tif,273,0.0,0.0,Alexandria,0,3881,3751.0
Alexandria_y2020_1.tif,45,0.0,0.0,Alexandria,1,3874,3751.0
Alexandria_y2020_1.tif,216,0.0,0.0,Alexandria,0,3882,3751.0
Alexandria_y2020_1.tif,877,0.0,0.0,Alexandria,0,3902,3751.0
Alexandria_y2020_1.tif,177,0.0,0.0,Alexandria,0,3891,3751.0
Alexandria_y2020_1.tif,181,0.0,0.0,Alexandria,0,3894,3751.0
Alexandria_y2020_1.tif,299,0.0,0.0,Alexandria,0,3905,3751.0
Alexandria_y2020_1.tif,216,0.0,0.0,Alexandria,0,3904,3751.0
Alexandria_y2020_1.tif,203,0.0,0.0,Alexandria,0,3914,3751.0
Alexandria_y2020_1.tif,217,0.0,0.0,Alexandria,0,3913,3751.0
Alexandria_y2020_1.tif,219,0.0,0.019771689497716894,Alexandria,0,3920,3751.0
Alexandria_y2020_1.tif,176,0.0,0.028068181818181825,Alexandria,0,3922,3751.0
Alexandria_y2020_1.tif,191,0.0,0.01908376963350785,Alexandria,1,3924,3751.0
Alexandria_y2020_1.tif,218,0.0,0.016743119266055047,Alexandria,1,3933,3751.0
Alexandria_y2020_1.tif,226,0.0,0.019889380530973447,Alexandria,1,3939,3751.0
Alexandria_y2020_1.tif,237,0.0,0.02780590717299579,Alexandria,1,3945,3751.0
Alexandria_y2020_1.tif,191,0.0,0.019005235602094238,Alexandria,0,3944,3751.0
Alexandria_y2020_1.tif,191,0.0,0.02099476439790576,Alexandria,1,3958,3751.0
Alexandria_y2020_1.tif,208,0.0,0.020024038461538458,Alexandria,0,3960,3751.0
Alexandria_y2020_1.tif,386,0.0,0.01467616580310881,Alexandria,0,3952,3751.0
Alexandria_y2020_1.tif,42,0.0,0.0,Alexandria,1,3923,3751.0
Alexandria_y2020_1.tif,178,0.0,0.0,Alexandria,0,3932,3751.0
Alexandria_y2020_1.tif,238,0.0,0.0,Alexandria,0,3940,3751.0
Alexandria_y2020_1.tif,152,0.0,0.0,Alexandria,0,3934,3751.0
Alexandria_y2020_1.tif,221,0.0,0.0,Alexandria,0,3956,3751.0
Alexandria_y2020_1.tif,159,0.0,0.0,Alexandria,0,3954,3751.0
Alexandria_y2020_1.tif,501,0.0,0.0,Alexandria,0,3941,3751.0
Alexandria_y2020_1.tif,178,0.0,0.0,Alexandria,0,3972,3751.0
Alexandria_y2020_1.tif,220,0.0,0.02681818181818182,Alexandria,0,3963,3751.0
Alexandria_y2020_1.tif,12254,0.4251672923127142,0.14792190305206462,Alexandria,0,4146,3751.0
Alexandria_y2020_1.tif,258,0.0,0.07069767441860465,Alexandria,1,3973,3751.0
Alexandria_y2020_1.tif,207,0.0,0.02326086956521739,Alexandria,1,3977,3751.0
Alexandria_y2020_1.tif,210,0.0,0.022238095238095237,Alexandria,0,3979,3751.0
Alexandria_y2020_1.tif,218,0.0,0.026077981651376148,Alexandria,0,3983,3751.0
Alexandria_y2020_1.tif,982,0.9480651731160896,0.2702494908350305,Alexandria,0,4008,3751.0
Alexandria_y2020_1.tif,205,0.0,0.026048780487804877,Alexandria,1,3990,3751.0
Alexandria_y2020_1.tif,224,0.0,0.022745535714285715,Alexandria,0,3994,3751.0
Alexandria_y2020_1.tif,332,0.0,0.021460843373493976,Alexandria,0,4000,3751.0
Alexandria_y2020_1.tif,30,0.0,0.0,Alexandria,0,3969,3751.0
Alexandria_y2020_1.tif,309,0.0,0.0,Alexandria,0,3978,3751.0
Alexandria_y2020_1.tif,218,0.0,0.0,Alexandria,0,3989,3751.0
Alexandria_y2020_1.tif,340,0.0,0.0,Alexandria,0,3992,3751.0
Alexandria_y2020_1.tif,389,0.0,0.0,Alexandria,0,4027,3751.0
Alexandria_y2020_1.tif,518,0.0,0.0,Alexandria,0,4016,3751.0
Alexandria_y2020_1.tif,222,0.0,0.0,Alexandria,1,4014,3751.0
Alexandria_y2020_1.tif,426,0.0,0.0,Alexandria,0,4021,3751.0
Alexandria_y2020_1.tif,858,0.0,0.0,Alexandria,0,4059,3751.0
Alexandria_y2020_1.tif,275,0.0,0.0,Alexandria,0,4017,3751.0
Alexandria_y2020_1.tif,49,0.0,0.0,Alexandria,1,4060,3751.0
Alexandria_y2020_1.tif,326,0.0,0.0,Alexandria,0,4052,3751.0
Alexandria_y2020_1.tif,273,0.0,0.0813003663003663,Alexandria,1,4002,3751.0
Alexandria_y2020_1.tif,342,0.0,0.029035087719298244,Alexandria,1,4011,3751.0
Alexandria_y2020_1.tif,215,0.0,0.020395348837209303,Alexandria,0,4009,3751.0
Alexandria_y2020_1.tif,498,0.0,0.006204819277108435,Alexandria,0,4034,3751.0
Alexandria_y2020_1.tif,322,0.0,0.02107142857142857,Alexandria,0,4019,3751.0
Alexandria_y2020_1.tif,336,0.0,0.04544642857142857,Alexandria,1,4020,3751.0
Alexandria_y2020_1.tif,411,0.0,0.020486618004866175,Alexandria,1,4026,3751.0
Alexandria_y2020_1.tif,235,0.0,0.022255319148936168,Alexandria,1,4038,3751.0
Alexandria_y2020_1.tif,507,0.0,0.05066074950690336,Alexandria,1,4029,3751.0
Alexandria_y2020_1.tif,1732,0.025404157043879907,0.06517032332563512,Alexandria,0,4116,3751.0
Alexandria_y2020_1.tif,3740,0.35802139037433156,0.14243449197860963,Alexandria,0,4080,3751.0
Alexandria_y2020_1.tif,578,1.0,0.39777681660899655,Alexandria,1,4068,3751.0
Alexandria_y2020_1.tif,10116,0.009984183471727956,0.02422153024911032,Alexandria,0,4291,3751.0
Alexandria_y2020_1.tif,820,1.0,0.3280548780487805,Alexandria,1,4128,3751.0
Alexandria_y2020_1.tif,17980,0.07658509454949944,0.051382091212458285,Alexandria,0,4251,3751.0
Alexandria_y2020_1.tif,1517,1.0,0.34315754779169416,Alexandria,1,4123,3751.0
Alexandria_y2020_1.tif,5525,0.44760180995475113,0.17344343891402714,Alexandria,0,4220,3751.0
Alexandria_y2020_1.tif,635,1.0,0.3358976377952756,Alexandria,0,4137,3751.0
Alexandria_y2020_1.tif,6504,0.06565190651906519,0.045887146371463725,Alexandria,0,4270,3751.0
Alexandria_y2020_1.tif,2316,0.35103626943005184,0.13692141623488774,Alexandria,0,4267,3751.0
Alexandria_y2020_1.tif,223,0.0,0.0,Alexandria,0,4065,3751.0
Alexandria_y2020_1.tif,404,0.0,0.0,Alexandria,0,4072,3751.0
Alexandria_y2020_1.tif,354,0.0,0.0,Alexandria,0,4078,3751.0
Alexandria_y2020_1.tif,827,0.6505441354292624,0.21768440145102785,Alexandria,0,4061,3751.0
Alexandria_y2020_1.tif,328,0.0,0.051646341463414625,Alexandria,1,4041,3751.0
Alexandria_y2020_1.tif,203,0.0,0.022660098522167486,Alexandria,0,4050,3751.0
Alexandria_y2020_1.tif,363,0.0,0.021294765840220383,Alexandria,1,4044,3751.0
Alexandria_y2020_1.tif,215,0.0,0.024558139534883717,Alexandria,1,4070,3751.0
Alexandria_y2020_1.tif,452,0.0,0.020564159292035394,Alexandria,1,4074,3751.0
Alexandria_y2020_1.tif,831,0.0,0.024626955475330926,Alexandria,1,4087,3751.0
Alexandria_y2020_1.tif,461,0.0,0.03733188720173536,Alexandria,1,4092,3751.0
Alexandria_y2020_1.tif,659,0.0,0.02943854324734446,Alexandria,1,4105,3751.0
Alexandria_y2020_1.tif,8262,0.3627450980392157,0.13607661583151778,Alexandria,0,4214,3751.0
Alexandria_y2020_1.tif,258,0.0,0.0,Alexandria,0,4076,3751.0
Alexandria_y2020_1.tif,576,0.0,0.0,Alexandria,0,4088,3751.0
Alexandria_y2020_1.tif,10,0.0,0.0,Alexandria,1,4083,3751.0
Alexandria_y2020_1.tif,249,0.0,0.0,Alexandria,0,4086,3751.0
Alexandria_y2020_1.tif,227,0.0,0.0,Alexandria,0,4098,3751.0
Alexandria_y2020_1.tif,948,0.0,0.0,Alexandria,0,4139,3751.0
Alexandria_y2020_1.tif,2484,0.23550724637681159,0.10472826086956523,Alexandria,0,4183,3751.0
Alexandria_y2020_1.tif,648,0.0,0.02304012345679012,Alexandria,1,4101,3751.0
Alexandria_y2020_1.tif,236,0.0,0.023177966101694918,Alexandria,0,4118,3751.0
Alexandria_y2020_1.tif,487,0.0,0.032207392197125255,Alexandria,1,4130,3751.0
Alexandria_y2020_1.tif,441,0.0,0.0020068027210884353,Alexandria,0,4144,3751.0
Alexandria_y2020_1.tif,2977,0.30970775948941887,0.12598589183742023,Alexandria,0,4200,3751.0
Alexandria_y2020_1.tif,415,0.0,0.035240963855421685,Alexandria,0,4154,3751.0
Alexandria_y2020_1.tif,387,0.0,0.023449612403100773,Alexandria,1,4158,3751.0
Alexandria_y2020_1.tif,457,0.0,0.02339168490153173,Alexandria,1,4160,3751.0
Alexandria_y2020_1.tif,494,0.0,0.02600202429149798,Alexandria,0,4169,3751.0
Alexandria_y2020_1.tif,299,0.0,0.0,Alexandria,0,4111,3751.0
Alexandria_y2020_1.tif,288,0.0,0.0,Alexandria,0,4103,3751.0
Alexandria_y2020_1.tif,0,,,Alexandria,1,4109,3751.0
Alexandria_y2020_1.tif,284,0.0,0.0,Alexandria,0,4115,3751.0
Alexandria_y2020_1.tif,215,0.0,0.0,Alexandria,0,4126,3751.0
Alexandria_y2020_1.tif,170,0.0,0.0,Alexandria,0,4143,3751.0
Alexandria_y2020_1.tif,509,0.0,0.0,Alexandria,0,4153,3751.0
Alexandria_y2020_1.tif,461,0.0,0.0,Alexandria,0,4141,3751.0
Alexandria_y2020_1.tif,6307,0.06627556683050578,0.04224116061518947,Alexandria,0,2788,3751.0
Alexandria_y2020_1.tif,426,0.5563380281690141,0.22640845070422538,Alexandria,1,2738,3751.0
Alexandria_y2020_1.tif,580,0.0,0.07258620689655172,Alexandria,1,2756,3751.0
Alexandria_y2020_1.tif,943,0.0,0.04910922587486745,Alexandria,1,2730,3751.0
Alexandria_y2020_1.tif,866,0.0,0.06226905311778291,Alexandria,1,2776,3751.0
Alexandria_y2020_1.tif,1983,0.626828038325769,0.23389056984367118,Alexandria,0,2782,3751.0
Alexandria_y2020_1.tif,560,0.8910714285714286,0.2664107142857143,Alexandria,1,2760,3751.0
Alexandria_y2020_1.tif,817,0.0,0.08346389228886168,Alexandria,1,2748,3751.0
Alexandria_y2020_1.tif,1239,0.0,0.09150524616626311,Alexandria,1,2798,3751.0
Alexandria_y2020_1.tif,3158,0.08486383787207093,0.07495883470550982,Alexandria,0,2860,3751.0
Alexandria_y2020_1.tif,6144,0.051432291666666664,0.0370849609375,Alexandria,0,4490,3751.0
Alexandria_y2020_1.tif,1801,0.1249305941143809,0.0766435313714603,Alexandria,0,4444,3751.0
Alexandria_y2020_1.tif,602,0.7641196013289037,0.1942857142857143,Alexandria,1,4438,3751.0
Alexandria_y2020_1.tif,74471,0.008164251856427334,0.022479555800244393,Alexandria,0,4582,3751.0
Alexandria_y2020_1.tif,1023,0.06549364613880743,0.10291300097751711,Alexandria,0,4463,3751.0
Alexandria_y2020_1.tif,304,0.0,0.07120065789473684,Alexandria,1,4494,3751.0
Alexandria_y2020_1.tif,2556,0.514866979655712,0.16591353677621284,Alexandria,1,4524,3751.0
Alexandria_y2020_1.tif,5117,0.17236662106703146,0.07316494039476255,Alexandria,0,4640,3751.0
Alexandria_y2020_1.tif,881,0.0,0.03353007945516459,Alexandria,0,4533,3751.0
Alexandria_y2020_1.tif,3216,0.021144278606965175,0.034696828358208955,Alexandria,0,4595,3751.0
Alexandria_y2020_1.tif,842,0.0,0.024542755344418053,Alexandria,0,4562,3751.0
Alexandria_y2020_1.tif,8276,0.1418559690671822,0.0814940792653456,Alexandria,0,4663,3751.0
Alexandria_y2020_1.tif,537,0.0,0.026787709497206706,Alexandria,1,4590,3751.0
Alexandria_y2020_1.tif,5400,0.04962962962962963,0.04433981481481482,Alexandria,0,4657,3751.0
Alexandria_y2020_1.tif,428,0.0,0.025841121495327107,Alexandria,0,4612,3751.0
Alexandria_y2020_1.tif,23012,0.11976360159916566,0.07022031983313055,Alexandria,0,4740,3751.0
Alexandria_y2020_1.tif,88071,0.011536146972329143,0.01944385779655051,Alexandria,0,4946,3751.0
Alexandria_y2020_1.tif,7948,0.000754906894816306,0.02392174131857071,Alexandria,0,4724,3751.0
Alexandria_y2020_1.tif,705,0.0,0.01802127659574468,Alexandria,1,4658,3751.0
Alexandria_y2020_1.tif,10890,0.144811753902663,0.06569605142332416,Alexandria,0,4762,3751.0
Alexandria_y2020_1.tif,699,0.0,0.06425608011444922,Alexandria,1,4889,3751.0
Alexandria_y2020_1.tif,31384,0.04970685699719602,0.0387238720367066,Alexandria,0,5023,3751.0
Alexandria_y2020_1.tif,342,0.0,0.04375730994152047,Alexandria,0,4900,3751.0
Alexandria_y2020_1.tif,886,0.582392776523702,0.21960496613995484,Alexandria,0,4913,3751.0
Alexandria_y2020_1.tif,352,0.0,0.03946022727272727,Alexandria,1,4905,3751.0
Alexandria_y2020_1.tif,20569,0.04317176333317128,0.030842773105158247,Alexandria,0,5052,3751.0
Alexandria_y2020_1.tif,803,0.821917808219178,0.2625031133250312,Alexandria,1,4901,3751.0
Alexandria_y2020_1.tif,584,0.0,0.04315068493150684,Alexandria,1,4917,3751.0
Alexandria_y2020_1.tif,84376,0.026595240352706932,0.025722243291931356,Alexandria,0,5014,3751.0
Alexandria_y2020_1.tif,530,0.0,0.0830943396226415,Alexandria,1,4935,3751.0
Alexandria_y2020_1.tif,229,0.0,0.0,Alexandria,0,4157,3751.0
Alexandria_y2020_1.tif,0,,,Alexandria,1,4174,3751.0
Alexandria_y2020_1.tif,183,0.0,0.0,Alexandria,0,4165,3751.0
Alexandria_y2020_1.tif,456,0.0,0.0,Alexandria,0,4171,3751.0
Alexandria_y2020_1.tif,294,0.0,0.026700680272108843,Alexandria,1,4180,3751.0
Alexandria_y2020_1.tif,510,0.0,0.03172549019607844,Alexandria,0,4173,3751.0
Alexandria_y2020_1.tif,445,0.0,0.027168539325842705,Alexandria,1,4190,3751.0
Alexandria_y2020_1.tif,485,0.0,0.018680412371134027,Alexandria,1,4179,3751.0
Alexandria_y2020_1.tif,6072,0.1674901185770751,0.09864871541501977,Alexandria,0,4273,3751.0
Alexandria_y2020_1.tif,869,0.285385500575374,0.15573647871116222,Alexandria,0,4211,3751.0
Alexandria_y2020_1.tif,201,0.0,0.045820895522388064,Alexandria,1,4208,3751.0
Alexandria_y2020_1.tif,390,0.0,0.021717948717948715,Alexandria,1,4188,3751.0
Alexandria_y2020_1.tif,677,0.0,0.030236336779911378,Alexandria,1,4212,3751.0
Alexandria_y2020_1.tif,869,0.0,0.012658227848101266,Alexandria,0,4259,3751.0
Alexandria_y2020_1.tif,621,0.0,0.0,Alexandria,0,4206,3751.0
Alexandria_y2020_1.tif,401,0.0,0.0,Alexandria,0,4182,3751.0
Alexandria_y2020_1.tif,954,0.0,0.0,Alexandria,0,4232,3751.0
Alexandria_y2020_1.tif,78,0.0,0.0,Alexandria,0,4240,3751.0
Alexandria_y2020_1.tif,1045,0.0,0.0,Alexandria,0,4246,3751.0
Alexandria_y2020_1.tif,1764,0.0,0.0,Alexandria,0,4287,3751.0
Alexandria_y2020_1.tif,2535,0.41972386587771204,0.18477712031558186,Alexandria,0,4282,3751.0
Alexandria_y2020_1.tif,41866,0.0789423398461759,0.04290128027516362,Alexandria,0,4493,3751.0
Alexandria_y2020_1.tif,3727,0.019586799034075664,0.04056211430104642,Alexandria,0,4326,3751.0
Alexandria_y2020_1.tif,9991,0.0017015313782404165,0.027885597037333607,Alexandria,0,4318,3751.0
Alexandria_y2020_1.tif,5326,0.41081487044686443,0.15144761547127297,Alexandria,0,4344,3751.0
Alexandria_y2020_1.tif,12085,0.4738105088953248,0.18078775341332232,Alexandria,0,4379,3751.0
Alexandria_y2020_1.tif,5567,0.26890605352972874,0.1102811208909646,Alexandria,0,4353,3751.0
Alexandria_y2020_1.tif,645,0.0,0.03244186046511628,Alexandria,0,4312,3751.0
Alexandria_y2020_1.tif,1833,0.22585924713584288,0.14936988543371527,Alexandria,0,4355,3751.0
Alexandria_y2020_1.tif,730,0.9534246575342465,0.3733904109589041,Alexandria,0,4346,3751.0
Alexandria_y2020_1.tif,282,0.0,0.012127659574468087,Alexandria,1,4210,3751.0
Alexandria_y2020_1.tif,378,0.0,0.05054232804232804,Alexandria,0,4221,3751.0
Alexandria_y2020_1.tif,376,0.0,0.027632978723404256,Alexandria,1,4218,3751.0
Alexandria_y2020_1.tif,504,0.0,0.032271825396825396,Alexandria,1,4229,3751.0
Alexandria_y2020_1.tif,604,0.8576158940397351,0.25140728476821195,Alexandria,1,4248,3751.0
Alexandria_y2020_1.tif,261,0.0,0.022662835249042147,Alexandria,1,4237,3751.0
Alexandria_y2020_1.tif,529,0.0,0.028827977315689982,Alexandria,1,4241,3751.0
Alexandria_y2020_1.tif,827,0.0,0.058240628778718266,Alexandria,0,4242,3751.0
Alexandria_y2020_1.tif,253,0.0,0.023498023715415022,Alexandria,1,4257,3751.0
Alexandria_y2020_1.tif,1330,0.0,0.006710526315789474,Alexandria,0,4286,3751.0
Alexandria_y2020_1.tif,1733,0.0,0.035152914021927294,Alexandria,0,4299,3751.0
Alexandria_y2020_1.tif,904,0.665929203539823,0.20962389380530974,Alexandria,1,4275,3751.0
Alexandria_y2020_1.tif,2142,0.15126050420168066,0.11872082166199814,Alexandria,0,4300,3751.0
Alexandria_y2020_1.tif,227,0.0,0.04374449339207049,Alexandria,1,4266,3751.0
Alexandria_y2020_1.tif,298,0.016778523489932886,0.13666107382550335,Alexandria,1,4269,3751.0
Alexandria_y2020_1.tif,721,0.0,0.03461165048543689,Alexandria,0,4292,3751.0
Alexandria_y2020_1.tif,380,0.0,0.02875,Alexandria,1,4279,3751.0
Alexandria_y2020_1.tif,306,0.0,0.03867647058823529,Alexandria,1,4289,3751.0
Alexandria_y2020_1.tif,285,0.0,0.05861403508771929,Alexandria,0,4290,3751.0
Alexandria_y2020_1.tif,486,0.00205761316872428,0.0856275720164609,Alexandria,1,4283,3751.0
Alexandria_y2020_1.tif,1760,0.0,0.0,Alexandria,0,4297,3751.0
Alexandria_y2020_1.tif,68,0.0,0.0,Alexandria,1,4271,3751.0
Alexandria_y2020_1.tif,1146,0.0,0.0,Alexandria,0,4305,3751.0
Alexandria_y2020_1.tif,1105,0.0,0.0,Alexandria,0,4313,3751.0
Alexandria_y2020_1.tif,764,0.0,0.08087696335078534,Alexandria,1,4322,3751.0
Alexandria_y2020_1.tif,397,0.0,0.08020151133501259,Alexandria,1,4304,3751.0
Alexandria_y2020_1.tif,439,0.0,0.028519362186788157,Alexandria,1,4317,3751.0
Alexandria_y2020_1.tif,670,0.0,0.026059701492537314,Alexandria,0,4325,3751.0
Alexandria_y2020_1.tif,477,0.0,0.06542976939203356,Alexandria,0,4329,3751.0
Alexandria_y2020_1.tif,348,0.0,0.06198275862068966,Alexandria,1,4324,3751.0
Alexandria_y2020_1.tif,2205,0.0,0.03390249433106576,Alexandria,0,4347,3751.0
Alexandria_y2020_1.tif,653,0.0,0.03236600306278714,Alexandria,1,4336,3751.0
Alexandria_y2020_1.tif,833,0.0,0.061518607442977186,Alexandria,1,4351,3751.0
Alexandria_y2020_1.tif,3925,0.12382165605095541,0.07650063694267516,Alexandria,0,4396,3751.0
Alexandria_y2020_1.tif,1190,0.0,0.0,Alexandria,0,4371,3751.0
Alexandria_y2020_1.tif,233,0.0,0.0,Alexandria,0,4359,3751.0
Alexandria_y2020_1.tif,1411,0.0,0.0,Alexandria,0,4378,3751.0
Alexandria_y2020_1.tif,1968,0.18140243902439024,0.09912855691056911,Alexandria,1,4374,3751.0
Alexandria_y2020_1.tif,8650,0.00011560693641618497,0.038942774566474,Alexandria,0,4425,3751.0
Alexandria_y2020_1.tif,454,0.0,0.055947136563876655,Alexandria,1,4356,3751.0
Alexandria_y2020_1.tif,278,0.0,0.031960431654676255,Alexandria,0,4349,3751.0
Alexandria_y2020_1.tif,228,0.0,0.05962719298245613,Alexandria,1,4360,3751.0
Alexandria_y2020_1.tif,416,0.0,0.03544471153846154,Alexandria,0,4368,3751.0
Alexandria_y2020_1.tif,1028,0.01264591439688716,0.06639105058365759,Alexandria,0,4383,3751.0
Alexandria_y2020_1.tif,370,0.0,0.051108108108108105,Alexandria,0,4395,3751.0
Alexandria_y2020_1.tif,4350,0.0,0.031291954022988504,Alexandria,0,4505,3751.0
Alexandria_y2020_1.tif,2763,0.0,0.036905537459283384,Alexandria,0,4432,3751.0
Alexandria_y2020_1.tif,511,0.0,0.0,Alexandria,0,4390,3751.0
Alexandria_y2020_1.tif,5900,0.0,0.0,Alexandria,0,4428,3751.0
Alexandria_y2020_1.tif,358,0.0,0.0,Alexandria,1,4386,3751.0
Alexandria_y2020_1.tif,7519,0.04734672163851576,0.0457294853038968,Alexandria,0,4411,3751.0
Alexandria_y2020_1.tif,1937,0.05420753742901394,0.03678368611254518,Alexandria,0,4391,3751.0
Alexandria_y2020_1.tif,571,0.968476357267951,0.3282837127845884,Alexandria,0,4362,3751.0
Alexandria_y2020_1.tif,614,0.9462540716612378,0.34527687296416937,Alexandria,0,4377,3751.0
Alexandria_y2020_1.tif,444,0.7162162162162162,0.2078716216216216,Alexandria,0,4384,3751.0
Alexandria_y2020_1.tif,4720,0.15572033898305085,0.08089194915254239,Alexandria,0,4426,3751.0
Alexandria_y2020_1.tif,515,0.9941747572815534,0.3259126213592232,Alexandria,1,4397,3751.0
Alexandria_y2020_1.tif,438,0.8538812785388128,0.2078538812785388,Alexandria,0,4405,3751.0
Alexandria_y2020_1.tif,28712,0.014593201448871551,0.02165679855112845,Alexandria,0,4548,3751.0
Alexandria_y2020_1.tif,432,0.6851851851851852,0.17164351851851853,Alexandria,0,4414,3751.0
Alexandria_y2020_1.tif,7864,0.06955747711088504,0.05089776195320448,Alexandria,0,4534,3751.0
Alexandria_y2020_1.tif,4578,0.0,0.024890782000873746,Alexandria,1,4487,3751.0
Alexandria_y2020_1.tif,481,0.0,0.026216216216216223,Alexandria,0,4408,3751.0
Alexandria_y2020_1.tif,1586,0.0,0.039246532156368225,Alexandria,1,4443,3751.0
Alexandria_y2020_1.tif,479,0.0,0.026951983298538627,Alexandria,1,4431,3751.0
Alexandria_y2020_1.tif,275,0.0,0.031036363636363636,Alexandria,1,4435,3751.0
Alexandria_y2020_1.tif,164,0.0,0.020853658536585364,Alexandria,1,4427,3751.0
Alexandria_y2020_1.tif,422,0.0,0.01943127962085308,Alexandria,0,4448,3751.0
Alexandria_y2020_1.tif,412,0.0,0.02246359223300971,Alexandria,0,4442,3751.0
Alexandria_y2020_1.tif,295,0.0,0.01859322033898305,Alexandria,0,4466,3751.0
Alexandria_y2020_1.tif,403,0.0,0.0,Alexandria,0,4402,3751.0
Alexandria_y2020_1.tif,507,0.0,0.0,Alexandria,0,4403,3751.0
Alexandria_y2020_1.tif,2,0.0,0.0,Alexandria,0,4407,3751.0
Alexandria_y2020_1.tif,276,0.0,0.0,Alexandria,1,4413,3751.0
Alexandria_y2020_1.tif,169,0.0,0.0,Alexandria,1,4421,3751.0
Alexandria_y2020_1.tif,246,0.0,0.0,Alexandria,1,4436,3751.0
Alexandria_y2020_1.tif,1140,0.0,0.0,Alexandria,0,4449,3751.0
Alexandria_y2020_1.tif,386,0.0,0.0,Alexandria,1,4450,3751.0
Alexandria_y2020_1.tif,410,0.0,0.0,Alexandria,1,4458,3751.0
Alexandria_y2020_1.tif,321,0.0,0.0,Alexandria,1,4462,3751.0
Alexandria_y2020_1.tif,436,0.0,0.0,Alexandria,1,4479,3751.0
Alexandria_y2020_1.tif,371,0.0,0.0,Alexandria,1,4475,3751.0
Alexandria_y2020_1.tif,290,0.0,0.0,Alexandria,1,4480,3751.0
Alexandria_y2020_1.tif,304,0.0,0.0,Alexandria,1,4486,3751.0
Alexandria_y2020_1.tif,337,0.0,0.02373887240356083,Alexandria,1,4471,3751.0
Alexandria_y2020_1.tif,4079,0.053444471684236335,0.07649791615592057,Alexandria,0,4532,3751.0
Alexandria_y2020_1.tif,213,0.0,0.019014084507042252,Alexandria,0,4474,3751.0
Alexandria_y2020_1.tif,252,0.0,0.019107142857142854,Alexandria,0,4483,3751.0
Alexandria_y2020_1.tif,6066,0.0,0.03096356742499176,Alexandria,0,4588,3751.0
Alexandria_y2020_1.tif,179,0.0,0.01818435754189944,Alexandria,0,4484,3751.0
Alexandria_y2020_1.tif,190,0.0,0.02331578947368421,Alexandria,0,4496,3751.0
Alexandria_y2020_1.tif,202,0.0,0.034356435643564366,Alexandria,0,4503,3751.0
Alexandria_y2020_1.tif,221,0.0,0.02794117647058824,Alexandria,0,4509,3751.0
Alexandria_y2020_1.tif,320,0.0,0.019984375,Alexandria,0,4491,3751.0
Alexandria_y2020_1.tif,439,0.0,0.0,Alexandria,1,4485,3751.0
Alexandria_y2020_1.tif,193,0.0,0.0,Alexandria,0,4500,3751.0
Alexandria_y2020_1.tif,221,0.0,0.0,Alexandria,0,4526,3751.0
Alexandria_y2020_1.tif,193,0.0,0.0,Alexandria,1,4502,3751.0
Alexandria_y2020_1.tif,430,0.0,0.0,Alexandria,1,4513,3751.0
Alexandria_y2020_1.tif,202,0.0,0.0,Alexandria,1,4517,3751.0
Alexandria_y2020_1.tif,442,0.0,0.0,Alexandria,1,4519,3751.0
Alexandria_y2020_1.tif,442,0.0,0.0,Alexandria,1,4522,3751.0
Alexandria_y2020_1.tif,196,0.0,0.0,Alexandria,1,4514,3751.0
Alexandria_y2020_1.tif,161,0.0,0.022639751552795028,Alexandria,0,4508,3751.0
Alexandria_y2020_1.tif,1408,0.0,0.03443181818181818,Alexandria,0,4558,3751.0
Alexandria_y2020_1.tif,318,0.12578616352201258,0.1728616352201258,Alexandria,1,4525,3751.0
Alexandria_y2020_1.tif,198,0.0,0.018636363636363635,Alexandria,0,4523,3751.0
Alexandria_y2020_1.tif,192,0.0,0.00640625,Alexandria,1,4520,3751.0
Alexandria_y2020_1.tif,700,0.0,0.01975714285714286,Alexandria,0,4557,3751.0
Alexandria_y2020_1.tif,484,0.0,0.022014462809917357,Alexandria,0,4555,3751.0
Alexandria_y2020_1.tif,245,0.0,0.020551020408163267,Alexandria,0,4543,3751.0
Alexandria_y2020_1.tif,211,0.0,0.019075829383886255,Alexandria,0,4546,3751.0
Alexandria_y2020_1.tif,1649,0.0,0.03256215888417223,Alexandria,0,4580,3751.0
Alexandria_y2020_1.tif,171,0.0,0.0,Alexandria,0,4518,3751.0
Alexandria_y2020_1.tif,411,0.0,0.0,Alexandria,1,4538,3751.0
Alexandria_y2020_1.tif,313,0.0,0.0,Alexandria,1,4545,3751.0
Alexandria_y2020_1.tif,189,0.0,0.0,Alexandria,0,4539,3751.0
Alexandria_y2020_1.tif,187,0.0,0.0,Alexandria,0,4541,3751.0
Alexandria_y2020_1.tif,361,0.0,0.0,Alexandria,1,4549,3751.0
Alexandria_y2020_1.tif,448,0.0,0.0,Alexandria,1,4550,3751.0
Alexandria_y2020_1.tif,573,0.0,0.0,Alexandria,1,4553,3751.0
Alexandria_y2020_1.tif,218,0.0,0.0,Alexandria,0,4560,3751.0
Alexandria_y2020_1.tif,280,0.0,0.01810714285714286,Alexandria,0,4544,3751.0
Alexandria_y2020_1.tif,302,0.0,0.10897350993377485,Alexandria,1,4552,3751.0
Alexandria_y2020_1.tif,327,0.0,0.10402140672782875,Alexandria,0,4551,3751.0
Alexandria_y2020_1.tif,1035,0.007729468599033816,0.08896618357487925,Alexandria,1,4577,3751.0
Alexandria_y2020_1.tif,189,0.0,0.0162962962962963,Alexandria,1,4561,3751.0
Alexandria_y2020_1.tif,604,0.0,0.01904801324503311,Alexandria,1,4564,3751.0
Alexandria_y2020_1.tif,177,0.0,0.024999999999999998,Alexandria,0,4571,3751.0
Alexandria_y2020_1.tif,160,0.0,0.01778125,Alexandria,0,4575,3751.0
Alexandria_y2020_1.tif,322,0.0,0.01951863354037267,Alexandria,0,4592,3751.0
Alexandria_y2020_1.tif,224,0.0,0.01691964285714286,Alexandria,1,4589,3751.0
Alexandria_y2020_1.tif,306,0.0,0.0,Alexandria,1,4569,3751.0
Alexandria_y2020_1.tif,564,0.0,0.0,Alexandria,0,4579,3751.0
Alexandria_y2020_1.tif,384,0.0,0.0,Alexandria,0,4576,3751.0
Alexandria_y2020_1.tif,217,0.0,0.0,Alexandria,0,4572,3751.0
Alexandria_y2020_1.tif,575,0.0,0.0,Alexandria,0,4613,3751.0
Alexandria_y2020_1.tif,198,0.0,0.0,Alexandria,1,4583,3751.0
Alexandria_y2020_1.tif,327,0.0,0.0,Alexandria,0,4597,3751.0
Alexandria_y2020_1.tif,1018,0.0,0.0,Alexandria,0,4622,3751.0
Alexandria_y2020_1.tif,492,0.0,0.0030691056910569104,Alexandria,0,4574,3751.0
Alexandria_y2020_1.tif,235,0.0,0.03157446808510639,Alexandria,1,4591,3751.0
Alexandria_y2020_1.tif,215,0.0,0.024162790697674418,Alexandria,1,4587,3751.0
Alexandria_y2020_1.tif,578,0.0,0.024576124567474048,Alexandria,1,4600,3751.0
Alexandria_y2020_1.tif,330,0.0,0.04566666666666667,Alexandria,1,4585,3751.0
Alexandria_y2020_1.tif,133,0.0,0.023007518796992477,Alexandria,0,4593,3751.0
Alexandria_y2020_1.tif,524,0.0,0.022805343511450388,Alexandria,1,4603,3751.0
Alexandria_y2020_1.tif,215,0.0,0.02355813953488372,Alexandria,0,4604,3751.0
Alexandria_y2020_1.tif,222,0.0,0.020450450450450446,Alexandria,1,4606,3751.0
Alexandria_y2020_1.tif,214,0.0,0.01586448598130841,Alexandria,1,4611,3751.0
Alexandria_y2020_1.tif,213,0.0,0.0,Alexandria,1,4609,3751.0
Alexandria_y2020_1.tif,596,0.0,0.0,Alexandria,0,4602,3751.0
Alexandria_y2020_1.tif,255,0.0,0.0,Alexandria,1,4618,3751.0
Alexandria_y2020_1.tif,519,0.0,0.0,Alexandria,1,4615,3751.0
Alexandria_y2020_1.tif,464,0.0,0.0,Alexandria,1,4621,3751.0
Alexandria_y2020_1.tif,298,0.0,0.01656040268456376,Alexandria,0,4627,3751.0
Alexandria_y2020_1.tif,194,0.0,0.022190721649484536,Alexandria,0,4619,3751.0
Alexandria_y2020_1.tif,1379,0.0,0.03010877447425671,Alexandria,0,4641,3751.0
Alexandria_y2020_1.tif,234,0.0,0.016517094017094017,Alexandria,0,4623,3751.0
Alexandria_y2020_1.tif,318,0.0,0.03424528301886793,Alexandria,1,4630,3751.0
Alexandria_y2020_1.tif,214,0.0,0.022593457943925237,Alexandria,1,4616,3751.0
Alexandria_y2020_1.tif,433,0.0,0.023775981524249427,Alexandria,1,4617,3751.0
Alexandria_y2020_1.tif,1635,0.0,0.02799388379204893,Alexandria,0,4660,3751.0
Alexandria_y2020_1.tif,3729,0.0,0.029908822740681153,Alexandria,0,4687,3751.0
Alexandria_y2020_1.tif,199,0.0,0.018542713567839195,Alexandria,0,4633,3751.0
Alexandria_y2020_1.tif,588,0.0,0.0,Alexandria,1,4652,3751.0
Alexandria_y2020_1.tif,186,0.0,0.0,Alexandria,1,4636,3751.0
Alexandria_y2020_1.tif,211,0.0,0.0,Alexandria,0,4639,3751.0
Alexandria_y2020_1.tif,522,0.0,0.0,Alexandria,0,4638,3751.0
Alexandria_y2020_1.tif,395,0.0,0.0,Alexandria,0,4650,3751.0
Alexandria_y2020_1.tif,19501,0.0011794266960668683,0.03187657043228553,Alexandria,0,4769,3751.0
Alexandria_y2020_1.tif,354,0.0,0.017019774011299435,Alexandria,1,4637,3751.0
Alexandria_y2020_1.tif,408,0.0,0.016544117647058824,Alexandria,0,4649,3751.0
Alexandria_y2020_1.tif,320,0.0,0.002703125,Alexandria,1,4647,3751.0
Alexandria_y2020_1.tif,349,0.0,0.0179512893982808,Alexandria,1,4656,3751.0
Alexandria_y2020_1.tif,3028,0.0,0.028941545574636726,Alexandria,0,4723,3751.0
Alexandria_y2020_1.tif,741,0.0,0.025479082321187587,Alexandria,1,4661,3751.0
Alexandria_y2020_1.tif,235,0.0,0.03680851063829788,Alexandria,0,4659,3751.0
Alexandria_y2020_1.tif,378,0.0,0.014933862433862435,Alexandria,1,4669,3751.0
Alexandria_y2020_1.tif,403,0.0,0.022828784119106698,Alexandria,1,4665,3751.0
Alexandria_y2020_1.tif,356,0.0,0.0,Alexandria,0,4644,3751.0
Alexandria_y2020_1.tif,194,0.0,0.0,Alexandria,1,4651,3751.0
Alexandria_y2020_1.tif,197,0.0,0.0,Alexandria,1,4654,3751.0
Alexandria_y2020_1.tif,335,0.0,0.0,Alexandria,1,4666,3751.0
Alexandria_y2020_1.tif,203,0.0,0.0,Alexandria,1,4668,3751.0
Alexandria_y2020_1.tif,209,0.0,0.0,Alexandria,0,4675,3751.0
Alexandria_y2020_1.tif,384,0.0,0.0,Alexandria,0,4682,3751.0
Alexandria_y2020_1.tif,773,0.0,0.0,Alexandria,0,4691,3751.0
Alexandria_y2020_1.tif,287,0.0,0.0,Alexandria,0,4678,3751.0
Alexandria_y2020_1.tif,907,0.0,0.0,Alexandria,0,4705,3751.0
Alexandria_y2020_1.tif,427,0.0,0.0011358313817330212,Alexandria,1,4694,3751.0
Alexandria_y2020_1.tif,205,0.0,0.011243902439024388,Alexandria,0,4672,3751.0
Alexandria_y2020_1.tif,391,0.0,0.018887468030690538,Alexandria,0,4690,3751.0
Alexandria_y2020_1.tif,201,0.0,0.025522388059701497,Alexandria,0,4680,3751.0
Alexandria_y2020_1.tif,265,0.0,0.022641509433962263,Alexandria,1,4683,3751.0
Alexandria_y2020_1.tif,451,0.0,0.021186252771618626,Alexandria,1,4676,3751.0
Alexandria_y2020_1.tif,821,0.0,0.02382460414129111,Alexandria,0,4699,3751.0
Alexandria_y2020_1.tif,247,0.0,0.02631578947368421,Alexandria,1,4693,3751.0
Alexandria_y2020_1.tif,306,0.0,0.021879084967320255,Alexandria,1,4707,3751.0
Alexandria_y2020_1.tif,293,0.0,0.019590443686006827,Alexandria,1,4696,3751.0
Alexandria_y2020_1.tif,432,0.0,0.02,Alexandria,1,4711,3751.0
Alexandria_y2020_1.tif,523,0.0,0.0,Alexandria,0,4697,3751.0
Alexandria_y2020_1.tif,488,0.0,0.0,Alexandria,1,4695,3751.0
Alexandria_y2020_1.tif,318,0.0,0.0,Alexandria,0,4703,3751.0
Alexandria_y2020_1.tif,317,0.0,0.0,Alexandria,1,4715,3751.0
Alexandria_y2020_1.tif,883,0.0,0.0,Alexandria,0,4739,3751.0
Alexandria_y2020_1.tif,559,0.0,0.0,Alexandria,1,4713,3751.0
Alexandria_y2020_1.tif,601,0.0,0.0,Alexandria,0,4720,3751.0
Alexandria_y2020_1.tif,545,0.0,0.0,Alexandria,1,4725,3751.0
Alexandria_y2020_1.tif,1293,0.05955143078112916,0.07368909512761021,Alexandria,0,4689,3751.0
Alexandria_y2020_1.tif,710,0.0,0.02557042253521127,Alexandria,0,4684,3751.0
Alexandria_y2020_1.tif,6778,0.0,0.01664281498967247,Alexandria,0,4752,3751.0
Alexandria_y2020_1.tif,562,0.3932384341637011,0.17037366548042704,Alexandria,1,4708,3751.0
Alexandria_y2020_1.tif,390,0.6435897435897436,0.23288461538461538,Alexandria,0,4704,3751.0
Alexandria_y2020_1.tif,1215,0.08395061728395062,0.08174897119341563,Alexandria,0,4722,3751.0
Alexandria_y2020_1.tif,1588,0.8765743073047859,0.32881926952141055,Alexandria,0,4730,3751.0
Alexandria_y2020_1.tif,30837,0.023056717579531084,0.02810082044297435,Alexandria,0,4957,3751.0
Alexandria_y2020_1.tif,340,1.0,0.3214852941176471,Alexandria,1,4719,3751.0
Alexandria_y2020_1.tif,3497,0.07978267086073777,0.07994995710609094,Alexandria,0,4796,3751.0
Alexandria_y2020_1.tif,355,0.0,0.01680281690140845,Alexandria,1,4700,3751.0
Alexandria_y2020_1.tif,554,0.0,0.028790613718411556,Alexandria,1,4710,3751.0
Alexandria_y2020_1.tif,1087,0.0,0.05101655933762649,Alexandria,0,4731,3751.0
Alexandria_y2020_1.tif,356,0.0,0.01953651685393258,Alexandria,0,4718,3751.0
Alexandria_y2020_1.tif,548,0.0,0.011012773722627739,Alexandria,1,4721,3751.0
Alexandria_y2020_1.tif,721,0.0,0.022163661581137306,Alexandria,0,4736,3751.0
Alexandria_y2020_1.tif,297,0.0,0.017188552188552187,Alexandria,0,4733,3751.0
Alexandria_y2020_1.tif,262,0.0,0.02650763358778626,Alexandria,0,4734,3751.0
Alexandria_y2020_1.tif,262,0.0,0.0008969465648854963,Alexandria,1,4737,3751.0
Alexandria_y2020_1.tif,409,0.0,0.050586797066014676,Alexandria,1,4747,3751.0
Alexandria_y2020_1.tif,655,0.0,0.0,Alexandria,1,4743,3751.0
Alexandria_y2020_1.tif,316,0.0,0.0,Alexandria,0,4750,3751.0
Alexandria_y2020_1.tif,444,0.0,0.0,Alexandria,1,4744,3751.0
Alexandria_y2020_1.tif,5164,0.15666150271107668,0.061608249419054996,Alexandria,0,4792,3751.0
Alexandria_y2020_1.tif,415,0.6867469879518072,0.1575542168674699,Alexandria,0,4738,3751.0
Alexandria_y2020_1.tif,1600,0.985625,0.36636875,Alexandria,0,4758,3751.0
Alexandria_y2020_1.tif,616,1.0,0.3576136363636364,Alexandria,1,4754,3751.0
Alexandria_y2020_1.tif,1724,0.0075406032482598605,0.06715777262180975,Alexandria,1,4771,3751.0
Alexandria_y2020_1.tif,705,0.9985815602836879,0.3527446808510638,Alexandria,1,4764,3751.0
Alexandria_y2020_1.tif,3318,0.0006027727546714888,0.02583031946955998,Alexandria,0,4807,3751.0
Alexandria_y2020_1.tif,636,0.9025157232704403,0.3247405660377359,Alexandria,1,4793,3751.0
Alexandria_y2020_1.tif,5017,0.06438110424556508,0.05835858082519433,Alexandria,0,4838,3751.0
Alexandria_y2020_1.tif,2898,0.24913733609385783,0.10402346445824708,Alexandria,0,4830,3751.0
Alexandria_y2020_1.tif,313,0.0,0.0,Alexandria,1,4760,3751.0
Alexandria_y2020_1.tif,214,0.0,0.0,Alexandria,0,4749,3751.0
Alexandria_y2020_1.tif,214,0.0,0.0,Alexandria,0,4761,3751.0
Alexandria_y2020_1.tif,1,0.0,0.0,Alexandria,1,4755,3751.0
Alexandria_y2020_1.tif,441,0.0,0.0,Alexandria,0,4778,3751.0
Alexandria_y2020_1.tif,242,0.0,0.018471074380165285,Alexandria,0,4745,3751.0
Alexandria_y2020_1.tif,1484,0.0,0.021206199460916442,Alexandria,0,4779,3751.0
Alexandria_y2020_1.tif,867,0.0,0.02265282583621684,Alexandria,0,4768,3751.0
Alexandria_y2020_1.tif,505,0.0,0.022069306930693068,Alexandria,0,4759,3751.0
Alexandria_y2020_1.tif,274,0.0,0.020145985401459857,Alexandria,0,4765,3751.0
Alexandria_y2020_1.tif,319,0.0,0.015250783699059562,Alexandria,1,4751,3751.0
Alexandria_y2020_1.tif,434,0.0,0.021993087557603687,Alexandria,1,4774,3751.0
Alexandria_y2020_1.tif,442,0.0,0.01824660633484163,Alexandria,0,4770,3751.0
Alexandria_y2020_1.tif,415,0.0,0.0012048192771084338,Alexandria,0,4785,3751.0
Alexandria_y2020_1.tif,1067,0.0,0.024058106841611998,Alexandria,0,4802,3751.0
Alexandria_y2020_1.tif,646,0.0,0.0,Alexandria,1,4773,3751.0
Alexandria_y2020_1.tif,583,0.0,0.0,Alexandria,1,4783,3751.0
Alexandria_y2020_1.tif,329,0.0,0.0,Alexandria,1,4780,3751.0
Alexandria_y2020_1.tif,334,0.0,0.0,Alexandria,0,4782,3751.0
Alexandria_y2020_1.tif,649,0.0,0.0,Alexandria,1,4767,3751.0
Alexandria_y2020_1.tif,7788,0.07164869029275808,0.06688880328710838,Alexandria,0,4854,3751.0
Alexandria_y2020_1.tif,337,0.0,0.018961424332344212,Alexandria,1,4806,3751.0
Alexandria_y2020_1.tif,175,0.0,0.022999999999999993,Alexandria,0,4795,3751.0
Alexandria_y2020_1.tif,464,0.0,0.01790948275862069,Alexandria,1,4789,3751.0
Alexandria_y2020_1.tif,426,0.0,0.02192488262910798,Alexandria,0,4799,3751.0
Alexandria_y2020_1.tif,448,0.0,0.03552455357142858,Alexandria,1,4800,3751.0
Alexandria_y2020_1.tif,1378,0.0,0.020870827285921625,Alexandria,1,4804,3751.0
Alexandria_y2020_1.tif,783,0.0,0.07276500638569604,Alexandria,1,4811,3751.0
Alexandria_y2020_1.tif,346,0.0,0.04160404624277456,Alexandria,0,4814,3751.0
Alexandria_y2020_1.tif,548,0.0,0.015118613138686132,Alexandria,1,4827,3751.0
Alexandria_y2020_1.tif,472,0.0,0.0,Alexandria,1,4786,3751.0
Alexandria_y2020_1.tif,198,0.0,0.0,Alexandria,0,4790,3751.0
Alexandria_y2020_1.tif,273,0.0,0.0,Alexandria,1,4801,3751.0
Alexandria_y2020_1.tif,486,0.0,0.0,Alexandria,1,4810,3751.0
Alexandria_y2020_1.tif,226,0.0,0.0,Alexandria,0,4794,3751.0
Alexandria_y2020_1.tif,672,0.0,0.0041889880952380954,Alexandria,0,4815,3751.0
Alexandria_y2020_1.tif,219,0.0,0.0,Alexandria,0,4813,3751.0
Alexandria_y2020_1.tif,376,0.0,0.0,Alexandria,0,4808,3751.0
Alexandria_y2020_1.tif,475,0.0,0.0,Alexandria,0,4803,3751.0
Alexandria_y2020_1.tif,3682,0.30472569255839216,0.11879956545355785,Alexandria,0,4849,3751.0
Alexandria_y2020_1.tif,1074,0.0,0.019674115456238362,Alexandria,0,4817,3751.0
Alexandria_y2020_1.tif,534,0.34831460674157305,0.1404307116104869,Alexandria,0,4816,3751.0
Alexandria_y2020_1.tif,1364,0.16495601173020527,0.10759897360703811,Alexandria,0,4856,3751.0
Alexandria_y2020_1.tif,1957,0.12979049565661727,0.06821921308124682,Alexandria,0,4879,3751.0
Alexandria_y2020_1.tif,2684,0.3543219076005961,0.13713487332339794,Alexandria,0,4894,3751.0
Alexandria_y2020_1.tif,2491,0.21075873143315937,0.12030710558008832,Alexandria,0,4892,3751.0
Alexandria_y2020_1.tif,1538,0.12158647594278284,0.08525357607282184,Alexandria,1,4874,3751.0
Alexandria_y2020_1.tif,667,0.0,0.03809595202398801,Alexandria,1,4869,3751.0
Alexandria_y2020_1.tif,1002,0.436127744510978,0.15648203592814372,Alexandria,0,4898,3751.0
Alexandria_y2020_1.tif,485,0.0,0.01888659793814433,Alexandria,1,4818,3751.0
Alexandria_y2020_1.tif,771,0.0,0.05158884565499351,Alexandria,1,4842,3751.0
Alexandria_y2020_1.tif,363,0.0,0.022038567493112945,Alexandria,0,4820,3751.0
Alexandria_y2020_1.tif,342,0.0,0.023362573099415203,Alexandria,0,4823,3751.0
Alexandria_y2020_1.tif,382,0.0,0.04157068062827225,Alexandria,1,4841,3751.0
Alexandria_y2020_1.tif,371,0.0,0.012978436657681941,Alexandria,1,4822,3751.0
Alexandria_y2020_1.tif,322,0.0,0.042763975155279514,Alexandria,1,4843,3751.0
Alexandria_y2020_1.tif,334,0.0,0.048038922155688626,Alexandria,1,4847,3751.0
Alexandria_y2020_1.tif,1148,0.0,0.025065331010452965,Alexandria,0,4845,3751.0
Alexandria_y2020_1.tif,767,0.0,0.021297262059973922,Alexandria,0,4840,3751.0
Alexandria_y2020_1.tif,373,0.0,0.0,Alexandria,0,4826,3751.0
Alexandria_y2020_1.tif,486,0.0,0.0,Alexandria,0,4829,3751.0
Alexandria_y2020_1.tif,427,0.0,0.0,Alexandria,0,4837,3751.0
Alexandria_y2020_1.tif,461,0.0,0.0,Alexandria,0,4846,3751.0
Alexandria_y2020_1.tif,279,0.0,0.0,Alexandria,0,4844,3751.0
Alexandria_y2020_1.tif,305,0.0,0.0,Alexandria,0,4851,3751.0
Alexandria_y2020_1.tif,365,0.0,0.040123287671232875,Alexandria,0,4828,3751.0
Alexandria_y2020_1.tif,284,0.0,0.014489436619718311,Alexandria,1,4833,3751.0
Alexandria_y2020_1.tif,354,0.0,0.023192090395480223,Alexandria,0,4839,3751.0
Alexandria_y2020_1.tif,694,0.0,0.01457492795389049,Alexandria,0,4835,3751.0
Alexandria_y2020_1.tif,623,0.0,0.03071428571428572,Alexandria,0,4860,3751.0
Alexandria_y2020_1.tif,207,0.0,0.023381642512077295,Alexandria,0,4836,3751.0
Alexandria_y2020_1.tif,486,0.0,0.027489711934156377,Alexandria,0,4855,3751.0
Alexandria_y2020_1.tif,527,0.0,0.01797912713472486,Alexandria,0,4868,3751.0
Alexandria_y2020_1.tif,1970,0.0,0.017746192893401017,Alexandria,0,4925,3751.0
Alexandria_y2020_1.tif,235,0.0,0.07246808510638299,Alexandria,0,4861,3751.0
Alexandria_y2020_1.tif,322,0.0,0.0,Alexandria,0,4862,3751.0
Alexandria_y2020_1.tif,1310,0.0,0.0,Alexandria,0,4902,3751.0
Alexandria_y2020_1.tif,331,0.0,0.0,Alexandria,1,4865,3751.0
Alexandria_y2020_1.tif,360,0.0,0.0,Alexandria,1,4873,3751.0
Alexandria_y2020_1.tif,238,0.0,0.016575630252100845,Alexandria,0,4857,3751.0
Alexandria_y2020_1.tif,347,0.0,0.03263688760806917,Alexandria,1,4867,3751.0
Alexandria_y2020_1.tif,529,0.0,0.020283553875236296,Alexandria,0,4850,3751.0
Alexandria_y2020_1.tif,158,0.0,0.021455696202531644,Alexandria,0,4859,3751.0
Alexandria_y2020_1.tif,337,0.0,0.01734421364985163,Alexandria,0,4866,3751.0
Alexandria_y2020_1.tif,1079,0.0,0.006214087117701576,Alexandria,1,4883,3751.0
Alexandria_y2020_1.tif,344,0.0,0.06225290697674418,Alexandria,0,4871,3751.0
Alexandria_y2020_1.tif,635,0.0,0.021669291338582676,Alexandria,1,4886,3751.0
Alexandria_y2020_1.tif,411,0.0,0.022128953771289536,Alexandria,1,4870,3751.0
Alexandria_y2020_1.tif,371,0.0,0.07570080862533693,Alexandria,1,4877,3751.0
Alexandria_y2020_1.tif,308,0.0,0.017061688311688313,Alexandria,0,4882,3751.0
Alexandria_y2020_1.tif,551,0.0,0.032713248638838476,Alexandria,0,4887,3751.0
Alexandria_y2020_1.tif,3437,0.0,0.01907041024148967,Alexandria,0,4934,3751.0
Alexandria_y2020_1.tif,284,0.0,0.019242957746478873,Alexandria,1,4885,3751.0
Alexandria_y2020_1.tif,1692,0.0,0.07416075650118203,Alexandria,0,4896,3751.0
Alexandria_y2020_1.tif,190,0.0,0.01460526315789474,Alexandria,0,4880,3751.0
Alexandria_y2020_1.tif,967,0.0,0.05469493278179939,Alexandria,1,4899,3751.0
Alexandria_y2020_1.tif,708,0.1497175141242938,0.17240819209039548,Alexandria,1,4878,3751.0
Alexandria_y2020_1.tif,659,0.0,0.025326251896813357,Alexandria,0,4893,3751.0
Alexandria_y2020_1.tif,256,0.3671875,0.2048828125,Alexandria,1,4897,3751.0
Alexandria_y2020_1.tif,177,0.0,0.0,Alexandria,1,4876,3751.0
Alexandria_y2020_1.tif,1402,0.0,0.0,Alexandria,1,4911,3751.0
Alexandria_y2020_1.tif,558,0.0,0.0,Alexandria,0,4884,3751.0
Alexandria_y2020_1.tif,233,0.0,0.0,Alexandria,0,4890,3751.0
Alexandria_y2020_1.tif,568,0.0,0.0,Alexandria,0,4881,3751.0
Alexandria_y2020_1.tif,359,0.0,0.015,Alexandria,0,4904,3751.0
Alexandria_y2020_1.tif,291,0.0,0.037594501718213054,Alexandria,1,4906,3751.0
Alexandria_y2020_1.tif,640,0.0,0.021945312499999998,Alexandria,1,4912,3751.0
Alexandria_y2020_1.tif,583,0.0,0.04985420240137221,Alexandria,1,4914,3751.0
Alexandria_y2020_1.tif,409,0.0,0.022408312958435206,Alexandria,1,4907,3751.0
Alexandria_y2020_1.tif,411,0.0,0.01822384428223844,Alexandria,1,4916,3751.0
Alexandria_y2020_1.tif,661,0.0,0.027768532526475043,Alexandria,0,4919,3751.0
Alexandria_y2020_1.tif,417,0.0,0.016618705035971224,Alexandria,1,4927,3751.0
Alexandria_y2020_1.tif,556,0.15827338129496402,0.16854316546762588,Alexandria,1,4921,3751.0
Alexandria_y2020_1.tif,280,0.0,0.14878571428571427,Alexandria,1,4926,3751.0
Alexandria_y2020_1.tif,415,0.0,0.0,Alexandria,0,4908,3751.0
Alexandria_y2020_1.tif,545,0.0,0.0,Alexandria,0,4910,3751.0
Alexandria_y2020_1.tif,271,0.0,0.0,Alexandria,0,4918,3751.0
Alexandria_y2020_1.tif,316,0.0,0.0,Alexandria,0,4924,3751.0
Alexandria_y2020_1.tif,617,0.0,0.0,Alexandria,0,4933,3751.0
Alexandria_y2020_1.tif,437,0.0,0.0,Alexandria,0,4928,3751.0
Alexandria_y2020_1.tif,1019,0.0,0.000799803729146222,Alexandria,0,4959,3751.0
Alexandria_y2020_1.tif,230,0.0,0.0,Alexandria,0,4937,3751.0
Alexandria_y2020_1.tif,2,0.0,0.0,Alexandria,0,4940,3751.0
Alexandria_y2020_1.tif,276,0.0,0.0,Alexandria,0,4948,3751.0
Alexandria_y2020_1.tif,432,0.0,0.0,Alexandria,0,4956,3751.0
Alexandria_y2020_1.tif,226,0.0,0.0,Alexandria,0,4949,3751.0
Alexandria_y2020_1.tif,316,0.0,0.0,Alexandria,0,4944,3751.0
Alexandria_y2020_1.tif,189,0.0,0.0,Alexandria,0,4945,3751.0
Alexandria_y2020_1.tif,407,0.0,0.04684275184275184,Alexandria,0,4923,3751.0
Alexandria_y2020_1.tif,532,0.0,0.033477443609022564,Alexandria,0,4941,3751.0
Alexandria_y2020_1.tif,423,0.0,0.03536643026004729,Alexandria,1,4938,3751.0
Alexandria_y2020_1.tif,200,0.0,0.015450000000000004,Alexandria,0,4936,3751.0
Alexandria_y2020_1.tif,360,0.0,0.022888888888888886,Alexandria,0,4947,3751.0
Alexandria_y2020_1.tif,213,0.0,0.015046948356807512,Alexandria,0,4942,3751.0
Alexandria_y2020_1.tif,301,0.0,0.014435215946843853,Alexandria,0,4922,3751.0
Alexandria_y2020_1.tif,598,0.0,0.023127090301003343,Alexandria,0,4929,3751.0
Alexandria_y2020_1.tif,673,0.0,0.023848439821693903,Alexandria,1,4965,3751.0
Alexandria_y2020_1.tif,640,0.025,0.1280703125,Alexandria,1,4955,3751.0
Alexandria_y2020_1.tif,180,0.0,0.0,Alexandria,0,4952,3751.0
Alexandria_y2020_1.tif,226,0.0,0.0,Alexandria,0,4960,3751.0
Alexandria_y2020_1.tif,188,0.0,0.0,Alexandria,0,4962,3751.0
Alexandria_y2020_1.tif,189,0.0,0.0,Alexandria,1,4966,3751.0
Alexandria_y2020_1.tif,308,0.0,0.0,Alexandria,0,4971,3751.0
Alexandria_y2020_1.tif,131,0.0,0.0,Alexandria,0,4969,3751.0
Alexandria_y2020_1.tif,182,0.0,0.0,Alexandria,0,4967,3751.0
Alexandria_y2020_1.tif,73,0.0,0.0,Alexandria,0,4972,3751.0
Alexandria_y2020_1.tif,1295,0.0,0.015563706563706564,Alexandria,1,4977,3751.0
Alexandria_y2020_1.tif,305,0.0,0.020999999999999998,Alexandria,1,4954,3751.0
Alexandria_y2020_1.tif,856,0.0,0.0163142523364486,Alexandria,0,4963,3751.0
Alexandria_y2020_1.tif,192,0.0,0.004713541666666667,Alexandria,0,4968,3751.0
Alexandria_y2020_1.tif,687,0.0,0.031848617176128094,Alexandria,1,4986,3751.0
Alexandria_y2020_1.tif,783,0.0,0.06730523627075352,Alexandria,1,4980,3751.0
Alexandria_y2020_1.tif,3199,0.005626758361988122,0.056409815567364796,Alexandria,0,5027,3751.0
Alexandria_y2020_1.tif,511,0.0,0.01974559686888454,Alexandria,0,4990,3751.0
Alexandria_y2020_1.tif,515,0.0,0.020407766990291263,Alexandria,0,4987,3751.0
Alexandria_y2020_1.tif,1437,0.0,0.043416840640222686,Alexandria,1,4981,3751.0
Alexandria_y2020_1.tif,142,0.0,0.0,Alexandria,0,4974,3751.0
Alexandria_y2020_1.tif,354,0.0,0.0,Alexandria,0,4983,3751.0
Alexandria_y2020_1.tif,259,0.0,0.0,Alexandria,0,4979,3751.0
Alexandria_y2020_1.tif,301,0.0,0.0,Alexandria,1,4982,3751.0
Alexandria_y2020_1.tif,424,0.0,0.0,Alexandria,0,4991,3751.0
Alexandria_y2020_1.tif,360,0.0,0.000375,Alexandria,0,4989,3751.0
Alexandria_y2020_1.tif,188,0.0,0.0,Alexandria,0,4988,3751.0
Alexandria_y2020_1.tif,737,0.0,0.017449118046132972,Alexandria,0,5001,3751.0
Alexandria_y2020_1.tif,353,0.0,0.01651558073654391,Alexandria,1,4994,3751.0
Alexandria_y2020_1.tif,458,0.0,0.02116812227074236,Alexandria,1,4998,3751.0
Alexandria_y2020_1.tif,816,0.0,0.11909926470588235,Alexandria,1,4984,3751.0
Alexandria_y2020_1.tif,1168,0.0,0.01598030821917808,Alexandria,0,5026,3751.0
Alexandria_y2020_1.tif,194,0.0,0.01381443298969072,Alexandria,1,4993,3751.0
Alexandria_y2020_1.tif,316,0.0,0.015063291139240506,Alexandria,1,4996,3751.0
Alexandria_y2020_1.tif,322,0.0,0.026040372670807454,Alexandria,1,5004,3751.0
Alexandria_y2020_1.tif,329,0.0,0.032097264437689975,Alexandria,0,5008,3751.0
Alexandria_y2020_1.tif,416,0.0,0.019699519230769232,Alexandria,1,5007,3751.0
Alexandria_y2020_1.tif,232,0.0,0.0,Alexandria,0,5011,3751.0
Alexandria_y2020_1.tif,397,0.0,0.0,Alexandria,0,5005,3751.0
Alexandria_y2020_1.tif,230,0.0,0.0,Alexandria,0,5000,3751.0
Alexandria_y2020_1.tif,311,0.0,0.0,Alexandria,1,5006,3751.0
Alexandria_y2020_1.tif,173,0.0,0.0,Alexandria,1,5002,3751.0
Alexandria_y2020_1.tif,404,0.0,0.0,Alexandria,0,5019,3751.0
Alexandria_y2020_1.tif,313,0.0,0.0,Alexandria,0,5018,3751.0
Alexandria_y2020_1.tif,160,0.0,0.0,Alexandria,1,5012,3751.0
Alexandria_y2020_1.tif,242,0.0,0.01960743801652893,Alexandria,1,5009,3751.0
Alexandria_y2020_1.tif,217,0.0,0.017304147465437788,Alexandria,1,5003,3751.0
Alexandria_y2020_1.tif,1308,0.0,0.04706039755351682,Alexandria,0,5050,3751.0
Alexandria_y2020_1.tif,470,0.28297872340425534,0.19048936170212766,Alexandria,1,5024,3751.0
Alexandria_y2020_1.tif,303,0.0,0.015280528052805283,Alexandria,1,5021,3751.0
Alexandria_y2020_1.tif,1180,0.0,0.027745762711864408,Alexandria,1,5013,3751.0
Alexandria_y2020_1.tif,210,0.0,0.01723809523809524,Alexandria,1,5022,3751.0
Alexandria_y2020_1.tif,533,0.0,0.020243902439024387,Alexandria,1,5038,3751.0
Alexandria_y2020_1.tif,210,0.0,0.02233333333333333,Alexandria,0,5029,3751.0
Alexandria_y2020_1.tif,355,0.0,0.023563380281690142,Alexandria,0,5028,3751.0
Alexandria_y2020_1.tif,198,0.0,0.0,Alexandria,0,5017,3751.0
Alexandria_y2020_1.tif,284,0.0,0.0,Alexandria,0,5032,3751.0
Alexandria_y2020_1.tif,306,0.0,0.000718954248366013,Alexandria,0,5037,3751.0
Alexandria_y2020_1.tif,174,0.0,0.0,Alexandria,0,5030,3751.0
Alexandria_y2020_1.tif,194,0.0,0.0,Alexandria,0,5034,3751.0
Alexandria_y2020_1.tif,3,0.0,0.0,Alexandria,1,5047,3751.0
Alexandria_y2020_1.tif,290,0.0,0.09337931034482758,Alexandria,0,4950,3751.0
Alexandria_y2020_1.tif,677,0.8375184638109305,0.2441728212703102,Alexandria,0,4970,3751.0
Alexandria_y2020_1.tif,911,0.5653128430296378,0.20928649835345778,Alexandria,0,4975,3751.0
Alexandria_y2020_1.tif,404,0.04207920792079208,0.144269801980198,Alexandria,1,4964,3751.0
Alexandria_y2020_1.tif,4352,0.5333180147058824,0.18378561580882355,Alexandria,0,5051,3751.0
Alexandria_y2020_1.tif,786,0.20737913486005088,0.105617048346056,Alexandria,0,4992,3751.0
Alexandria_y2020_1.tif,621,0.00322061191626409,0.07434782608695653,Alexandria,0,4999,3751.0
Alexandria_y2020_1.tif,806,0.0,0.02849875930521092,Alexandria,0,5058,3751.0
Alexandria_y2020_1.tif,959,0.0,0.026246089676746614,Alexandria,0,5071,3751.0
Alexandria_y2020_1.tif,25144,0.01407890550429526,0.027979637289214127,Alexandria,0,5169,3751.0
Alexandria_y2020_1.tif,436,0.0,0.023486238532110088,Alexandria,1,5036,3751.0
Alexandria_y2020_1.tif,321,0.2367601246105919,0.1498753894080997,Alexandria,0,5025,3751.0
Alexandria_y2020_1.tif,1062,0.0,0.017984934086629004,Alexandria,0,5041,3751.0
Alexandria_y2020_1.tif,264,0.0,0.016098484848484848,Alexandria,0,5043,3751.0
Alexandria_y2020_1.tif,803,0.0186799501867995,0.08205479452054795,Alexandria,1,5045,3751.0
Alexandria_y2020_1.tif,218,0.0,0.01534403669724771,Alexandria,1,5035,3751.0
Alexandria_y2020_1.tif,945,0.021164021164021163,0.14197883597883598,Alexandria,1,5059,3751.0
Alexandria_y2020_1.tif,288,0.0,0.024809027777777777,Alexandria,0,5054,3751.0
Alexandria_y2020_1.tif,693,0.0,0.024632034632034634,Alexandria,1,5063,3751.0
Alexandria_y2020_1.tif,367,0.0,0.016675749318801093,Alexandria,0,5065,3751.0
Alexandria_y2020_1.tif,476,0.0,0.0,Alexandria,0,5042,3751.0
Alexandria_y2020_1.tif,438,0.0,0.0,Alexandria,1,5060,3751.0
Alexandria_y2020_1.tif,184,0.0,0.0,Alexandria,0,5040,3751.0
Alexandria_y2020_1.tif,1291,0.0,0.0,Alexandria,0,5074,3751.0
Alexandria_y2020_1.tif,284,0.0,0.0,Alexandria,0,5049,3751.0
Alexandria_y2020_1.tif,210,0.0,0.0,Alexandria,0,5048,3751.0
Alexandria_y2020_1.tif,274,0.0,0.0,Alexandria,0,5039,3751.0
Alexandria_y2020_1.tif,289,0.0,0.020121107266435984,Alexandria,0,5066,3751.0
Alexandria_y2020_1.tif,1112,0.2697841726618705,0.1497571942446043,Alexandria,0,5064,3751.0
Alexandria_y2020_1.tif,520,0.0,0.017346153846153848,Alexandria,1,5079,3751.0
Alexandria_y2020_1.tif,3333,0.0,0.022590759075907595,Alexandria,0,5116,3751.0
Alexandria_y2020_1.tif,184,0.0,0.022146739130434783,Alexandria,0,5069,3751.0
Alexandria_y2020_1.tif,271,0.0,0.017749077490774905,Alexandria,0,5073,3751.0
Alexandria_y2020_1.tif,408,0.0,0.024754901960784313,Alexandria,1,5077,3751.0
Alexandria_y2020_1.tif,395,0.0,0.02558227848101266,Alexandria,1,5076,3751.0
Alexandria_y2020_1.tif,320,0.0,0.052203124999999996,Alexandria,0,5078,3751.0
Alexandria_y2020_1.tif,576,0.0,0.019696180555555557,Alexandria,0,5092,3751.0
Alexandria_y2020_1.tif,328,0.0,0.0,Alexandria,0,5055,3751.0
Alexandria_y2020_1.tif,185,0.0,0.0,Alexandria,0,5057,3751.0
Alexandria_y2020_1.tif,661,0.0,0.0,Alexandria,0,5062,3751.0
Alexandria_y2020_1.tif,156,0.0,0.0,Alexandria,0,5067,3751.0
Alexandria_y2020_1.tif,277,0.0,0.0,Alexandria,0,5075,3751.0
Alexandria_y2020_1.tif,184,0.0,0.0,Alexandria,0,5081,3751.0
Alexandria_y2020_1.tif,321,0.0,0.0,Alexandria,0,5096,3751.0
Alexandria_y2020_1.tif,163,0.0,0.0,Alexandria,0,5090,3751.0
Alexandria_y2020_1.tif,262,0.0,0.03772900763358779,Alexandria,1,5082,3751.0
Alexandria_y2020_1.tif,343,0.0,0.06604956268221573,Alexandria,0,5083,3751.0
Alexandria_y2020_1.tif,464,0.0,0.02170258620689655,Alexandria,0,5068,3751.0
Alexandria_y2020_1.tif,486,0.0,0.033878600823045266,Alexandria,1,5080,3751.0
Alexandria_y2020_1.tif,179,0.0,0.01854748603351955,Alexandria,1,5084,3751.0
Alexandria_y2020_1.tif,453,0.0,0.030706401766004424,Alexandria,1,5085,3751.0
Alexandria_y2020_1.tif,350,0.0,0.023514285714285717,Alexandria,1,5088,3751.0
Alexandria_y2020_1.tif,205,0.0,0.019829268292682924,Alexandria,0,5089,3751.0
Alexandria_y2020_1.tif,245,0.0,0.018877551020408164,Alexandria,0,5094,3751.0
Alexandria_y2020_1.tif,204,0.0,0.02477941176470588,Alexandria,1,5091,3751.0
Alexandria_y2020_1.tif,279,0.0,0.016774193548387096,Alexandria,0,5097,3751.0
Alexandria_y2020_1.tif,206,0.0,0.002135922330097088,Alexandria,0,5100,3751.0
Alexandria_y2020_1.tif,185,0.0,0.015054054054054055,Alexandria,0,5093,3751.0
Alexandria_y2020_1.tif,764,0.0,0.021865183246073297,Alexandria,0,5106,3751.0
Alexandria_y2020_1.tif,243,0.0,0.008312757201646091,Alexandria,0,5108,3751.0
Alexandria_y2020_1.tif,192,0.0,0.01875,Alexandria,1,5098,3751.0
Alexandria_y2020_1.tif,214,0.0,0.02161214953271028,Alexandria,1,5101,3751.0
Alexandria_y2020_1.tif,678,0.0,0.08620206489675517,Alexandria,1,5107,3751.0
Alexandria_y2020_1.tif,593,0.0,0.0724451939291737,Alexandria,1,5110,3751.0
Alexandria_y2020_1.tif,192,0.0,0.014583333333333337,Alexandria,0,5109,3751.0
Alexandria_y2020_1.tif,267,0.0,0.0,Alexandria,0,5086,3751.0
Alexandria_y2020_1.tif,1169,0.0,0.0,Alexandria,0,5133,3751.0
Alexandria_y2020_1.tif,1416,0.0,0.0,Alexandria,0,5123,3751.0
Alexandria_y2020_1.tif,404,0.0,0.0,Alexandria,0,5099,3751.0
Alexandria_y2020_1.tif,177,0.0,0.0,Alexandria,0,5103,3751.0
Alexandria_y2020_1.tif,1094,0.0,0.00028336380255941505,Alexandria,0,5142,3751.0
Alexandria_y2020_1.tif,233,0.0,0.0,Alexandria,0,5115,3751.0
Alexandria_y2020_1.tif,246,0.0,0.0,Alexandria,0,5105,3751.0
Alexandria_y2020_1.tif,546,0.0,0.0,Alexandria,0,5136,3751.0
Alexandria_y2020_1.tif,323,0.0,0.00037151702786377707,Alexandria,0,5126,3751.0
Alexandria_y2020_1.tif,188,0.0,0.07731382978723404,Alexandria,0,5114,3751.0
Alexandria_y2020_1.tif,553,0.0,0.03980108499095841,Alexandria,0,5119,3751.0
Alexandria_y2020_1.tif,280,0.0,0.1224107142857143,Alexandria,0,5112,3751.0
Alexandria_y2020_1.tif,215,0.0,0.01586046511627907,Alexandria,1,5113,3751.0
Alexandria_y2020_1.tif,355,0.0,0.015774647887323943,Alexandria,0,5111,3751.0
Alexandria_y2020_1.tif,784,0.0,0.03125637755102041,Alexandria,1,5117,3751.0
Alexandria_y2020_1.tif,448,0.0,0.019073660714285717,Alexandria,0,5125,3751.0
Alexandria_y2020_1.tif,186,0.0,0.03717741935483871,Alexandria,0,5121,3751.0
Alexandria_y2020_1.tif,184,0.0,0.027853260869565223,Alexandria,0,5124,3751.0
Alexandria_y2020_1.tif,518,0.0,0.09666988416988416,Alexandria,1,5134,3751.0
Alexandria_y2020_1.tif,573,0.0,0.015287958115183246,Alexandria,0,5138,3751.0
Alexandria_y2020_1.tif,334,0.0,0.012919161676646706,Alexandria,0,5130,3751.0
Alexandria_y2020_1.tif,380,0.0,0.017499999999999998,Alexandria,1,5122,3751.0
Alexandria_y2020_1.tif,294,0.0,0.017227891156462588,Alexandria,0,5135,3751.0
Alexandria_y2020_1.tif,352,0.0,0.01369318181818182,Alexandria,0,5128,3751.0
Alexandria_y2020_1.tif,1904,0.2415966386554622,0.19032300420168066,Alexandria,1,5156,3751.0
Alexandria_y2020_1.tif,565,0.0,0.019212389380530975,Alexandria,0,5132,3751.0
Alexandria_y2020_1.tif,657,0.2511415525114155,0.17289193302891934,Alexandria,1,5143,3751.0
Alexandria_y2020_1.tif,183,0.0,0.014016393442622949,Alexandria,0,5140,3751.0
Alexandria_y2020_1.tif,283,0.0,0.031431095406360424,Alexandria,0,5141,3751.0
Alexandria_y2020_1.tif,216,0.0,0.014652777777777778,Alexandria,0,5144,3751.0
Alexandria_y2020_1.tif,292,0.0,0.016626712328767126,Alexandria,0,5149,3751.0
Alexandria_y2020_1.tif,256,0.0,0.02001953125,Alexandria,0,5145,3751.0
Alexandria_y2020_1.tif,278,0.0,0.012553956834532374,Alexandria,1,5153,3751.0
Alexandria_y2020_1.tif,350,0.0,0.015814285714285715,Alexandria,0,5146,3751.0
Alexandria_y2020_1.tif,582,0.0,0.043608247422680414,Alexandria,1,5159,3751.0
Alexandria_y2020_1.tif,253,0.0,0.11047430830039526,Alexandria,1,5155,3751.0
Alexandria_y2020_1.tif,198,0.0,0.014393939393939396,Alexandria,0,5157,3751.0
Alexandria_y2020_1.tif,413,0.0,0.05069007263922519,Alexandria,1,5160,3751.0
Alexandria_y2020_1.tif,1051,0.0,0.024785918173168414,Alexandria,1,5170,3751.0
Alexandria_y2020_1.tif,224,0.0,0.013191964285714288,Alexandria,0,5158,3751.0
Alexandria_y2020_1.tif,638,0.0,0.014976489028213165,Alexandria,1,5165,3751.0
Alexandria_y2020_1.tif,258,0.0,0.008914728682170544,Alexandria,0,5164,3751.0
Alexandria_y2020_1.tif,319,0.0,0.018996865203761756,Alexandria,0,5163,3751.0
Alexandria_y2020_1.tif,3243,0.0,0.032960222016651254,Alexandria,0,5181,3751.0
Alexandria_y2020_1.tif,676,0.08875739644970414,0.14851331360946748,Alexandria,1,5166,3751.0
Alexandria_y2020_1.tif,593,0.0,0.06912310286677908,Alexandria,1,5162,3751.0
Alexandria_y2020_1.tif,1176,0.8945578231292517,0.30858418367346935,Alexandria,1,5173,3751.0
Alexandria_y2020_1.tif,401,0.0,0.014837905236907733,Alexandria,0,5168,3751.0
Alexandria_y2020_1.tif,222,0.0,0.01754504504504504,Alexandria,0,5167,3751.0
Alexandria_y2020_1.tif,140,0.0,0.0,Alexandria,0,5151,3751.0
Alexandria_y2020_1.tif,213,0.0,0.0,Alexandria,0,5154,3751.0
Alexandria_y2020_1.tif,442,0.0,0.0028959276018099547,Alexandria,0,5172,3751.0
Alexandria_y2020_1.tif,607,0.0,0.05607084019769357,Alexandria,1,5178,3751.0
Alexandria_y2020_1.tif,690,0.39565217391304347,0.21026811594202896,Alexandria,1,5177,3751.0
Alexandria_y2020_1.tif,401,0.0,0.014912718204488782,Alexandria,0,5175,3751.0
Alexandria_y2020_1.tif,278,0.0,0.016420863309352517,Alexandria,0,5171,3751.0
Alexandria_y2020_1.tif,726,0.0,0.015805785123966944,Alexandria,1,5180,3751.0
Alexandria_y2020_1.tif,472,0.0,0.0444385593220339,Alexandria,1,5176,3751.0
Alexandria_y2020_1.tif,642,0.0,0.016690031152647975,Alexandria,1,5179,3751.0
Alexandria_y2020_1.tif,349,0.0,0.017722063037249287,Alexandria,0,5182,3751.0
Alexandria_y2020_1.tif,493,0.0,0.03796146044624747,Alexandria,0,5186,3751.0
Alexandria_y2020_1.tif,425,0.0,0.02948235294117647,Alexandria,1,5187,3751.0
Alexandria_y2020_1.tif,294,0.0,0.02542517006802721,Alexandria,0,5185,3751.0
Alexandria_y2020_1.tif,259,0.0,0.019285714285714285,Alexandria,0,5184,3751.0
Alexandria_y2020_1.tif,389,0.0,0.01712082262210797,Alexandria,1,5183,3751.0
Alexandria_y2020_1.tif,2069,0.3760270662155631,0.1749250845819236,Alexandria,1,5203,3751.0
Alexandria_y2020_1.tif,787,0.0,0.03014612452350699,Alexandria,1,5189,3751.0
Alexandria_y2020_1.tif,1146,0.0,0.021570680628272252,Alexandria,0,5188,3751.0
Alexandria_y2020_1.tif,1098,0.23132969034608378,0.16694444444444445,Alexandria,1,5190,3751.0
Alexandria_y2020_1.tif,1878,0.0005324813631522897,0.04247603833865815,Alexandria,0,5206,3751.0
Alexandria_y2020_1.tif,366,0.0,0.016338797814207648,Alexandria,0,5191,3751.0
Alexandria_y2020_1.tif,489,0.0,0.01853783231083845,Alexandria,1,5196,3751.0
Alexandria_y2020_1.tif,418,0.0,0.01897129186602871,Alexandria,1,5192,3751.0
Alexandria_y2020_1.tif,300,0.0,0.016483333333333336,Alexandria,1,5195,3751.0
Alexandria_y2020_1.tif,433,0.0,0.018983833718244802,Alexandria,0,5197,3751.0
Alexandria_y2020_1.tif,291,0.0,0.015000000000000001,Alexandria,0,5200,3751.0
Alexandria_y2020_1.tif,231,0.0,0.019134199134199135,Alexandria,0,5198,3751.0
Alexandria_y2020_1.tif,907,0.0,0.030909592061742007,Alexandria,1,5199,3751.0
Alexandria_y2020_1.tif,225,0.0,0.014222222222222225,Alexandria,0,5202,3751.0
Alexandria_y2020_1.tif,328,0.0,0.019375,Alexandria,0,5204,3751.0
Alexandria_y2020_1.tif,215,0.0,0.014999999999999998,Alexandria,0,5205,3751.0
Alexandria_y2020_1.tif,216,0.0,0.018009259259259256,Alexandria,0,5207,3751.0
Alexandria_y2020_1.tif,241,0.0,0.013402489626556019,Alexandria,0,5208,3751.0
Alexandria_y2020_1.tif,1026,0.0,0.02494639376218324,Alexandria,1,5212,3751.0
Alexandria_y2020_1.tif,921,0.0,0.018165038002171553,Alexandria,0,5209,3751.0
Alexandria_y2020_1.tif,575,0.0,0.017730434782608696,Alexandria,0,5213,3751.0
Alexandria_y2020_1.tif,176,0.0,0.05508522727272727,Alexandria,1,5210,3751.0
Alexandria_y2020_1.tif,645,0.0,0.055472868217054265,Alexandria,1,5211,3751.0
Alexandria_y2020_1.tif,749,0.0,0.019779706275033376,Alexandria,1,5215,3751.0
Alexandria_y2020_1.tif,586,0.03754266211604096,0.10281569965870307,Alexandria,0,5217,3751.0
Alexandria_y2020_1.tif,210,0.0,0.03321428571428571,Alexandria,1,5214,3751.0
Alexandria_y2020_1.tif,414,0.0,0.015567632850241545,Alexandria,0,5216,3751.0
Alexandria_y2020_1.tif,506,0.0,0.06202569169960474,Alexandria,0,4930,3751.0
Alexandria_y2020_1.tif,7599,0.04526911435715226,0.04826161337018029,Alexandria,0,5020,3751.0
Alexandria_y2020_1.tif,382,0.0,0.050497382198952875,Alexandria,1,4939,3751.0
Alexandria_y2020_1.tif,982,0.8635437881873728,0.27914969450101834,Alexandria,1,4931,3751.0
Alexandria_y2020_1.tif,1048,0.9274809160305344,0.328587786259542,Alexandria,0,4951,3751.0
Alexandria_y2020_1.tif,18719,0.06004594262514023,0.03801698808697046,Alexandria,0,5087,3751.0
Alexandria_y2020_1.tif,531,0.0,0.062222222222222234,Alexandria,1,4943,3751.0
Alexandria_y2020_1.tif,536,0.9682835820895522,0.27824626865671637,Alexandria,0,4961,3751.0
Alexandria_y2020_1.tif,91221,0.04234770502406244,0.030899628375045222,Alexandria,0,5251,3751.0
Alexandria_y2020_1.tif,1038,0.0,0.03758670520231214,Alexandria,0,4976,3751.0
Alexandria_y2020_1.tif,7517,0.1339630171611015,0.06089131302381269,Alexandria,0,5061,3751.0
Alexandria_y2020_1.tif,894,0.5805369127516778,0.18682885906040272,Alexandria,0,5070,3751.0
Alexandria_y2020_1.tif,4631,0.0,0.025152234938458213,Alexandria,0,5131,3751.0
Alexandria_y2020_1.tif,9247,0.014707472693846653,0.041985508813669296,Alexandria,0,5201,3751.0
Alexandria_y2020_1.tif,283,0.0,0.023427561837455826,Alexandria,0,5095,3751.0
Alexandria_y2020_1.tif,2757,0.06891548784911135,0.039328980776206016,Alexandria,0,5127,3751.0
Alexandria_y2020_1.tif,208,0.0,0.024182692307692308,Alexandria,0,5104,3751.0
Alexandria_y2020_1.tif,244,0.0,0.029282786885245906,Alexandria,0,5120,3751.0
Alexandria_y2020_1.tif,214,0.0,0.023808411214953275,Alexandria,0,5118,3751.0
Alexandria_y2020_1.tif,187,0.0,0.034465240641711234,Alexandria,0,5129,3751.0
Alexandria_y2020_1.tif,464,0.0,0.027155172413793113,Alexandria,1,5137,3751.0
Alexandria_y2020_1.tif,35034,0.009447964834161101,0.032990238054461385,Alexandria,0,5194,3751.0
Alexandria_y2020_1.tif,1068,0.11235955056179775,0.08256554307116105,Alexandria,0,5152,3751.0
Alexandria_y2020_1.tif,203,0.0,0.03687192118226602,Alexandria,0,5139,3751.0
Alexandria_y2020_1.tif,1115,0.12197309417040358,0.08431838565022423,Alexandria,0,5147,3751.0
Alexandria_y2020_1.tif,13775,0.0,0.018572776769509983,Alexandria,0,5219,3751.0
Alexandria_y2020_1.tif,4011,0.0017452006980802793,0.021765145848915486,Alexandria,0,5174,3751.0
Alexandria_y2020_1.tif,291,0.0,0.04307560137457045,Alexandria,0,5148,3751.0
Alexandria_y2020_1.tif,275,0.0,0.03790909090909091,Alexandria,0,5150,3751.0
Alexandria_y2020_1.tif,13885,0.042851998559596684,0.040996759092545916,Alexandria,0,5233,3751.0
Alexandria_y2020_1.tif,360,0.0,0.049569444444444444,Alexandria,0,5161,3751.0
Alexandria_y2020_1.tif,20872,0.0125047911077041,0.025662610195477196,Alexandria,0,5193,3751.0
Alexandria_y2020_1.tif,37360,0.00069593147751606,0.020683083511777303,Alexandria,0,5307,3751.0
Alexandria_y2020_1.tif,5267,0.2263147902031517,0.09115056009113347,Alexandria,0,5238,3751.0
Alexandria_y2020_1.tif,9047,0.10412291367304079,0.06720901956449651,Alexandria,0,5272,3751.0
Alexandria_y2020_1.tif,32011,0.02164880822217363,0.03397441504482834,Alexandria,0,5306,3751.0
Alexandria_y2020_1.tif,254,0.0,0.02429133858267717,Alexandria,0,5224,3751.0
Alexandria_y2020_1.tif,979,0.0,0.029019407558733404,Alexandria,0,5221,3751.0
Alexandria_y2020_1.tif,6594,0.0,0.023411434637549286,Alexandria,0,5287,3751.0
Alexandria_y2020_1.tif,184,0.0,0.017798913043478262,Alexandria,0,5241,3751.0
Alexandria_y2020_1.tif,288,0.0,0.02190972222222222,Alexandria,0,5245,3751.0
Alexandria_y2020_1.tif,395,0.0,0.01741772151898734,Alexandria,0,5243,3751.0
Alexandria_y2020_1.tif,29663,0.011091258470147997,0.02261908775241884,Alexandria,0,5329,3751.0
Alexandria_y2020_1.tif,5528,0.5108538350217077,0.21009587554269177,Alexandria,0,5283,3751.0
Alexandria_y2020_1.tif,195,0.0,0.022282051282051286,Alexandria,0,5252,3751.0
Alexandria_y2020_1.tif,10388,0.1836734693877551,0.08989747785906815,Alexandria,0,5316,3751.0
Alexandria_y2020_1.tif,201,0.0,0.02004975124378109,Alexandria,0,5257,3751.0
Alexandria_y2020_1.tif,592,0.3310810810810811,0.16733952702702704,Alexandria,1,5249,3751.0
Alexandria_y2020_1.tif,11833,0.025521845685793965,0.04892757542465985,Alexandria,0,5305,3751.0
Alexandria_y2020_1.tif,7832,0.0734167517875383,0.04867786006128703,Alexandria,0,5313,3751.0
Alexandria_y2020_1.tif,18635,0.15878722833378053,0.07612825328682588,Alexandria,0,5330,3751.0
Alexandria_y2020_1.tif,561,0.0,0.022219251336898397,Alexandria,0,5278,3751.0
Alexandria_y2020_1.tif,970,0.0,0.09779381443298968,Alexandria,1,5286,3751.0
Alexandria_y2020_1.tif,1236,0.04773462783171521,0.11063106796116505,Alexandria,1,5294,3751.0
Alexandria_y2020_1.tif,585,0.0,0.10850427350427351,Alexandria,1,5289,3751.0
Alexandria_y2020_1.tif,4447,0.5952327411738251,0.2276017539914549,Alexandria,0,5309,3751.0
Alexandria_y2020_1.tif,371,0.0,0.04030997304582211,Alexandria,1,5296,3751.0
Alexandria_y2020_1.tif,1563,0.03966730646193218,0.07570697376839411,Alexandria,0,5315,3751.0
Alexandria_y2020_1.tif,404,0.0,0.03050742574257426,Alexandria,1,5300,3751.0
Alexandria_y2020_1.tif,608,0.046052631578947366,0.09999999999999999,Alexandria,0,5298,3751.0
Alexandria_y2020_1.tif,1923,0.0,0.034672386895475825,Alexandria,0,5327,3751.0
Alexandria_y2020_1.tif,8466,0.011339475549255847,0.02480923694779117,Alexandria,0,5337,3751.0
Alexandria_y2020_1.tif,6339,0.0,0.021072724404480204,Alexandria,0,5335,3751.0
Alexandria_y2020_1.tif,715,0.0,0.0479090909090909,Alexandria,0,5331,3751.0
Alexandria_y2020_1.tif,8949,0.03296457704771483,0.04343669683763549,Alexandria,0,5339,3751.0
Alexandria_y2020_1.tif,584,0.04965753424657534,0.12196917808219176,Alexandria,1,5332,3751.0
Alexandria_y2020_1.tif,6800,0.09941176470588235,0.057679411764705875,Alexandria,0,5338,3751.0
Alexandria_y2020_1.tif,440,0.0,0.02515909090909091,Alexandria,0,5334,3751.0
Alexandria_y2020_1.tif,2337,0.20753102267864784,0.10055198973042362,Alexandria,0,5340,3751.0
Alexandria_y2020_1.tif,11429,0.11838306063522618,0.07051535567416221,Alexandria,0,5347,3751.0
Alexandria_y2020_1.tif,59086,0.04248045222218461,0.03646430626544359,Alexandria,0,5381,3751.0
Alexandria_y2020_1.tif,1130,0.0,0.015734513274336285,Alexandria,0,5342,3751.0
Alexandria_y2020_1.tif,345,0.0,0.017782608695652173,Alexandria,0,5341,3751.0
Alexandria_y2020_1.tif,1440,0.0,0.02662152777777778,Alexandria,0,5343,3751.0
Alexandria_y2020_1.tif,1759,0.0,0.016859010801591814,Alexandria,0,5344,3751.0
Alexandria_y2020_1.tif,1808,0.0,0.029980641592920357,Alexandria,0,5348,3751.0
Alexandria_y2020_1.tif,1476,0.0,0.02261178861788618,Alexandria,0,5350,3751.0
Alexandria_y2020_1.tif,787,0.0,0.033418043202033045,Alexandria,0,5345,3751.0
Alexandria_y2020_1.tif,201,0.0,0.02104477611940298,Alexandria,0,5346,3751.0
Alexandria_y2020_1.tif,21418,0.040526659818843964,0.040521057054813715,Alexandria,0,5378,3751.0
Alexandria_y2020_1.tif,391,0.0,0.059616368286445016,Alexandria,1,5349,3751.0
Alexandria_y2020_1.tif,1577,0.0,0.03115726062143311,Alexandria,0,5352,3751.0
Alexandria_y2020_1.tif,827,0.0,0.03385731559854897,Alexandria,0,5351,3751.0
Alexandria_y2020_1.tif,55959,0.07593059204060115,0.054812273271502364,Alexandria,0,5392,3751.0
Alexandria_y2020_1.tif,753,0.0,0.04399070385126162,Alexandria,0,5354,3751.0
Alexandria_y2020_1.tif,643,0.0,0.04089424572317263,Alexandria,0,5353,3751.0
Alexandria_y2020_1.tif,1368,0.14839181286549707,0.10126827485380119,Alexandria,0,5357,3751.0
Alexandria_y2020_1.tif,708,0.0,0.03253531073446328,Alexandria,0,5356,3751.0
Alexandria_y2020_1.tif,2367,0.17194761301225178,0.1073764258555133,Alexandria,0,5361,3751.0
Alexandria_y2020_1.tif,439,0.4031890660592255,0.14958997722095677,Alexandria,0,5355,3751.0
Alexandria_y2020_1.tif,461,0.0,0.04176789587852493,Alexandria,0,5218,3751.0
Alexandria_y2020_1.tif,2044,0.0,0.01706457925636008,Alexandria,0,5240,3751.0
Alexandria_y2020_1.tif,813,0.02706027060270603,0.09130996309963099,Alexandria,1,5225,3751.0
Alexandria_y2020_1.tif,554,0.0,0.02003610108303249,Alexandria,0,5220,3751.0
Alexandria_y2020_1.tif,212,0.0,0.01650943396226415,Alexandria,1,5223,3751.0
Alexandria_y2020_1.tif,2566,0.0,0.024179657053780203,Alexandria,0,5236,3751.0
Alexandria_y2020_1.tif,478,0.014644351464435146,0.08217573221757322,Alexandria,1,5222,3751.0
Alexandria_y2020_1.tif,448,0.0,0.01743303571428571,Alexandria,0,5228,3751.0
Alexandria_y2020_1.tif,192,0.0,0.015078125000000003,Alexandria,0,5227,3751.0
Alexandria_y2020_1.tif,415,0.0,0.01430120481927711,Alexandria,0,5231,3751.0
Alexandria_y2020_1.tif,212,0.0,0.022547169811320752,Alexandria,0,5226,3751.0
Alexandria_y2020_1.tif,468,0.0,0.020854700854700856,Alexandria,1,5230,3751.0
Alexandria_y2020_1.tif,443,0.0,0.029627539503386004,Alexandria,0,5232,3751.0
Alexandria_y2020_1.tif,130,0.0,0.016923076923076926,Alexandria,0,5229,3751.0
Alexandria_y2020_1.tif,168,0.0,0.015148809523809523,Alexandria,0,5234,3751.0
Alexandria_y2020_1.tif,945,0.0,0.014984126984126983,Alexandria,0,5246,3751.0
Alexandria_y2020_1.tif,247,0.0,0.015506072874493931,Alexandria,0,5237,3751.0
Alexandria_y2020_1.tif,179,0.0,0.042094972067039105,Alexandria,0,5235,3751.0
Alexandria_y2020_1.tif,424,0.0,0.016273584905660377,Alexandria,0,5239,3751.0
Alexandria_y2020_1.tif,353,0.0,0.013541076487252123,Alexandria,0,5242,3751.0
Alexandria_y2020_1.tif,226,0.0,0.023893805309734516,Alexandria,0,5244,3751.0
Alexandria_y2020_1.tif,811,0.0,0.030548705302096177,Alexandria,0,5247,3751.0
Alexandria_y2020_1.tif,657,0.0,0.013028919330289193,Alexandria,0,5258,3751.0
Alexandria_y2020_1.tif,267,0.0,0.024213483146067416,Alexandria,0,5248,3751.0
Alexandria_y2020_1.tif,531,0.0,0.016337099811676085,Alexandria,0,5255,3751.0
Alexandria_y2020_1.tif,536,0.0,0.016231343283582087,Alexandria,1,5253,3751.0
Alexandria_y2020_1.tif,366,0.0,0.018989071038251364,Alexandria,0,5250,3751.0
Alexandria_y2020_1.tif,1330,0.0,0.025157894736842105,Alexandria,0,5267,3751.0
Alexandria_y2020_1.tif,956,0.0,0.01731694560669456,Alexandria,0,5263,3751.0
Alexandria_y2020_1.tif,454,0.0,0.03885462555066079,Alexandria,1,5261,3751.0
Alexandria_y2020_1.tif,279,0.0,0.018440860215053763,Alexandria,0,5260,3751.0
Alexandria_y2020_1.tif,312,0.0,0.02155448717948718,Alexandria,0,5259,3751.0
Alexandria_y2020_1.tif,159,0.0,0.019182389937106917,Alexandria,0,5254,3751.0
Alexandria_y2020_1.tif,431,0.0,0.013642691415313227,Alexandria,1,5264,3751.0
Alexandria_y2020_1.tif,420,0.0,0.02235714285714286,Alexandria,0,5256,3751.0
Alexandria_y2020_1.tif,324,0.0,0.017854938271604937,Alexandria,0,5266,3751.0
Alexandria_y2020_1.tif,288,0.0,0.0175,Alexandria,0,5262,3751.0
Alexandria_y2020_1.tif,392,0.0,0.01177295918367347,Alexandria,0,5268,3751.0
Alexandria_y2020_1.tif,631,0.0,0.026386687797147382,Alexandria,0,5269,3751.0
Alexandria_y2020_1.tif,210,0.0,0.017261904761904763,Alexandria,0,5270,3751.0
Alexandria_y2020_1.tif,519,0.0,0.021724470134874763,Alexandria,0,5271,3751.0
Alexandria_y2020_1.tif,778,0.0,0.018676092544987147,Alexandria,1,5282,3751.0
Alexandria_y2020_1.tif,289,0.0,0.01306228373702422,Alexandria,0,5273,3751.0
Alexandria_y2020_1.tif,185,0.0,0.021783783783783782,Alexandria,0,5265,3751.0
Alexandria_y2020_1.tif,304,0.0,0.01363486842105263,Alexandria,0,5275,3751.0
Alexandria_y2020_1.tif,250,0.0,0.016439999999999996,Alexandria,1,5276,3751.0
Alexandria_y2020_1.tif,174,0.0,0.011063218390804597,Alexandria,0,5274,3751.0
Alexandria_y2020_1.tif,519,0.0,0.025645472061657036,Alexandria,1,5277,3751.0
Alexandria_y2020_1.tif,203,0.0,0.018891625615763546,Alexandria,1,5280,3751.0
Alexandria_y2020_1.tif,682,0.0,0.023790322580645163,Alexandria,1,5279,3751.0
Alexandria_y2020_1.tif,418,0.0,0.0389354066985646,Alexandria,1,5288,3751.0
Alexandria_y2020_1.tif,451,0.0,0.018481152993348116,Alexandria,0,5284,3751.0
Alexandria_y2020_1.tif,253,0.0,0.0108300395256917,Alexandria,0,5281,3751.0
Alexandria_y2020_1.tif,619,0.0,0.014256865912762519,Alexandria,0,5290,3751.0
Alexandria_y2020_1.tif,335,0.0,0.01953731343283582,Alexandria,1,5285,3751.0
Alexandria_y2020_1.tif,661,0.0,0.020582450832072614,Alexandria,1,5301,3751.0
Alexandria_y2020_1.tif,1175,0.0,0.0783531914893617,Alexandria,1,5303,3751.0
Alexandria_y2020_1.tif,260,0.0,0.0275,Alexandria,1,5293,3751.0
Alexandria_y2020_1.tif,157,0.0,0.017770700636942673,Alexandria,1,5292,3751.0
Alexandria_y2020_1.tif,380,0.0,0.01781578947368421,Alexandria,1,5299,3751.0
Alexandria_y2020_1.tif,692,0.0,0.0714450867052023,Alexandria,1,5291,3751.0
Alexandria_y2020_1.tif,205,0.0,0.015756097560975613,Alexandria,1,5295,3751.0
Alexandria_y2020_1.tif,746,0.0,0.014865951742627347,Alexandria,0,5311,3751.0
Alexandria_y2020_1.tif,277,0.0,0.02546931407942238,Alexandria,0,5304,3751.0
Alexandria_y2020_1.tif,440,0.0,0.013340909090909093,Alexandria,1,5297,3751.0
Alexandria_y2020_1.tif,192,0.0,0.020338541666666668,Alexandria,0,5310,3751.0
Alexandria_y2020_1.tif,2943,0.0,0.03253143051308189,Alexandria,1,5324,3751.0
Alexandria_y2020_1.tif,326,0.0,0.0714723926380368,Alexandria,1,5314,3751.0
Alexandria_y2020_1.tif,334,0.0,0.01597305389221557,Alexandria,0,5317,3751.0
Alexandria_y2020_1.tif,343,0.0,0.018950437317784258,Alexandria,0,5320,3751.0
Alexandria_y2020_1.tif,221,0.0,0.02819004524886878,Alexandria,0,5308,3751.0
Alexandria_y2020_1.tif,274,0.0,0.03171532846715329,Alexandria,1,5302,3751.0
Alexandria_y2020_1.tif,640,1.0,0.37574218750000005,Alexandria,1,5312,3751.0
Alexandria_y2020_1.tif,3473,0.7022746904693349,0.24151166138784913,Alexandria,0,5323,3751.0
Alexandria_y2020_1.tif,3151,0.40653760710885434,0.1623770231672485,Alexandria,0,5318,3751.0
Alexandria_y2020_1.tif,1578,0.0,0.03133713561470216,Alexandria,1,5321,3751.0
Alexandria_y2020_1.tif,9347,0.1070931849791377,0.058363111158660545,Alexandria,0,5336,3751.0
Alexandria_y2020_1.tif,901,0.9655937846836848,0.3461154273029967,Alexandria,0,5322,3751.0
Alexandria_y2020_1.tif,3224,0.6364764267990074,0.21774968982630272,Alexandria,0,5333,3751.0
Alexandria_y2020_1.tif,410,0.0,0.03842682926829268,Alexandria,0,5325,3751.0
Alexandria_y2020_1.tif,951,0.0,0.02596740273396425,Alexandria,0,5326,3751.0
Alexandria_y2020_1.tif,622,0.0,0.038046623794212225,Alexandria,1,5319,3751.0
Alexandria_y2020_1.tif,911,0.0,0.053540065861690446,Alexandria,1,5328,3751.0
Alexandria_y2020_1.tif,408,0.0,0.026507352941176475,Alexandria,0,5358,3751.0
Alexandria_y2020_1.tif,513,0.6432748538011696,0.21398635477582847,Alexandria,0,5362,3751.0
Alexandria_y2020_1.tif,402,0.9601990049751243,0.23756218905472637,Alexandria,0,5359,3751.0
Alexandria_y2020_1.tif,4317,0.0,0.01911165160991429,Alexandria,0,5380,3751.0
Alexandria_y2020_1.tif,399,0.12280701754385964,0.1024812030075188,Alexandria,0,5360,3751.0
Alexandria_y2020_1.tif,524,0.6374045801526718,0.19891221374045803,Alexandria,0,5364,3751.0
Alexandria_y2020_1.tif,492,0.01016260162601626,0.05526422764227642,Alexandria,0,5363,3751.0
Alexandria_y2020_1.tif,580,0.1310344827586207,0.12687068965517243,Alexandria,0,5365,3751.0
Alexandria_y2020_1.tif,590,0.001694915254237288,0.10872033898305086,Alexandria,0,5367,3751.0
Alexandria_y2020_1.tif,720,0.46111111111111114,0.18717361111111114,Alexandria,0,5366,3751.0
Alexandria_y2020_1.tif,808,0.5297029702970297,0.1959591584158416,Alexandria,0,5368,3751.0
Alexandria_y2020_1.tif,494,0.0,0.09961538461538462,Alexandria,0,5369,3751.0
Alexandria_y2020_1.tif,825,0.01090909090909091,0.10576363636363635,Alexandria,0,5370,3751.0
Alexandria_y2020_1.tif,522,0.6724137931034483,0.2110727969348659,Alexandria,0,5372,3751.0
Alexandria_y2020_1.tif,616,0.4935064935064935,0.1712824675324675,Alexandria,0,5371,3751.0
Alexandria_y2020_1.tif,545,0.9302752293577982,0.2475688073394495,Alexandria,0,5373,3751.0
Alexandria_y2020_1.tif,655,0.8061068702290076,0.22685496183206108,Alexandria,0,5374,3751.0
Alexandria_y2020_1.tif,536,0.9235074626865671,0.2622761194029851,Alexandria,0,5375,3751.0
Alexandria_y2020_1.tif,537,0.9236499068901304,0.27916201117318434,Alexandria,0,5377,3751.0
Alexandria_y2020_1.tif,724,0.7693370165745856,0.2060013812154696,Alexandria,0,5376,3751.0
Alexandria_y2020_1.tif,6157,0.03475718694169238,0.057163391261978246,Alexandria,0,5379,3751.0
Alexandria_y2020_1.tif,5784,0.11272475795297372,0.06750345781466113,Alexandria,0,5382,3751.0
Alexandria_y2020_1.tif,8328,0.010566762728146013,0.042561839577329494,Alexandria,0,5406,3751.0
Alexandria_y2020_1.tif,1225,0.3746938775510204,0.15982448979591835,Alexandria,0,5383,3751.0
Alexandria_y2020_1.tif,1479,0.6247464503042597,0.23553414469235973,Alexandria,1,5384,3751.0
Alexandria_y2020_1.tif,1448,0.56146408839779,0.2012776243093923,Alexandria,0,5388,3751.0
Alexandria_y2020_1.tif,1308,0.11926605504587157,0.15744648318042814,Alexandria,1,5386,3751.0
Alexandria_y2020_1.tif,852,0.0,0.05573943661971832,Alexandria,1,5385,3751.0
Alexandria_y2020_1.tif,354,0.0,0.06189265536723163,Alexandria,1,5387,3751.0
Alexandria_y2020_1.tif,952,0.0,0.07776785714285714,Alexandria,1,5389,3751.0
Alexandria_y2020_1.tif,492,0.17886178861788618,0.12397357723577235,Alexandria,0,5391,3751.0
Alexandria_y2020_1.tif,3901,0.051012560881825174,0.0611086900794668,Alexandria,0,5402,3751.0
Alexandria_y2020_1.tif,702,0.0,0.045868945868945875,Alexandria,0,5390,3751.0
Alexandria_y2020_1.tif,932,0.004291845493562232,0.10507510729613734,Alexandria,1,5396,3751.0
Alexandria_y2020_1.tif,592,0.0,0.042685810810810805,Alexandria,1,5393,3751.0
Alexandria_y2020_1.tif,734,0.0027247956403269754,0.16197547683923705,Alexandria,1,5394,3751.0
Alexandria_y2020_1.tif,2833,0.0,0.020709495234733498,Alexandria,0,5401,3751.0
Alexandria_y2020_1.tif,1194,0.0,0.0823785594639866,Alexandria,1,5400,3751.0
Alexandria_y2020_1.tif,849,0.0,0.03836866902237927,Alexandria,0,5395,3751.0
Alexandria_y2020_1.tif,375,0.0,0.038586666666666665,Alexandria,1,5399,3751.0
Alexandria_y2020_1.tif,463,0.02159827213822894,0.09071274298056156,Alexandria,1,5398,3751.0
Alexandria_y2020_1.tif,603,0.0,0.06131840796019901,Alexandria,1,5397,3751.0
Alexandria_y2020_1.tif,1316,0.0,0.038993161094224925,Alexandria,0,5403,3751.0
Alexandria_y2020_1.tif,436,0.0,0.05184633027522935,Alexandria,1,5405,3751.0
Alexandria_y2020_1.tif,564,0.0,0.03931737588652482,Alexandria,1,5404,3751.0
Alexandria_y2020_1.tif,588,0.0,0.08091836734693877,Alexandria,1,5407,3751.0
Alexandria_y2020_1.tif,833,0.0,0.05869747899159664,Alexandria,0,5408,3751.0
Alexandria_y2020_1.tif,957,0.0,0.06450888192267502,Alexandria,1,5410,3751.0
Alexandria_y2020_1.tif,667,0.0,0.0464167916041979,Alexandria,1,5411,3751.0
Alexandria_y2020_1.tif,434,0.0,0.046601382488479275,Alexandria,1,5412,3751.0
Alexandria_y2020_1.tif,702,0.0,0.027371794871794877,Alexandria,0,5409,3751.0
Alexandria_y2020_1.tif,1970,0.0,0.038248730964467015,Alexandria,0,5413,3751.0
Alexandria_y2020_1.tif,1369,0.0,0.027837837837837838,Alexandria,0,5414,3751.0
Alexandria_y2020_1.tif,517,0.0,0.07854932301740812,Alexandria,1,5416,3751.0
Alexandria_y2020_1.tif,828,0.0,0.03516908212560387,Alexandria,0,5415,3751.0
Alexandria_y2020_1.tif,628,0.0,0.0728343949044586,Alexandria,1,5423,3751.0
Alexandria_y2020_1.tif,583,0.0,0.017427101200686107,Alexandria,1,5420,3751.0
Alexandria_y2020_1.tif,276,0.0,0.026177536231884055,Alexandria,0,5418,3751.0
Alexandria_y2020_1.tif,234,0.0,0.024423076923076922,Alexandria,1,5421,3751.0
Alexandria_y2020_1.tif,558,0.0,0.029471326164874554,Alexandria,1,5424,3751.0
Alexandria_y2020_1.tif,1223,0.4660670482420278,0.17288225674570729,Alexandria,0,5417,3751.0
Alexandria_y2020_1.tif,799,0.0,0.02528785982478098,Alexandria,0,5425,3751.0
Alexandria_y2020_1.tif,300,0.0,0.024949999999999996,Alexandria,1,5419,3751.0
Alexandria_y2020_1.tif,522,0.011494252873563218,0.1553256704980843,Alexandria,1,5422,3751.0
Alexandria_y2020_1.tif,1313,0.0,0.021580350342726574,Alexandria,0,5433,3751.0
Alexandria_y2020_1.tif,1149,0.0,0.01818537859007833,Alexandria,0,5429,3751.0
Alexandria_y2020_1.tif,365,0.0,0.02323287671232877,Alexandria,0,5426,3751.0
Alexandria_y2020_1.tif,445,0.0,0.021977528089887642,Alexandria,1,5428,3751.0
Alexandria_y2020_1.tif,649,0.0,0.017419106317411403,Alexandria,0,5427,3751.0
Alexandria_y2020_1.tif,469,0.0,0.04313432835820896,Alexandria,0,5430,3751.0
Alexandria_y2020_1.tif,437,0.006864988558352402,0.1549313501144165,Alexandria,1,5431,3751.0
Alexandria_y2020_1.tif,329,0.0,0.017917933130699087,Alexandria,0,5436,3751.0
Alexandria_y2020_1.tif,754,0.13395225464190982,0.0776525198938992,Alexandria,0,5439,3751.0
Alexandria_y2020_1.tif,644,0.0,0.017732919254658384,Alexandria,0,5440,3751.0
Alexandria_y2020_1.tif,359,0.0,0.022089136490250696,Alexandria,1,5434,3751.0
Alexandria_y2020_1.tif,747,0.0,0.018400267737617135,Alexandria,1,5435,3751.0
Alexandria_y2020_1.tif,1791,0.9843662758235623,0.3394695700725851,Alexandria,0,5437,3751.0
Alexandria_y2020_1.tif,768,0.0,0.06074218750000001,Alexandria,1,5432,3751.0
Alexandria_y2020_1.tif,659,0.0,0.022314112291350528,Alexandria,1,5443,3751.0
Alexandria_y2020_1.tif,396,0.0,0.018838383838383835,Alexandria,0,5438,3751.0
Alexandria_y2020_1.tif,404,0.0,0.018799504950495045,Alexandria,0,5441,3751.0
Alexandria_y2020_1.tif,1825,0.0,0.024649315068493157,Alexandria,0,5445,3751.0
Alexandria_y2020_1.tif,301,0.0,0.022358803986710963,Alexandria,1,5442,3751.0
Alexandria_y2020_1.tif,1440,0.8993055555555556,0.28820833333333334,Alexandria,0,5450,3751.0
Alexandria_y2020_1.tif,383,0.0,0.018864229765013053,Alexandria,1,5447,3751.0
Alexandria_y2020_1.tif,384,0.0,0.020156249999999997,Alexandria,0,5444,3751.0
Alexandria_y2020_1.tif,766,0.0,0.021684073107049607,Alexandria,0,5452,3751.0
Alexandria_y2020_1.tif,256,0.0,0.023164062500000006,Alexandria,1,5448,3751.0
Alexandria_y2020_1.tif,562,0.0,0.0348932384341637,Alexandria,1,5446,3751.0
Alexandria_y2020_1.tif,438,0.0,0.02023972602739726,Alexandria,1,5451,3751.0
Alexandria_y2020_1.tif,415,0.0,0.021493975903614453,Alexandria,0,5455,3751.0
Alexandria_y2020_1.tif,2320,0.6620689655172414,0.21209051724137934,Alexandria,0,5460,3751.0
Alexandria_y2020_1.tif,764,0.0,0.01575916230366492,Alexandria,1,5449,3751.0
Alexandria_y2020_1.tif,217,0.0,0.02981566820276499,Alexandria,0,5454,3751.0
Alexandria_y2020_1.tif,320,0.0,0.017812500000000002,Alexandria,1,5457,3751.0
Alexandria_y2020_1.tif,1028,0.0,0.0719941634241245,Alexandria,1,5453,3751.0
Alexandria_y2020_1.tif,1077,0.0,0.04097957288765089,Alexandria,0,5462,3751.0
Alexandria_y2020_1.tif,300,0.0,0.0296,Alexandria,0,5458,3751.0
Alexandria_y2020_1.tif,673,0.0,0.01837295690936107,Alexandria,0,5456,3751.0
Alexandria_y2020_1.tif,229,0.0,0.021375545851528382,Alexandria,1,5459,3751.0
Alexandria_y2020_1.tif,174,0.0,0.020229885057471263,Alexandria,1,5461,3751.0
Alexandria_y2020_1.tif,2922,0.0,0.02123716632443532,Alexandria,0,5485,3751.0
Alexandria_y2020_1.tif,1163,0.0,0.03658211521926053,Alexandria,0,5465,3751.0
Alexandria_y2020_1.tif,3787,0.015843675732770002,0.029255347240559816,Alexandria,0,5472,3751.0
Alexandria_y2020_1.tif,349,0.0,0.01832378223495702,Alexandria,0,5464,3751.0
Alexandria_y2020_1.tif,198,0.0,0.02396464646464647,Alexandria,1,5463,3751.0
Alexandria_y2020_1.tif,537,0.0,0.019487895716945997,Alexandria,0,5466,3751.0
Alexandria_y2020_1.tif,311,0.0,0.014565916398713824,Alexandria,0,5467,3751.0
Alexandria_y2020_1.tif,645,0.0,0.01706201550387597,Alexandria,0,5471,3751.0
Alexandria_y2020_1.tif,470,0.0,0.024553191489361702,Alexandria,0,5469,3751.0
Alexandria_y2020_1.tif,389,0.0,0.059460154241645254,Alexandria,0,5468,3751.0
Alexandria_y2020_1.tif,299,0.0,0.01698996655518395,Alexandria,0,5470,3751.0
Alexandria_y2020_1.tif,673,0.0,0.018031203566121846,Alexandria,0,5473,3751.0
Alexandria_y2020_1.tif,354,0.0,0.017245762711864406,Alexandria,0,5475,3751.0
Alexandria_y2020_1.tif,639,0.0,0.01742566510172144,Alexandria,1,5474,3751.0
Alexandria_y2020_1.tif,2376,0.35353535353535354,0.13372895622895623,Alexandria,0,5478,3751.0
Alexandria_y2020_1.tif,703,0.0,0.017610241820768136,Alexandria,0,5476,3751.0
Alexandria_y2020_1.tif,347,0.0,0.02576368876080692,Alexandria,0,5477,3751.0
Alexandria_y2020_1.tif,739,0.0,0.021339648173207035,Alexandria,0,5479,3751.0
Alexandria_y2020_1.tif,754,0.0,0.02847480106100796,Alexandria,0,5480,3751.0
Alexandria_y2020_1.tif,7938,0.001889644746787604,0.02733749055177627,Alexandria,0,5484,3751.0
Alexandria_y2020_1.tif,627,0.0,0.026108452950558216,Alexandria,0,5481,3751.0
Alexandria_y2020_1.tif,560,0.0,0.04554464285714285,Alexandria,0,5482,3751.0
Alexandria_y2020_1.tif,559,0.0,0.07271019677996422,Alexandria,0,5483,3751.0
Alexandria_y2020_1.tif,1227,0.0,0.03802363488182559,Alexandria,0,5487,3751.0
Alexandria_y2020_1.tif,384,0.0,0.03279947916666667,Alexandria,0,5486,3751.0
Alexandria_y2020_1.tif,413,0.0,0.07096852300242132,Alexandria,0,5488,3751.0
Alexandria_y2020_1.tif,791,0.0,0.02597345132743363,Alexandria,0,5489,3751.0
Alexandria_y2020_1.tif,323,0.0,0.021934984520123837,Alexandria,0,5490,3751.0
Alexandria_y2020_1.tif,2090,0.0,0.028177033492822974,Alexandria,0,5491,3751.0
Alexandria_y2020_1.tif,1998,0.0,0.026281281281281283,Alexandria,0,5492,3751.0
Alexandria_y2020_1.tif,2496,0.03365384615384615,0.05328926282051283,Alexandria,0,5493,3751.0
Alexandria_y2020_1.tif,1094,0.0,0.024424131627056672,Alexandria,1,5495,3751.0
Alexandria_y2020_1.tif,624,0.0,0.03303685897435897,Alexandria,1,5494,3751.0
Alexandria_y2020_1.tif,665,0.0,0.06164661654135339,Alexandria,1,5497,3751.0
Alexandria_y2020_1.tif,306,0.0,0.050767973856209146,Alexandria,0,5496,3751.0
Alexandria_y2020_1.tif,391,0.0,0.022301790281329927,Alexandria,0,5499,3751.0
Alexandria_y2020_1.tif,235,0.0,0.019085106382978723,Alexandria,0,5498,3751.0
Alexandria_y2020_1.tif,855,0.0,0.028362573099415214,Alexandria,1,5502,3751.0
Alexandria_y2020_1.tif,641,0.0,0.021006240249609984,Alexandria,0,5501,3751.0
Alexandria_y2020_1.tif,797,0.0,0.04961731493099122,Alexandria,1,5500,3751.0
Alexandria_y2020_1.tif,884,0.0,0.03741515837104073,Alexandria,0,5504,3751.0
Alexandria_y2020_1.tif,304,0.0,0.033585526315789475,Alexandria,0,5503,3751.0
Alexandria_y2020_1.tif,908,0.0,0.08317731277533039,Alexandria,1,5505,3751.0
Alexandria_y2020_1.tif,239,0.0,0.061589958158995824,Alexandria,0,5506,3751.0
Alexandria_y2020_1.tif,321,0.0,0.03381619937694704,Alexandria,0,5508,3751.0
Alexandria_y2020_1.tif,380,0.0,0.04563157894736843,Alexandria,1,5507,3751.0
Alexandria_y2020_1.tif,428,0.0,0.09092289719626168,Alexandria,1,5509,3751.0
Alexandria_y2020_1.tif,766,0.0,0.05221279373368147,Alexandria,1,5510,3751.0
Alexandria_y2020_1.tif,336,0.0,0.03061011904761905,Alexandria,1,5511,3751.0
Alexandria_y2020_1.tif,368,0.0,0.04998641304347827,Alexandria,1,5512,3751.0
Alexandria_y2020_1.tif,280,0.0,0.03705357142857143,Alexandria,1,5513,3751.0
Alexandria_y2020_1.tif,409,0.0,0.027982885085574574,Alexandria,1,5514,3751.0
Cairo_y2020.tif,105172,0.07747309169740996,0.07296557068421254,Cairo,0,17670,3902.0
Cairo_y2020.tif,7193,0.06325594327818712,0.05745655498401225,Cairo,0,17706,3902.0
Cairo_y2020.tif,6275,0.5453386454183267,0.2051537848605578,Cairo,0,17737,3902.0
Cairo_y2020.tif,1682,0.8489892984542212,0.30234542211652793,Cairo,0,17635,3902.0
Cairo_y2020.tif,2153,0.793776126335346,0.28731769623780773,Cairo,0,17690,3902.0
Cairo_y2020.tif,1108,0.5812274368231047,0.1864485559566787,Cairo,0,17652,3902.0
Cairo_y2020.tif,1358,0.9992636229749632,0.33974226804123714,Cairo,0,17764,3902.0
Cairo_y2020.tif,8254,0.10346498667312819,0.06398291737339472,El Showeifat District,0,13,3989.0
Cairo_y2020.tif,5831,0.011833304750471616,0.030584805350711713,El Showeifat District,0,14,3989.0
Cairo_y2020.tif,7890,0.19036755386565274,0.08591444866920152,El Showeifat District,0,16,3989.0
Cairo_y2020.tif,4449,0.07417397167902899,0.048915486626208135,El Showeifat District,0,15,3989.0
Cairo_y2020.tif,23868,0.2461035696329814,0.11507834757834758,El Showeifat District,0,20,3989.0
Cairo_y2020.tif,15971,0.0,0.021746916285767956,El Showeifat District,0,21,3989.0
Cairo_y2020.tif,4559,0.5512173722307524,0.18362031147181399,El Showeifat District,0,18,3989.0
Cairo_y2020.tif,8522,0.47019478995540953,0.16433701009152782,El Showeifat District,0,19,3989.0
Cairo_y2020.tif,11812,0.07974940738232306,0.04655435150694209,El Showeifat District,0,24,3989.0
Cairo_y2020.tif,6031,0.5297628917260819,0.18014839993367598,El Showeifat District,0,17,3989.0
Cairo_y2020.tif,79477,0.13104420146709111,0.07267668633692766,El Showeifat District,0,37,3989.0
Cairo_y2020.tif,91472,0.14486400209900296,0.08495036732552037,El Showeifat District,0,38,3989.0
Cairo_y2020.tif,36087,0.00011084323994790368,0.01922548286086402,Cairo,0,7941,3902.0
Cairo_y2020.tif,7807,0.0,0.021381452542589986,Cairo,0,13891,3902.0
Cairo_y2020.tif,3678,0.5062533985861881,0.19252446982055466,Cairo,0,16253,3902.0
Cairo_y2020.tif,88951,0.12443929804049421,0.08026846241188969,Cairo,0,16813,3902.0
Cairo_y2020.tif,42416,0.13725952470765748,0.09212820633723123,Cairo,0,17267,3902.0
Cairo_y2020.tif,596,0.1476510067114094,0.15878355704697988,Cairo,0,16893,3902.0
Cairo_y2020.tif,4188,0.07760267430754537,0.11264207258834766,Cairo,0,17115,3902.0
Cairo_y2020.tif,577,0.7452339688041595,0.27671577123050256,Cairo,0,17057,3902.0
Cairo_y2020.tif,1758,0.9823663253697383,0.3331285551763367,Cairo,0,17662,3902.0
Cairo_y2020.tif,532,0.8665413533834586,0.2941917293233082,Cairo,0,17615,3902.0
Cairo_y2020.tif,719,0.7899860917941586,0.24388734353268432,Cairo,0,17643,3902.0
Cairo_y2020.tif,1442,0.40083217753120665,0.20161581137309295,Cairo,0,17680,3902.0
Cairo_y2020.tif,544,0.8768382352941176,0.3020863970588235,Cairo,0,17679,3902.0
Cairo_y2020.tif,1113,1.0,0.3427448337825696,Cairo,0,17697,3902.0
Cairo_y2020.tif,1409,0.0049680624556423,0.08639815471965932,Cairo,0,17658,3902.0
Cairo_y2020.tif,97185,0.08690641559911509,0.07094731697278386,Cairo,0,18224,3902.0
Cairo_y2020.tif,660,0.9803030303030303,0.32968939393939395,Cairo,0,17713,3902.0
Cairo_y2020.tif,854,1.0,0.3294320843091335,Cairo,0,17712,3902.0
Cairo_y2020.tif,3864,0.6643374741200828,0.25218426501035196,Cairo,0,17941,3902.0
Cairo_y2020.tif,1257,0.9228321400159109,0.3027366746221161,Cairo,0,17864,3902.0
Cairo_y2020.tif,982,0.8462321792260692,0.23983706720977596,Cairo,0,17844,3902.0
Cairo_y2020.tif,3603,0.22009436580627256,0.1380238689980572,Cairo,0,18044,3902.0
Cairo_y2020.tif,2779,0.6164087801367398,0.22990644116588704,Cairo,0,18098,3902.0
Cairo_y2020.tif,1152,0.8897569444444444,0.30603298611111107,Cairo,0,18087,3902.0
Cairo_y2020.tif,66373,0.04241182408509484,0.05587769122986756,Cairo,0,18420,3902.0
Cairo_y2020.tif,1339,0.6811053024645257,0.22035847647498133,Cairo,0,18146,3902.0
Cairo_y2020.tif,47961,0.043764725506140405,0.043562999103438214,Cairo,0,18401,3902.0
Cairo_y2020.tif,1489,0.2740094022834117,0.14923102753525858,Cairo,0,18166,3902.0
Cairo_y2020.tif,1035,0.47729468599033814,0.18955072463768116,Cairo,0,18137,3902.0
Cairo_y2020.tif,2020,0.4485148514851485,0.23859900990099012,Cairo,0,18172,3902.0
Cairo_y2020.tif,3051,0.32841691248770893,0.12984267453294004,Cairo,0,18223,3902.0
Cairo_y2020.tif,4152,0.27215799614643543,0.1219918111753372,Cairo,0,18263,3902.0
Cairo_y2020.tif,4091,0.27474945001222195,0.11949278904913224,Cairo,0,18261,3902.0
Cairo_y2020.tif,1905,0.8624671916010499,0.32087139107611545,Cairo,0,18198,3902.0
Cairo_y2020.tif,1629,0.40638428483732353,0.2283548189073051,Cairo,0,18219,3902.0
Cairo_y2020.tif,1473,0.3333333333333333,0.18387644263408012,Cairo,0,18227,3902.0
Cairo_y2020.tif,573,0.7242582897033158,0.20747818499127402,Cairo,0,18247,3902.0
Cairo_y2020.tif,2999,0.44614871623874625,0.1562920973657886,Cairo,0,18292,3902.0
Cairo_y2020.tif,1267,0.9960536700868192,0.3630544593528019,Cairo,0,18289,3902.0
Cairo_y2020.tif,1421,0.9155524278676987,0.330890218156228,Cairo,0,18303,3902.0
Cairo_y2020.tif,1438,0.30806675938803896,0.1448018080667594,Cairo,0,18253,3902.0
Cairo_y2020.tif,1422,0.9085794655414908,0.3303762306610408,Cairo,0,18280,3902.0
Cairo_y2020.tif,1378,0.8280116110304789,0.256767053701016,Cairo,0,18277,3902.0
Cairo_y2020.tif,1975,0.9453164556962025,0.3110683544303797,Cairo,0,18283,3902.0
Cairo_y2020.tif,504,0.8015873015873016,0.2681746031746032,Cairo,0,18275,3902.0
Cairo_y2020.tif,1216,0.29851973684210525,0.17504523026315788,Cairo,0,18269,3902.0
Cairo_y2020.tif,2703,0.607103218645949,0.2448298187199408,Cairo,0,18270,3902.0
Cairo_y2020.tif,1528,0.32657068062827227,0.20094895287958117,Cairo,0,18291,3902.0
Cairo_y2020.tif,917,0.7186477644492911,0.26478735005452564,Cairo,0,18290,3902.0
Cairo_y2020.tif,640,0.0875,0.141078125,Cairo,0,18298,3902.0
Cairo_y2020.tif,922,0.9154013015184381,0.28183839479392625,Cairo,0,18287,3902.0
Cairo_y2020.tif,650,0.09076923076923077,0.17790769230769232,Cairo,0,18336,3902.0
Cairo_y2020.tif,1035,0.8898550724637682,0.28382125603864733,Cairo,0,18338,3902.0
Cairo_y2020.tif,3243,0.09219858156028368,0.05963151403021895,Cairo,0,18391,3902.0
Cairo_y2020.tif,478,0.997907949790795,0.3131171548117155,Cairo,0,18323,3902.0
Cairo_y2020.tif,1559,0.8896728672225785,0.2951090442591405,Cairo,0,18361,3902.0
Cairo_y2020.tif,723,1.0,0.34831258644536656,Cairo,0,18360,3902.0
Cairo_y2020.tif,607,1.0,0.35207578253706756,Cairo,0,18369,3902.0
Cairo_y2020.tif,3283,0.3167834297898264,0.1562031678342979,Cairo,0,18256,3902.0
Cairo_y2020.tif,8817,0.2803674719292276,0.16844051264602475,Cairo,0,18334,3902.0
Cairo_y2020.tif,787,0.8055908513341804,0.2852033036848793,Cairo,0,18349,3902.0
Cairo_y2020.tif,1091,0.5297891842346472,0.18384051329055912,Cairo,0,18398,3902.0
Cairo_y2020.tif,4228,0.8053453169347209,0.2794690160832545,Cairo,0,18422,3902.0
Cairo_y2020.tif,1815,0.8556473829201102,0.3332561983471074,Cairo,0,18464,3902.0
Cairo_y2020.tif,1446,0.975103734439834,0.3558437067773167,Cairo,0,18458,3902.0
Cairo_y2020.tif,2047,0.9956033219345384,0.337056668295066,Cairo,0,18457,3902.0
Cairo_y2020.tif,1225,0.9722448979591837,0.3763183673469388,Cairo,0,18447,3902.0
Cairo_y2020.tif,10492,0.0,0.01637485703393062,Cairo,0,18599,3902.0
Cairo_y2020.tif,2119,0.7734780556866446,0.3070056630486079,Cairo,0,18436,3902.0
Cairo_y2020.tif,3525,0.3253900709219858,0.1421404255319149,Cairo,0,18437,3902.0
Cairo_y2020.tif,1441,0.1873698820263706,0.19704718945176963,Cairo,0,18390,3902.0
Cairo_y2020.tif,2477,0.61324182478805,0.2257630197819943,Cairo,0,18430,3902.0
Cairo_y2020.tif,666,0.45045045045045046,0.18148648648648646,Cairo,0,18421,3902.0
Cairo_y2020.tif,1211,0.10569777043765483,0.0753757225433526,Cairo,0,18444,3902.0
Cairo_y2020.tif,1222,0.3117839607201309,0.13023731587561374,Cairo,0,18450,3902.0
Cairo_y2020.tif,1354,0.5775480059084195,0.1952437223042836,Cairo,0,18413,3902.0
Cairo_y2020.tif,1990,0.6964824120603015,0.3046532663316583,Cairo,0,18419,3902.0
Cairo_y2020.tif,698,1.0,0.3747922636103152,Cairo,0,18459,3902.0
Cairo_y2020.tif,6258,0.3128795142217961,0.13721316714605306,Cairo,0,649,3902.0
Cairo_y2020.tif,4926,0.06800649614291514,0.06247766950872919,Cairo,0,660,3902.0
Cairo_y2020.tif,3228,0.09820322180916977,0.0810006195786865,Cairo,0,676,3902.0
Cairo_y2020.tif,16298,0.09332433427414406,0.055500368143330474,Cairo,0,691,3902.0
Cairo_y2020.tif,13762,0.02921087051300683,0.038179770382211896,Cairo,0,750,3902.0
Cairo_y2020.tif,7412,0.10536967080410145,0.08659133837021048,Cairo,0,717,3902.0
Cairo_y2020.tif,10433,0.005175884213553149,0.026987922936835048,Cairo,0,732,3902.0
Cairo_y2020.tif,4864,0.0,0.02572676809210526,Cairo,0,720,3902.0
Cairo_y2020.tif,1020,0.09411764705882353,0.12033823529411765,Cairo,0,753,3902.0
Cairo_y2020.tif,5039,0.28616789045445523,0.09829331216511213,Cairo,0,787,3902.0
Cairo_y2020.tif,1346,0.0,0.041571322436849925,Cairo,0,678,3902.0
Cairo_y2020.tif,1882,0.33103081827842723,0.13576780021253984,Cairo,0,680,3902.0
Cairo_y2020.tif,20506,0.0,0.023320003901297185,Cairo,0,705,3902.0
Cairo_y2020.tif,4243,0.0016497761018147536,0.04246523686071177,Cairo,0,700,3902.0
Cairo_y2020.tif,2310,0.0012987012987012987,0.032129870129870126,Cairo,0,721,3902.0
Cairo_y2020.tif,2132,0.0,0.03314493433395873,Cairo,0,742,3902.0
Cairo_y2020.tif,7539,0.13237829950921873,0.0639474731396737,Cairo,0,756,3902.0
Cairo_y2020.tif,8889,0.08291146360670491,0.05317302283721454,Cairo,0,771,3902.0
Cairo_y2020.tif,2866,0.12002791346824843,0.04552686671318912,Cairo,0,830,3902.0
Cairo_y2020.tif,11623,0.12552697238234534,0.04911038458229372,Cairo,0,844,3902.0
Cairo_y2020.tif,4776,0.0,0.0,Cairo,0,897,3902.0
Cairo_y2020.tif,4030,0.0,0.0,Cairo,0,955,3902.0
Cairo_y2020.tif,29195,0.0,0.0010673060455557459,Cairo,0,1076,3902.0
Cairo_y2020.tif,7847,0.0,0.0,Cairo,0,1008,3902.0
Cairo_y2020.tif,3837,0.0,0.0,Cairo,0,1051,3902.0
Cairo_y2020.tif,3871,0.0,0.0,Cairo,0,1075,3902.0
Cairo_y2020.tif,4644,0.0,0.0,Cairo,0,2369,3902.0
Cairo_y2020.tif,13194,0.0,0.01392147946036077,Cairo,0,5999,3902.0
Cairo_y2020.tif,104789,0.0,0.002168643655345504,Cairo,0,7269,3902.0
Cairo_y2020.tif,815,0.0,0.03569325153374233,Cairo,0,6795,3902.0
Cairo_y2020.tif,11566,0.1971295175514439,0.08623205948469652,El Showeifat District,0,6,3989.0
Cairo_y2020.tif,9362,0.44819483016449474,0.1551174962614826,El Showeifat District,0,5,3989.0
Cairo_y2020.tif,3471,0.16191299337366752,0.09855373091328148,El Showeifat District,0,3,3989.0
Cairo_y2020.tif,6211,0.2505232651746901,0.08453067138947029,El Showeifat District,0,4,3989.0
Cairo_y2020.tif,10331,0.14742038524828188,0.0850082276643113,El Showeifat District,0,9,3989.0
Cairo_y2020.tif,13127,0.044564637769482746,0.04764835834539499,El Showeifat District,0,7,3989.0
Cairo_y2020.tif,12253,0.291357218640333,0.10567534481351507,El Showeifat District,0,8,3989.0
Cairo_y2020.tif,47393,0.318739054290718,0.1276224336927394,El Showeifat District,0,12,3989.0
Cairo_y2020.tif,5207,0.1353946610332245,0.09203476089879009,El Showeifat District,0,10,3989.0
Cairo_y2020.tif,3471,0.3146067415730337,0.13234226447709593,El Showeifat District,0,11,3989.0
Cairo_y2020.tif,139056,0.131198941433667,0.07425778103785526,El Showeifat District,0,29,3989.0
Cairo_y2020.tif,3495,0.07181688125894134,0.054503576537911304,El Showeifat District,0,22,3989.0
Cairo_y2020.tif,24512,0.1841546997389034,0.09734191416449087,El Showeifat District,0,28,3989.0
Cairo_y2020.tif,21999,0.34265193872448746,0.1455141142779217,El Showeifat District,0,30,3989.0
Cairo_y2020.tif,46205,0.1875771020452332,0.10722162103668437,El Showeifat District,0,23,3989.0
Cairo_y2020.tif,57210,0.10618772941793393,0.0745572452368467,El Showeifat District,0,32,3989.0
Cairo_y2020.tif,52973,0.24201008060710172,0.1076387971230627,El Showeifat District,0,33,3989.0
Cairo_y2020.tif,64620,0.24698235840297122,0.12019862271742496,El Showeifat District,0,34,3989.0
Cairo_y2020.tif,41186,0.2074005730102462,0.1052346671198951,El Showeifat District,0,36,3989.0
Cairo_y2020.tif,29175,0.09141388174807198,0.08606975149957155,El Showeifat District,0,35,3989.0
Cairo_y2020.tif,1114,0.0,0.03912028725314183,Cairo,0,6820,3902.0
Cairo_y2020.tif,869,0.0,0.027951668584579984,Cairo,0,6846,3902.0
Cairo_y2020.tif,1111,0.0,0.024545454545454544,Cairo,0,6877,3902.0
Cairo_y2020.tif,2444,0.0,0.026929214402618657,Cairo,0,6950,3902.0
Cairo_y2020.tif,694,0.0,0.04418587896253602,Cairo,0,6907,3902.0
Cairo_y2020.tif,667,0.0,0.02673913043478261,Cairo,0,6929,3902.0
Cairo_y2020.tif,3347,0.08096803107260234,0.07951150283836271,Cairo,0,6977,3902.0
Cairo_y2020.tif,1208,0.0,0.04797185430463576,Cairo,0,7038,3902.0
Cairo_y2020.tif,1553,0.0412105602060528,0.055267224726336134,Cairo,0,7108,3902.0
Cairo_y2020.tif,2598,0.0642802155504234,0.05763471901462664,Cairo,0,7182,3902.0
Cairo_y2020.tif,1072,1.0,0.3552611940298508,Cairo,0,6946,3902.0
Cairo_y2020.tif,1943,0.5162120432321153,0.17171899125064333,Cairo,0,7065,3902.0
Cairo_y2020.tif,955,1.0,0.34064397905759164,Cairo,0,7021,3902.0
Cairo_y2020.tif,5712,0.0012254901960784314,0.05223739495798319,Cairo,0,7230,3902.0
Cairo_y2020.tif,2897,0.7752847773558854,0.22412495685191577,Cairo,0,7338,3902.0
Cairo_y2020.tif,2983,0.6768354006034194,0.217303050620181,Cairo,0,7179,3902.0
Cairo_y2020.tif,5377,0.03607959828900874,0.05389715454714526,Cairo,0,7302,3902.0
Cairo_y2020.tif,2509,0.0,0.04693702670386609,Cairo,0,7340,3902.0
Cairo_y2020.tif,3383,0.05025125628140704,0.047415016257759394,Cairo,0,7343,3902.0
Cairo_y2020.tif,1107,0.2809394760614273,0.14585365853658536,Cairo,0,7399,3902.0
Cairo_y2020.tif,1940,0.0,0.03214948453608248,Cairo,0,6879,3902.0
Cairo_y2020.tif,1699,0.1783402001177163,0.11900824014125957,Cairo,0,6810,3902.0
Cairo_y2020.tif,1519,0.01053324555628703,0.05264976958525346,Cairo,0,6957,3902.0
Cairo_y2020.tif,9432,0.15012722646310434,0.08611906276505511,Cairo,0,7248,3902.0
Cairo_y2020.tif,27511,0.07015375667914653,0.06765112136963396,Cairo,0,7549,3902.0
Cairo_y2020.tif,2974,0.7061197041022192,0.23513281775386688,Cairo,0,7355,3902.0
Cairo_y2020.tif,903,0.0,0.03348283499446291,Cairo,0,7287,3902.0
Cairo_y2020.tif,2041,0.06614404703576678,0.07538216560509554,Cairo,0,7326,3902.0
Cairo_y2020.tif,1030,0.11553398058252427,0.06150000000000001,Cairo,0,7416,3902.0
Cairo_y2020.tif,3772,0.0005302226935312832,0.030657476139978795,Cairo,0,7571,3902.0
Cairo_y2020.tif,3985,0.00150564617314931,0.03272396486825597,Cairo,0,7265,3902.0
Cairo_y2020.tif,2009,0.0,0.04072921851667497,Cairo,0,7156,3902.0
Cairo_y2020.tif,2484,0.0024154589371980675,0.03722020933977456,Cairo,0,7232,3902.0
Cairo_y2020.tif,1854,0.22491909385113268,0.15632955771305287,Cairo,0,7359,3902.0
Cairo_y2020.tif,1539,0.49122807017543857,0.18874918778427552,Cairo,0,7412,3902.0
Cairo_y2020.tif,1280,0.1453125,0.10039843749999999,Cairo,0,7522,3902.0
Cairo_y2020.tif,2017,0.4179474467030243,0.1588696083292018,Cairo,0,7597,3902.0
Cairo_y2020.tif,2298,0.06222802436901654,0.0788207136640557,Cairo,0,7532,3902.0
Cairo_y2020.tif,6248,0.045134443021766966,0.04468790012804097,Cairo,0,7695,3902.0
Cairo_y2020.tif,2974,0.0,0.04909717552118359,Cairo,0,7670,3902.0
Cairo_y2020.tif,1371,0.024070021881838075,0.06691466083150985,Cairo,0,7491,3902.0
Cairo_y2020.tif,967,0.8852119958634953,0.3021975180972079,Cairo,0,7526,3902.0
Cairo_y2020.tif,1083,0.8605724838411819,0.21229455216989845,Cairo,0,7500,3902.0
Cairo_y2020.tif,2187,0.014631915866483767,0.08819158664837677,Cairo,0,7539,3902.0
Cairo_y2020.tif,1633,0.998162890385793,0.3386221677893448,Cairo,0,7518,3902.0
Cairo_y2020.tif,3526,0.4770277935337493,0.15566364152013618,Cairo,0,7653,3902.0
Cairo_y2020.tif,1278,0.9241001564945227,0.23347809076682316,Cairo,0,7603,3902.0
Cairo_y2020.tif,3949,0.6128133704735376,0.2114940491263611,Cairo,0,7769,3902.0
Cairo_y2020.tif,2629,0.3069608216051731,0.13281095473564092,Cairo,0,7601,3902.0
Cairo_y2020.tif,2928,0.5665983606557377,0.211775956284153,Cairo,0,7661,3902.0
Cairo_y2020.tif,1981,0.0,0.03878849066128219,Cairo,0,8790,3902.0
Cairo_y2020.tif,44212,0.012078168822943998,0.033695037546367504,Cairo,0,9102,3902.0
Cairo_y2020.tif,2978,0.16756212222968436,0.1083226997985225,Cairo,0,8902,3902.0
Cairo_y2020.tif,759,0.0,0.03841238471673254,Cairo,0,8915,3902.0
Cairo_y2020.tif,6033,0.039946958395491464,0.07447289905519641,Cairo,0,9006,3902.0
Cairo_y2020.tif,2125,0.8456470588235294,0.3088941176470589,Cairo,0,8979,3902.0
Cairo_y2020.tif,2215,0.0,0.07938826185101582,Cairo,0,9058,3902.0
Cairo_y2020.tif,1239,0.0,0.0339911218724778,Cairo,0,8988,3902.0
Cairo_y2020.tif,2024,0.4624505928853755,0.16045207509881423,Cairo,0,9106,3902.0
Cairo_y2020.tif,1901,0.4850078905839032,0.1627827459231983,Cairo,0,9128,3902.0
Cairo_y2020.tif,2603,0.08835958509412217,0.163109873223204,Cairo,0,8497,3902.0
Cairo_y2020.tif,3832,0.03288100208768267,0.07267092901878915,Cairo,0,8543,3902.0
Cairo_y2020.tif,5543,0.36334115100126285,0.25475193938300555,Cairo,0,8579,3902.0
Cairo_y2020.tif,1722,0.556910569105691,0.2815969802555168,Cairo,0,8773,3902.0
Cairo_y2020.tif,3078,0.23846653671215073,0.21055555555555552,Cairo,0,8951,3902.0
Cairo_y2020.tif,223539,0.018310004070878013,0.023660121947400678,Cairo,0,10267,3902.0
Cairo_y2020.tif,1730,0.056647398843930635,0.16405202312138728,Cairo,0,9070,3902.0
Cairo_y2020.tif,4385,0.3787913340935006,0.2202519954389966,Cairo,0,9133,3902.0
Cairo_y2020.tif,2777,0.7634137558516385,0.2998955707598127,Cairo,0,9362,3902.0
Cairo_y2020.tif,2971,0.36115785930663075,0.23682935038707506,Cairo,0,9530,3902.0
Cairo_y2020.tif,2537,0.4659046117461569,0.2485928261726449,Cairo,0,8764,3902.0
Cairo_y2020.tif,1212,0.13448844884488448,0.1104125412541254,Cairo,0,8816,3902.0
Cairo_y2020.tif,1854,0.0,0.07569039913700108,Cairo,0,8907,3902.0
Cairo_y2020.tif,2990,0.06622073578595318,0.1494732441471572,Cairo,0,8977,3902.0
Cairo_y2020.tif,1174,0.0,0.043462521294718906,Cairo,0,8965,3902.0
Cairo_y2020.tif,1456,0.005494505494505495,0.11832074175824177,Cairo,0,9017,3902.0
Cairo_y2020.tif,1469,0.0,0.14161674608577265,Cairo,0,9018,3902.0
Cairo_y2020.tif,2050,0.0,0.07080975609756099,Cairo,0,9047,3902.0
Cairo_y2020.tif,1719,0.518324607329843,0.2468760907504363,Cairo,0,9202,3902.0
Cairo_y2020.tif,13464,0.033571004159239456,0.07261066547831255,Cairo,0,9402,3902.0
Cairo_y2020.tif,1677,0.15444245676803817,0.2179427549194991,Cairo,0,9638,3902.0
Cairo_y2020.tif,20398,0.006814393567996862,0.03961859005784881,Cairo,0,9921,3902.0
Cairo_y2020.tif,5468,0.0,0.04366770299926847,Cairo,0,10287,3902.0
Cairo_y2020.tif,4370,0.007780320366132723,0.034741418764302055,Cairo,0,11607,3902.0
Cairo_y2020.tif,1940,0.2860824742268041,0.10650257731958761,Cairo,0,11812,3902.0
Cairo_y2020.tif,2713,0.04865462587541467,0.08670106892738667,Cairo,0,11842,3902.0
Cairo_y2020.tif,9086,0.08991855602025094,0.06482445520581114,Cairo,0,12064,3902.0
Cairo_y2020.tif,1674,0.018518518518518517,0.05199820788530467,Cairo,0,12032,3902.0
Cairo_y2020.tif,4122,0.0,0.04047549733139254,Cairo,0,12013,3902.0
Cairo_y2020.tif,4131,0.0823045267489712,0.09845073832001937,Cairo,0,12254,3902.0
Cairo_y2020.tif,3613,0.0035981179075560477,0.04103930251868255,Cairo,0,12171,3902.0
Cairo_y2020.tif,3330,0.13333333333333333,0.06945795795795796,Cairo,0,12159,3902.0
Cairo_y2020.tif,4796,0.0,0.020559841534612176,Cairo,0,12346,3902.0
Cairo_y2020.tif,2900,0.0,0.07822758620689656,Cairo,0,12411,3902.0
Cairo_y2020.tif,6472,0.14724969097651422,0.09913009888751546,Cairo,0,12542,3902.0
Cairo_y2020.tif,2075,0.0,0.02966746987951808,Cairo,0,12500,3902.0
Cairo_y2020.tif,1277,0.0,0.02576350822239624,Cairo,0,12481,3902.0
Cairo_y2020.tif,2512,0.0,0.02152667197452229,Cairo,0,12521,3902.0
Cairo_y2020.tif,1831,0.5636264336428182,0.20132168214090662,Cairo,0,12543,3902.0
Cairo_y2020.tif,1601,0.23360399750156152,0.11996252342286072,Cairo,0,12555,3902.0
Cairo_y2020.tif,1959,0.0035732516590096988,0.0631393568147014,Cairo,0,12610,3902.0
Cairo_y2020.tif,1199,0.0,0.03760216847372811,Cairo,0,12606,3902.0
Cairo_y2020.tif,2192,0.05063868613138686,0.09251824817518249,Cairo,0,12645,3902.0
Cairo_y2020.tif,1277,0.0274079874706343,0.10161707126076741,Cairo,0,12637,3902.0
Cairo_y2020.tif,955,0.0,0.0356910994764398,Cairo,0,12625,3902.0
Cairo_y2020.tif,1869,0.0,0.038472445157838424,Cairo,0,12685,3902.0
Cairo_y2020.tif,2087,0.011978917105893628,0.06051030186871107,Cairo,0,12689,3902.0
Cairo_y2020.tif,1056,0.0,0.04293560606060606,Cairo,0,12696,3902.0
Cairo_y2020.tif,750,0.0,0.02220666666666667,Cairo,0,12681,3902.0
Cairo_y2020.tif,1742,0.0,0.02588978185993112,Cairo,0,12769,3902.0
Cairo_y2020.tif,4513,0.1548858852204742,0.19312319964546865,Cairo,0,9640,3902.0
Cairo_y2020.tif,9677,0.10881471530432986,0.07768368295959492,Cairo,0,12601,3902.0
Cairo_y2020.tif,898513,0.02233467963179164,0.03201919727371782,Cairo,0,15970,3902.0
Cairo_y2020.tif,12315,0.0030856678846934633,0.031719447827852215,Cairo,0,13905,3902.0
Cairo_y2020.tif,10172,0.051415650806134486,0.06397316162013371,Cairo,0,15498,3902.0
Cairo_y2020.tif,5207,0.009410409064720569,0.04869694641828308,Cairo,0,15738,3902.0
Cairo_y2020.tif,339,0.07669616519174041,0.20581120943952802,Cairo,1,15651,3902.0
Cairo_y2020.tif,258,0.0,0.17436046511627906,Cairo,0,15669,3902.0
Cairo_y2020.tif,3048,0.037073490813648295,0.10898293963254593,Cairo,0,15759,3902.0
Cairo_y2020.tif,642,0.0,0.14939252336448597,Cairo,0,15715,3902.0
Cairo_y2020.tif,2206,0.2728921124206709,0.14289437896645513,Cairo,0,12762,3902.0
Cairo_y2020.tif,2362,0.5647756138865369,0.20923793395427606,Cairo,0,12818,3902.0
Cairo_y2020.tif,2618,0.0,0.05151833460656991,Cairo,0,12809,3902.0
Cairo_y2020.tif,1543,0.0,0.03845106934543099,Cairo,0,12806,3902.0
Cairo_y2020.tif,13410,0.001267710663683818,0.02788404175988069,Cairo,0,13016,3902.0
Cairo_y2020.tif,1831,0.0,0.03780174767886401,Cairo,0,12897,3902.0
Cairo_y2020.tif,1555,0.0,0.021951768488745985,Cairo,0,12933,3902.0
Cairo_y2020.tif,1307,0.0,0.05801453710788065,Cairo,0,14089,3902.0
Cairo_y2020.tif,2081,0.0,0.03787842383469486,Cairo,0,14131,3902.0
Cairo_y2020.tif,1423,0.0,0.03497540407589599,Cairo,0,14266,3902.0
Cairo_y2020.tif,2504,0.0,0.06157947284345048,Cairo,0,14184,3902.0
Cairo_y2020.tif,6105,0.10941850941850942,0.09384848484848483,Cairo,0,14480,3902.0
Cairo_y2020.tif,1802,0.0,0.05291065482796893,Cairo,0,14226,3902.0
Cairo_y2020.tif,3686,0.32637004883342374,0.14936109603906675,Cairo,0,14562,3902.0
Cairo_y2020.tif,435,0.0,0.0793448275862069,Cairo,0,14564,3902.0
Cairo_y2020.tif,363,0.0,0.08221763085399449,Cairo,0,14612,3902.0
Cairo_y2020.tif,1528,0.0,0.06090968586387435,Cairo,0,14690,3902.0
Cairo_y2020.tif,11547,0.0,0.03553433792327012,Cairo,0,14924,3902.0
Cairo_y2020.tif,449,0.0,0.06233853006681515,Cairo,0,14667,3902.0
Cairo_y2020.tif,507,0.0,0.10018737672583827,Cairo,0,14687,3902.0
Cairo_y2020.tif,1025,0.0,0.027029268292682936,Cairo,0,14336,3902.0
Cairo_y2020.tif,2939,0.0,0.05960530792786663,Cairo,0,14513,3902.0
Cairo_y2020.tif,2190,0.0,0.05328082191780821,Cairo,0,14590,3902.0
Cairo_y2020.tif,14354,0.042496864985369934,0.05972586038734848,Cairo,0,15561,3902.0
Cairo_y2020.tif,1150,0.0,0.05616521739130435,Cairo,0,14628,3902.0
Cairo_y2020.tif,1572,0.0,0.06253180661577609,Cairo,0,14719,3902.0
Cairo_y2020.tif,3263,0.001225865767698437,0.058467667790376966,Cairo,0,14977,3902.0
Cairo_y2020.tif,7979,0.027948364456698835,0.04902932698333125,Cairo,0,15173,3902.0
Cairo_y2020.tif,2893,0.0,0.039108192188040104,Cairo,0,15071,3902.0
Cairo_y2020.tif,2414,0.0,0.044333057166528585,Cairo,0,15107,3902.0
Cairo_y2020.tif,852,0.9741784037558685,0.37137323943661976,Cairo,1,18442,3902.0
Cairo_y2020.tif,1530,0.8339869281045752,0.22638235294117648,Cairo,0,18439,3902.0
Cairo_y2020.tif,637,1.0,0.3635400313971742,Cairo,1,18443,3902.0
Cairo_y2020.tif,4685,0.19722518676627535,0.10619957310565635,Cairo,0,18592,3902.0
Cairo_y2020.tif,535,0.8560747663551402,0.2705514018691589,Cairo,0,18475,3902.0
Cairo_y2020.tif,1321,0.03709311127933384,0.06808856926570779,Cairo,0,18605,3902.0
Cairo_y2020.tif,1403,0.9814682822523164,0.32892017106201,Cairo,0,18540,3902.0
Cairo_y2020.tif,5260,0.39448669201520914,0.21711216730038022,Cairo,0,18588,3902.0
Cairo_y2020.tif,2779,0.6783015473191796,0.22946023749550196,Cairo,0,18572,3902.0
Cairo_y2020.tif,2229,0.5423956931359354,0.2756751906684612,Cairo,1,18609,3902.0
Cairo_y2020.tif,626,0.9137380191693291,0.3716373801916933,Cairo,0,18495,3902.0
Cairo_y2020.tif,586,1.0,0.3573720136518771,Cairo,1,18500,3902.0
Cairo_y2020.tif,964,0.6016597510373444,0.26518672199170124,Cairo,0,18513,3902.0
Cairo_y2020.tif,795,0.9962264150943396,0.37137106918238993,Cairo,0,18531,3902.0
Cairo_y2020.tif,645,0.9922480620155039,0.3656046511627907,Cairo,0,18543,3902.0
Cairo_y2020.tif,716,0.952513966480447,0.3321089385474861,Cairo,0,18550,3902.0
Cairo_y2020.tif,523,1.0,0.39000956022944555,Cairo,0,18562,3902.0
Cairo_y2020.tif,441,0.9909297052154195,0.3501700680272109,Cairo,0,18556,3902.0
Cairo_y2020.tif,2261,0.9703670942061035,0.35984298982750995,Cairo,0,18568,3902.0
Cairo_y2020.tif,614,0.9397394136807817,0.341913680781759,Cairo,0,18576,3902.0
Cairo_y2020.tif,812,1.0,0.38358990147783256,Cairo,0,18579,3902.0
Cairo_y2020.tif,1788,1.0,0.4026761744966444,Cairo,0,18569,3902.0
Cairo_y2020.tif,4209,0.3014967925873129,0.149215965787598,Cairo,0,18603,3902.0
Cairo_y2020.tif,1540,0.8448051948051948,0.3383311688311688,Cairo,0,18548,3902.0
Cairo_y2020.tif,1015,0.8758620689655172,0.3303152709359606,Cairo,0,18601,3902.0
Cairo_y2020.tif,1193,0.9924559932942163,0.32469823973176865,Cairo,0,18580,3902.0
Cairo_y2020.tif,1147,0.7794245858761988,0.2746469049694856,Cairo,0,18677,3902.0
Cairo_y2020.tif,2498,0.9615692554043235,0.3238510808646918,Cairo,0,18661,3902.0
Cairo_y2020.tif,1461,0.6830937713894593,0.19632785763175906,Cairo,0,18680,3902.0
Cairo_y2020.tif,1413,0.3842887473460722,0.2594267515923567,Cairo,0,18657,3902.0
Cairo_y2020.tif,2978,0.5087306917394224,0.2187877770315648,Cairo,0,18655,3902.0
Cairo_y2020.tif,494,0.9878542510121457,0.34824898785425107,Cairo,1,18585,3902.0
Cairo_y2020.tif,520,1.0,0.3524615384615384,Cairo,0,18612,3902.0
Cairo_y2020.tif,1754,0.5598631698973774,0.23594925883694415,Cairo,0,18656,3902.0
Cairo_y2020.tif,918,1.0,0.3717647058823529,Cairo,0,18608,3902.0
Cairo_y2020.tif,1321,1.0,0.3801741105223316,Cairo,0,18638,3902.0
Cairo_y2020.tif,1800,0.8111111111111111,0.31324444444444455,Cairo,0,18685,3902.0
Cairo_y2020.tif,4709,0.009131450414100658,0.023675939689955405,Cairo,0,18713,3902.0
Cairo_y2020.tif,778,0.980719794344473,0.32668380462724933,Cairo,0,18704,3902.0
Cairo_y2020.tif,2754,0.7857661583151779,0.28651234567901235,Cairo,0,18746,3902.0
Cairo_y2020.tif,4998,0.7020808323329332,0.2720038015206082,Cairo,0,18374,3902.0
Cairo_y2020.tif,5978,0.6987286717965875,0.2749038139846102,Cairo,0,18399,3902.0
Cairo_y2020.tif,8608,0.07365241635687732,0.0598210966542751,Cairo,0,18509,3902.0
Cairo_y2020.tif,2493,0.7276373846770958,0.2949418371440032,Cairo,0,18460,3902.0
Cairo_y2020.tif,4138,0.12445625906234896,0.092961575640406,Cairo,0,18668,3902.0
Cairo_y2020.tif,37802,0.00912650124332046,0.028542934236283794,Cairo,0,18780,3902.0
Cairo_y2020.tif,2537,0.86716594402838,0.3564367363027197,Cairo,0,18681,3902.0
Cairo_y2020.tif,3504,0.4720319634703196,0.21851883561643834,Cairo,1,18791,3902.0
Cairo_y2020.tif,2138,0.979887745556595,0.3978391019644527,Cairo,0,18773,3902.0
Cairo_y2020.tif,8695,0.39827487061529615,0.18471017826336977,Cairo,0,18923,3902.0
Cairo_y2020.tif,2216,0.634927797833935,0.24134927797833933,Cairo,0,18626,3902.0
Cairo_y2020.tif,1351,0.7735011102886751,0.2723945225758697,Cairo,0,18593,3902.0
Cairo_y2020.tif,775,0.6941935483870968,0.26925806451612905,Cairo,1,18594,3902.0
Cairo_y2020.tif,1221,0.9574119574119574,0.3633783783783784,Cairo,0,18637,3902.0
Cairo_y2020.tif,3470,0.192507204610951,0.11232853025936598,Cairo,0,18729,3902.0
Cairo_y2020.tif,980,0.6785714285714286,0.22934183673469388,Cairo,0,18734,3902.0
Cairo_y2020.tif,1726,0.023174971031286212,0.03795480880648899,Cairo,0,18754,3902.0
Cairo_y2020.tif,2606,0.30429777436684574,0.13366462010744434,Cairo,0,18706,3902.0
Cairo_y2020.tif,3256,0.24201474201474202,0.14210841523341522,Cairo,0,18834,3902.0
Cairo_y2020.tif,7482,0.4053728949478749,0.1762603581929965,Cairo,0,18862,3902.0
Cairo_y2020.tif,1410,0.8070921985815603,0.24834751773049643,Cairo,0,18741,3902.0
Cairo_y2020.tif,1459,0.9273474982864977,0.2930603152844414,Cairo,0,18737,3902.0
Cairo_y2020.tif,920,0.29347826086956524,0.14809239130434784,Cairo,0,18731,3902.0
Cairo_y2020.tif,586,0.8242320819112628,0.2628242320819113,Cairo,0,18751,3902.0
Cairo_y2020.tif,2117,0.28011336797354747,0.15399149740198395,Cairo,0,18756,3902.0
Cairo_y2020.tif,1137,0.7739665787159191,0.28550571679859277,Cairo,0,18778,3902.0
Cairo_y2020.tif,2746,0.9774217042971595,0.38792061179898035,Cairo,0,18813,3902.0
Cairo_y2020.tif,1042,1.0,0.33345969289827254,Cairo,0,18781,3902.0
Cairo_y2020.tif,758,1.0,0.33257255936675467,Cairo,0,18768,3902.0
Cairo_y2020.tif,2446,0.4133278822567457,0.15923139820114474,Cairo,0,18809,3902.0
Cairo_y2020.tif,1710,0.656140350877193,0.2775789473684211,Cairo,0,18672,3902.0
Cairo_y2020.tif,2314,0.9511668107173725,0.3537597234226448,Cairo,0,18690,3902.0
Cairo_y2020.tif,772,0.9158031088082902,0.2977396373056995,Cairo,0,18719,3902.0
Cairo_y2020.tif,1264,0.7911392405063291,0.2701384493670886,Cairo,0,18752,3902.0
Cairo_y2020.tif,1971,0.9766615930999493,0.37508117706747846,Cairo,0,18774,3902.0
Cairo_y2020.tif,2822,0.8451452870304749,0.32437987243090005,Cairo,0,18747,3902.0
Cairo_y2020.tif,2334,0.8029134532990574,0.2982797772065124,Cairo,0,18816,3902.0
Cairo_y2020.tif,7134,0.13442668909447716,0.11334314550042053,Cairo,0,18761,3902.0
Cairo_y2020.tif,3458,0.6015037593984962,0.23285569693464428,Cairo,0,18844,3902.0
Cairo_y2020.tif,1723,0.9599535693557748,0.34602437608821823,Cairo,0,18823,3902.0
Cairo_y2020.tif,777,0.5984555984555985,0.16673101673101676,Cairo,0,18849,3902.0
Cairo_y2020.tif,703,0.08108108108108109,0.06849928876244665,Cairo,0,18863,3902.0
Cairo_y2020.tif,796,0.44597989949748745,0.24388819095477385,Cairo,0,18877,3902.0
Cairo_y2020.tif,5774,0.34014547973675097,0.14119760997575337,Cairo,0,18932,3902.0
Cairo_y2020.tif,640,0.9203125,0.31184375,Cairo,0,18880,3902.0
Cairo_y2020.tif,1195,0.9974895397489539,0.36394142259414225,Cairo,0,18886,3902.0
Cairo_y2020.tif,1035,0.7990338164251207,0.253,Cairo,0,18906,3902.0
Cairo_y2020.tif,876,0.0,0.020057077625570775,Cairo,0,18903,3902.0
Cairo_y2020.tif,601,0.5224625623960066,0.23130615640599,Cairo,0,18909,3902.0
Cairo_y2020.tif,715,0.6587412587412588,0.2596223776223776,Cairo,0,18911,3902.0
Cairo_y2020.tif,1544,0.9132124352331606,0.35215997409326416,Cairo,0,18852,3902.0
Cairo_y2020.tif,6070,0.5484349258649094,0.21753212520593082,Cairo,0,18931,3902.0
Cairo_y2020.tif,2764,0.40629522431259046,0.19948806078147613,Cairo,0,18892,3902.0
Cairo_y2020.tif,1140,0.8921052631578947,0.3293114035087719,Cairo,0,18891,3902.0
Cairo_y2020.tif,993,0.9788519637462235,0.37540281973816714,Cairo,0,18915,3902.0
Cairo_y2020.tif,1137,0.8935795954265612,0.3393007915567282,Cairo,0,18928,3902.0
Cairo_y2020.tif,1244,0.7765273311897106,0.316274115755627,Cairo,0,18934,3902.0
Cairo_y2020.tif,18928,0.0695266272189349,0.05200760777683855,Cairo,0,19037,3902.0
Cairo_y2020.tif,4378,0.4913202375513933,0.20745888533576978,Cairo,0,18989,3902.0
Cairo_y2020.tif,1925,0.9901298701298701,0.40301558441558444,Cairo,0,18986,3902.0
Cairo_y2020.tif,456,0.17543859649122806,0.17770833333333333,Cairo,0,18962,3902.0
Cairo_y2020.tif,2455,0.032586558044806514,0.05273116089613034,Cairo,0,18949,3902.0
Cairo_y2020.tif,407,0.40540540540540543,0.22331695331695336,Cairo,0,18965,3902.0
Cairo_y2020.tif,2535,0.6879684418145957,0.26291518737672587,Cairo,0,18959,3902.0
Cairo_y2020.tif,808,0.7054455445544554,0.2620420792079208,Cairo,0,18967,3902.0
Cairo_y2020.tif,1074,0.9981378026070763,0.33681098696461825,Cairo,0,18968,3902.0
Cairo_y2020.tif,1020,0.9980392156862745,0.32924509803921564,Cairo,0,18970,3902.0
Cairo_y2020.tif,724,0.9834254143646409,0.285207182320442,Cairo,0,18969,3902.0
Cairo_y2020.tif,121567,0.050918423585348,0.03300143130948366,Cairo,0,19166,3902.0
Cairo_y2020.tif,524,0.41603053435114506,0.12005725190839696,Cairo,0,18966,3902.0
Cairo_y2020.tif,11267,0.11200852045797462,0.08217981716517261,Cairo,0,18998,3902.0
Cairo_y2020.tif,28938,0.028163660239131937,0.033927189163038225,Cairo,0,18916,3902.0
Cairo_y2020.tif,12433,0.21306201238639105,0.11023807608783079,Cairo,0,19047,3902.0
Cairo_y2020.tif,2952,0.7713414634146342,0.2762008807588076,Cairo,0,19044,3902.0
Cairo_y2020.tif,5200,0.7009615384615384,0.2853278846153846,Cairo,0,19103,3902.0
Cairo_y2020.tif,2558,0.9706802189210321,0.3596247068021892,Cairo,0,19083,3902.0
Cairo_y2020.tif,7764,0.8678516228748068,0.342340932509016,Cairo,0,19098,3902.0
Cairo_y2020.tif,2057,0.9995138551288284,0.36444822557122025,Cairo,0,19116,3902.0
Cairo_y2020.tif,1367,1.0,0.382450621799561,Cairo,0,19108,3902.0
Cairo_y2020.tif,1149,1.0,0.40315056570931246,Cairo,1,19133,3902.0
Cairo_y2020.tif,2997,0.9125792459125792,0.3303286619953287,Cairo,0,19046,3902.0
Cairo_y2020.tif,515,0.2621359223300971,0.21084466019417478,Cairo,0,18979,3902.0
Cairo_y2020.tif,791,0.2718078381795196,0.12295195954487989,Cairo,0,18983,3902.0
Cairo_y2020.tif,961,0.05619146722164412,0.06338189386056191,Cairo,0,19002,3902.0
Cairo_y2020.tif,715,0.9006993006993007,0.2852867132867133,Cairo,0,18999,3902.0
Cairo_y2020.tif,589,0.9711375212224108,0.36753820033955853,Cairo,0,18994,3902.0
Cairo_y2020.tif,1068,0.9765917602996255,0.32089419475655434,Cairo,0,19005,3902.0
Cairo_y2020.tif,4755,0.009884332281808622,0.03137644584647739,Cairo,0,19094,3902.0
Cairo_y2020.tif,37839,0.14987182536536378,0.07160403287613308,Cairo,0,19307,3902.0
Cairo_y2020.tif,620,0.0,0.01946774193548387,Cairo,0,19010,3902.0
Cairo_y2020.tif,9479,0.17712838907057707,0.10203555227344656,Cairo,0,18951,3902.0
Cairo_y2020.tif,5487,0.5239657371970111,0.19618097320940403,Cairo,0,19017,3902.0
Cairo_y2020.tif,5550,0.5324324324324324,0.23416936936936936,Cairo,0,19023,3902.0
Cairo_y2020.tif,1536,0.99609375,0.35147786458333335,Cairo,0,19042,3902.0
Cairo_y2020.tif,3034,0.8114700065919578,0.2737640079103493,Cairo,0,19071,3902.0
Cairo_y2020.tif,2557,0.6202581149784904,0.2184865076261244,Cairo,0,19075,3902.0
Cairo_y2020.tif,9566,0.29029897553836503,0.13079970729667573,Cairo,0,19121,3902.0
Cairo_y2020.tif,1224,0.8366013071895425,0.29371323529411764,Cairo,0,19109,3902.0
Cairo_y2020.tif,1160,0.9655172413793104,0.3435258620689655,Cairo,0,19112,3902.0
Cairo_y2020.tif,2238,0.5442359249329759,0.24762734584450405,Cairo,0,19153,3902.0
Cairo_y2020.tif,764,0.0013089005235602095,0.05467931937172776,Cairo,0,19018,3902.0
Cairo_y2020.tif,1747,0.611333714939897,0.26465082999427586,Cairo,0,19019,3902.0
Cairo_y2020.tif,988,0.8046558704453441,0.3058603238866397,Cairo,0,19024,3902.0
Cairo_y2020.tif,5429,0.7916743414993553,0.28639988948240935,Cairo,0,19066,3902.0
Cairo_y2020.tif,1240,0.08790322580645162,0.07278629032258065,Cairo,0,19007,3902.0
Cairo_y2020.tif,1002,0.908183632734531,0.3433632734530938,Cairo,0,19027,3902.0
Cairo_y2020.tif,499,1.0,0.3914529058116233,Cairo,0,19015,3902.0
Cairo_y2020.tif,881,0.0,0.045590238365493765,Cairo,0,19041,3902.0
Cairo_y2020.tif,802,0.0,0.030293017456359105,Cairo,0,19049,3902.0
Cairo_y2020.tif,648,0.5771604938271605,0.24465277777777777,Cairo,0,19050,3902.0
Cairo_y2020.tif,2613,0.9647914274779946,0.3722196708763873,Cairo,0,18956,3902.0
Cairo_y2020.tif,10172,0.3243216673220606,0.16287947306331105,Cairo,0,19032,3902.0
Cairo_y2020.tif,2362,0.9902624894157493,0.37415114309906855,Cairo,0,19057,3902.0
Cairo_y2020.tif,4746,0.7975136957437843,0.3060166455962916,Cairo,0,19059,3902.0
Cairo_y2020.tif,1275,1.0,0.36723921568627454,Cairo,0,19073,3902.0
Cairo_y2020.tif,1010,0.807920792079208,0.32204950495049506,Cairo,0,19091,3902.0
Cairo_y2020.tif,31246,0.08397874927990782,0.0614205018242335,Cairo,0,19212,3902.0
Cairo_y2020.tif,12735,0.08048684727129957,0.06974872398900668,Cairo,0,19175,3902.0
Cairo_y2020.tif,1700,0.9211764705882353,0.3069235294117647,Cairo,0,19113,3902.0
Cairo_y2020.tif,922,0.8991323210412148,0.2729175704989154,Cairo,0,19125,3902.0
Cairo_y2020.tif,1593,0.9893283113622097,0.38725360954174515,Cairo,0,19123,3902.0
Cairo_y2020.tif,1320,0.9962121212121212,0.35818560606060607,Cairo,0,19155,3902.0
Cairo_y2020.tif,1615,0.9913312693498452,0.3793777089783281,Cairo,0,19150,3902.0
Cairo_y2020.tif,1809,0.8131564400221116,0.32196241017136545,Cairo,0,19143,3902.0
Cairo_y2020.tif,1918,0.9958289885297185,0.38982273201251305,Cairo,0,19148,3902.0
Cairo_y2020.tif,879,0.9169510807736063,0.3298350398179749,Cairo,0,19173,3902.0
Cairo_y2020.tif,1898,0.9989462592202318,0.40030558482613277,Cairo,0,19158,3902.0
Cairo_y2020.tif,2443,1.0,0.42893573475235364,Cairo,0,19201,3902.0
Cairo_y2020.tif,1220,0.7262295081967213,0.29166393442622957,Cairo,1,19191,3902.0
Cairo_y2020.tif,1204,0.9418604651162791,0.3437209302325582,Cairo,0,19196,3902.0
Cairo_y2020.tif,2783,0.934602946460654,0.39125404240028744,Cairo,0,19193,3902.0
Cairo_y2020.tif,1599,0.3808630393996248,0.2632426516572858,Cairo,0,19253,3902.0
Cairo_y2020.tif,17808,0.4994946091644205,0.22497753818508534,Cairo,0,19429,3902.0
Cairo_y2020.tif,1720,0.6970930232558139,0.29492732558139534,Cairo,0,19269,3902.0
Cairo_y2020.tif,37754,0.20691847221486465,0.11507164803729408,Cairo,0,19462,3902.0
Cairo_y2020.tif,1341,0.9552572706935123,0.3795525727069351,Cairo,1,19366,3902.0
Cairo_y2020.tif,1313,0.9558263518659559,0.3864432597105864,Cairo,0,19418,3902.0
Cairo_y2020.tif,2454,0.5493072534637327,0.24826202118989404,Cairo,0,19440,3902.0
Cairo_y2020.tif,2104,0.4553231939163498,0.1830228136882129,Cairo,0,19479,3902.0
Cairo_y2020.tif,1753,1.0,0.38405019965772963,Cairo,1,19474,3902.0
Cairo_y2020.tif,2974,0.5050437121721587,0.20863483523873572,Cairo,0,19488,3902.0
Cairo_y2020.tif,2899,0.37461193515005176,0.1636598827181787,Cairo,0,19493,3902.0
Cairo_y2020.tif,2291,0.9205587079877783,0.33423395896988217,Cairo,0,19530,3902.0
Cairo_y2020.tif,2311,1.0,0.4072501081782778,Cairo,0,19494,3902.0
Cairo_y2020.tif,1744,0.9994266055045872,0.4007024082568807,Cairo,1,19499,3902.0
Cairo_y2020.tif,3179,0.5023592324630387,0.2432856244101919,Cairo,0,19534,3902.0
Cairo_y2020.tif,1974,0.9994934143870314,0.37808763931104356,Cairo,0,19519,3902.0
Cairo_y2020.tif,11143,0.3158036435430315,0.14272323431750875,Cairo,0,19553,3902.0
Cairo_y2020.tif,2564,0.7886115444617785,0.33397230889235574,Cairo,0,19532,3902.0
Cairo_y2020.tif,2144,0.7915111940298507,0.2984188432835821,Cairo,0,19543,3902.0
Cairo_y2020.tif,899,0.8743047830923248,0.3186818687430478,Cairo,0,19547,3902.0
Cairo_y2020.tif,2263,1.0,0.40373840035351305,Cairo,0,19546,3902.0
Cairo_y2020.tif,1500,1.0,0.37179000000000006,Cairo,0,19556,3902.0
Cairo_y2020.tif,1908,0.999475890985325,0.4011215932914046,Cairo,0,19559,3902.0
Cairo_y2020.tif,2239,0.5122822688700313,0.23784055381866903,Cairo,0,19570,3902.0
Cairo_y2020.tif,6132,0.8222439660795825,0.3193476842791911,Cairo,0,19579,3902.0
Cairo_y2020.tif,1243,0.668543845534996,0.2782703137570394,Cairo,0,19569,3902.0
Cairo_y2020.tif,2262,1.0,0.3888284703801945,Cairo,0,19577,3902.0
Cairo_y2020.tif,1835,1.0,0.389433242506812,Cairo,0,19589,3902.0
Cairo_y2020.tif,2563,0.9129925868123293,0.34518532969176746,Cairo,0,19582,3902.0
Cairo_y2020.tif,6662,0.05568898228760132,0.059523416391474036,Cairo,0,18551,3902.0
Cairo_y2020.tif,2795,0.005366726296958855,0.058128801431127024,Cairo,0,18525,3902.0
Cairo_y2020.tif,1100,0.46,0.23770454545454547,Cairo,0,18445,3902.0
Cairo_y2020.tif,2213,0.9313149570718482,0.3158698599186625,Cairo,0,18483,3902.0
Cairo_y2020.tif,596,0.22651006711409397,0.10353187919463089,Cairo,0,18471,3902.0
Cairo_y2020.tif,611,0.6268412438625205,0.22131751227495913,Cairo,0,18472,3902.0
Cairo_y2020.tif,2188,0.9757769652650823,0.32701553930530164,Cairo,0,18438,3902.0
Cairo_y2020.tif,1081,0.509713228492137,0.18091581868640147,Cairo,0,18512,3902.0
Cairo_y2020.tif,1148,0.9433797909407665,0.3629268292682927,Cairo,0,18434,3902.0
Cairo_y2020.tif,654,0.9678899082568807,0.30279816513761465,Cairo,0,18487,3902.0
Cairo_y2020.tif,1372,0.6158892128279884,0.24309766763848398,Cairo,0,18489,3902.0
Cairo_y2020.tif,1498,0.9993324432576769,0.37347463284379173,Cairo,0,18536,3902.0
Cairo_y2020.tif,872,1.0,0.3991857798165138,Cairo,0,18537,3902.0
Cairo_y2020.tif,570,0.9719298245614035,0.36769298245614035,Cairo,0,18517,3902.0
Cairo_y2020.tif,909,1.0,0.3875027502750275,Cairo,0,18529,3902.0
Cairo_y2020.tif,1006,0.8429423459244533,0.345551689860835,Cairo,0,18473,3902.0
Cairo_y2020.tif,780,0.8807692307692307,0.3393141025641025,Cairo,0,18555,3902.0
Cairo_y2020.tif,1990,0.9472361809045227,0.3378366834170854,Cairo,0,18590,3902.0
Cairo_y2020.tif,1370,0.35693430656934305,0.15614598540145985,Cairo,0,18652,3902.0
Cairo_y2020.tif,5545,0.3933273219116321,0.1487926059513075,Cairo,0,18851,3902.0
Cairo_y2020.tif,6280,0.0,0.018085191082802547,Cairo,0,18647,3902.0
Cairo_y2020.tif,4516,0.8804251550044287,0.30735496014171837,Cairo,0,18524,3902.0
Cairo_y2020.tif,9539,0.21910053464723767,0.10216322465667262,Cairo,0,18702,3902.0
Cairo_y2020.tif,1315,0.8129277566539924,0.2981901140684411,Cairo,0,18566,3902.0
Cairo_y2020.tif,12444,0.0,0.027331645773063323,Cairo,0,18750,3902.0
Cairo_y2020.tif,2043,0.8835046500244738,0.3118746940773373,Cairo,0,18581,3902.0
Cairo_y2020.tif,2133,0.9807782466010314,0.34985935302390997,Cairo,0,18633,3902.0
Cairo_y2020.tif,10335,0.47402031930333816,0.20366134494436383,Cairo,0,18798,3902.0
Cairo_y2020.tif,5415,0.8188365650969529,0.29608494921514317,Cairo,0,18833,3902.0
Cairo_y2020.tif,20976,0.0,0.01665188787185355,Cairo,0,18908,3902.0
Cairo_y2020.tif,3939,0.45036811373445035,0.2084056867225184,Cairo,0,18723,3902.0
Cairo_y2020.tif,2685,0.6905027932960894,0.24570577281191808,Cairo,0,18673,3902.0
Cairo_y2020.tif,845,0.021301775147928994,0.06240236686390533,Cairo,0,18649,3902.0
Cairo_y2020.tif,5540,0.15974729241877256,0.09173646209386283,Cairo,0,18795,3902.0
Cairo_y2020.tif,2231,0.36709995517705063,0.14264679515912146,Cairo,0,18707,3902.0
Cairo_y2020.tif,2755,0.9949183303085299,0.3951052631578948,Cairo,0,18732,3902.0
Cairo_y2020.tif,2576,0.6634316770186336,0.24539984472049692,Cairo,0,18614,3902.0
Cairo_y2020.tif,1120,1.0,0.35560714285714284,Cairo,0,18708,3902.0
Cairo_y2020.tif,3379,0.4794317845516425,0.18959011541876294,Cairo,0,18788,3902.0
Cairo_y2020.tif,2183,0.9180027485112231,0.352256069628951,Cairo,0,18748,3902.0
Cairo_y2020.tif,2115,0.5087470449172576,0.21765248226950354,Cairo,0,18815,3902.0
Cairo_y2020.tif,1569,0.04780114722753346,0.06783938814531548,Cairo,0,18771,3902.0
Cairo_y2020.tif,1760,0.9073863636363636,0.31080397727272735,Cairo,0,18819,3902.0
Cairo_y2020.tif,5442,0.28371922087467843,0.11783902976846747,Cairo,0,18872,3902.0
Cairo_y2020.tif,1223,0.8511856091578087,0.3357522485690924,Cairo,0,18840,3902.0
Cairo_y2020.tif,2020,0.5222772277227723,0.18377970297029703,Cairo,0,18854,3902.0
Cairo_y2020.tif,698,1.0,0.3963323782234957,Cairo,0,18828,3902.0
Cairo_y2020.tif,1125,0.9591111111111111,0.34242222222222224,Cairo,0,18841,3902.0
Cairo_y2020.tif,5793,0.893837389953392,0.31574227515967546,Cairo,0,18913,3902.0
Cairo_y2020.tif,733,0.1800818553888131,0.12989085948158255,Cairo,0,18856,3902.0
Cairo_y2020.tif,1080,1.0,0.37012500000000004,Cairo,0,18920,3902.0
Cairo_y2020.tif,631,0.7337559429477021,0.27425515055467514,Cairo,0,18918,3902.0
Cairo_y2020.tif,634,0.9889589905362776,0.3272791798107256,Cairo,0,18925,3902.0
Cairo_y2020.tif,2987,0.13793103448275862,0.10544526280549046,Cairo,0,18974,3902.0
Cairo_y2020.tif,2208,0.9515398550724637,0.32791440217391304,Cairo,0,18939,3902.0
Cairo_y2020.tif,858,0.986013986013986,0.32065850815850816,Cairo,0,18945,3902.0
Cairo_y2020.tif,718,0.4637883008356546,0.12722144846796657,Cairo,0,18948,3902.0
Cairo_y2020.tif,1262,0.48415213946117275,0.17493264659271,Cairo,0,18957,3902.0
Cairo_y2020.tif,498,0.08634538152610442,0.167359437751004,Cairo,0,18960,3902.0
Cairo_y2020.tif,2137,0.8816097332709406,0.344370613008891,Cairo,0,18961,3902.0
Cairo_y2020.tif,8265,0.0,0.024429522081064733,Cairo,0,18936,3902.0
Cairo_y2020.tif,24406,0.024297303941653692,0.028534171924936496,Cairo,0,19006,3902.0
Cairo_y2020.tif,2053,1.0,0.38735265465172913,Cairo,0,18937,3902.0
Cairo_y2020.tif,2012,0.8046719681908548,0.31018638170974155,Cairo,0,18980,3902.0
Cairo_y2020.tif,62477,0.2866334811210525,0.1326810666325208,Cairo,0,19208,3902.0
Cairo_y2020.tif,23543,0.0,0.01954614959860681,Cairo,0,19131,3902.0
Cairo_y2020.tif,14737,0.0,0.021862997896451113,Cairo,0,19199,3902.0
Cairo_y2020.tif,25891,0.0,0.017564404619365804,Cairo,0,19197,3902.0
Cairo_y2020.tif,2252,0.6025754884547069,0.20278197158081704,Cairo,0,19107,3902.0
Cairo_y2020.tif,1642,0.682095006090134,0.19987819732034107,Cairo,0,19134,3902.0
Cairo_y2020.tif,2088,0.7461685823754789,0.254676724137931,Cairo,0,19137,3902.0
Cairo_y2020.tif,10350,0.02328502415458937,0.062047342995169084,Cairo,0,19205,3902.0
Cairo_y2020.tif,5543,0.12881111311564136,0.057376871730110045,Cairo,0,19147,3902.0
Cairo_y2020.tif,4010,0.3623441396508728,0.14303241895261848,Cairo,0,19149,3902.0
Cairo_y2020.tif,2157,0.011590171534538712,0.0032127955493741304,Cairo,0,19171,3902.0
Cairo_y2020.tif,3914,0.5298926928972918,0.17375447112927953,Cairo,0,19215,3902.0
Cairo_y2020.tif,9535,0.7680125852123755,0.25738542212899845,Cairo,0,19172,3902.0
Cairo_y2020.tif,2892,0.41632088520055327,0.14556016597510374,Cairo,0,19220,3902.0
Cairo_y2020.tif,23847,0.10315762989055227,0.06177234033631065,Cairo,0,19495,3902.0
Cairo_y2020.tif,16282,0.08837980592064856,0.02970795971010932,Cairo,0,19309,3902.0
Cairo_y2020.tif,7754,0.27302037657982975,0.0984208150631932,Cairo,0,19308,3902.0
Cairo_y2020.tif,24161,0.3141012375315591,0.12875460452795828,Cairo,0,19368,3902.0
Cairo_y2020.tif,8987,0.28307555357738956,0.1321864915989763,Cairo,0,19364,3902.0
Cairo_y2020.tif,92707,0.0021681210696063943,0.017577259538114707,Cairo,0,19514,3902.0
Cairo_y2020.tif,17807,0.13573313865333858,0.04885101364631887,Cairo,0,19517,3902.0
Cairo_y2020.tif,11539,0.12124100875292486,0.0745554207470318,Cairo,0,19515,3902.0
Cairo_y2020.tif,10880,0.6066176470588235,0.2145064338235294,Cairo,0,19516,3902.0
Cairo_y2020.tif,25594,0.0,0.0,Cairo,0,20454,3902.0
Cairo_y2020.tif,2277,0.6253842775581906,0.22655028546332895,Cairo,0,20155,3902.0
Cairo_y2020.tif,12934,0.0008504716251739601,0.014327354260089686,Cairo,0,20270,3902.0
Cairo_y2020.tif,2647,0.8949754438987533,0.293724971666037,Cairo,0,20165,3902.0
Cairo_y2020.tif,11769,0.2720706941966182,0.13230053530461383,Cairo,0,20180,3902.0
Cairo_y2020.tif,2009,0.9990044798407167,0.36209556993529124,Cairo,0,20171,3902.0
Cairo_y2020.tif,12543,0.26508809694650404,0.10322929123814079,Cairo,0,20194,3902.0
Cairo_y2020.tif,4764,0.26133501259445846,0.12414882451721243,Cairo,0,20189,3902.0
Cairo_y2020.tif,3266,0.9902020820575628,0.37398346601347215,Cairo,0,20190,3902.0
Cairo_y2020.tif,6782,0.2083456207608375,0.09708419345325862,Cairo,0,20206,3902.0
Cairo_y2020.tif,39451,0.02722364452105143,0.03458873032369268,Cairo,0,20271,3902.0
Cairo_y2020.tif,2880,0.628125,0.26290451388888886,Cairo,1,20090,3902.0
Cairo_y2020.tif,14739,0.0567202659610557,0.06629215007802429,Cairo,0,20105,3902.0
Cairo_y2020.tif,29928,0.023322641005078856,0.04389484763432238,Cairo,0,20128,3902.0
Cairo_y2020.tif,40061,0.009086143630962782,0.031057512293752032,Cairo,0,20153,3902.0
Cairo_y2020.tif,18146,0.08762261655461259,0.0776868180315221,Cairo,0,20164,3902.0
Cairo_y2020.tif,17830,0.009646662927650028,0.03420050476724622,Cairo,0,20157,3902.0
Cairo_y2020.tif,3569,0.644438217988232,0.24882039787055196,Cairo,0,20202,3902.0
Cairo_y2020.tif,53479,0.0018885917836907946,0.019825165018044467,Cairo,0,20279,3902.0
Cairo_y2020.tif,16481,0.00012135185971725017,0.02168709422971907,Cairo,0,20300,3902.0
Cairo_y2020.tif,10551,0.13202540043597763,0.0619263576912141,Cairo,0,20320,3902.0
Cairo_y2020.tif,8861,0.0,0.00120076740774179,Cairo,0,20321,3902.0
Cairo_y2020.tif,12865,0.2974737660318694,0.12642168674698795,Cairo,0,20350,3902.0
Cairo_y2020.tif,4325,0.4476300578034682,0.17239190751445088,Cairo,0,20352,3902.0
Cairo_y2020.tif,5012,0.7515961691939346,0.27939345570630486,Cairo,0,20363,3902.0
Cairo_y2020.tif,1755,0.8700854700854701,0.33186039886039886,Cairo,0,20360,3902.0
Cairo_y2020.tif,629,1.0,0.39060413354531004,Cairo,0,20357,3902.0
Cairo_y2020.tif,2759,1.0,0.3888528452337804,Cairo,0,20378,3902.0
Cairo_y2020.tif,1478,1.0,0.3542117726657646,Cairo,0,20374,3902.0
Cairo_y2020.tif,1179,0.9796437659033079,0.358206106870229,Cairo,1,20375,3902.0
Cairo_y2020.tif,1037,1.0,0.3852507232401157,Cairo,0,20379,3902.0
Cairo_y2020.tif,34537,0.11732345021281525,0.07153429655152445,Cairo,0,20287,3902.0
Cairo_y2020.tif,26495,0.004944329118701642,0.032049820720890736,Cairo,0,20309,3902.0
Cairo_y2020.tif,87824,0.027076881034796867,0.015281585899070868,Cairo,0,20370,3902.0
Cairo_y2020.tif,3438,0.0,0.0,Cairo,0,20432,3902.0
Cairo_y2020.tif,38008,0.03822879393811829,0.03034124394864239,Cairo,0,20401,3902.0
Cairo_y2020.tif,68624,0.0070092096059687576,0.003896523082303567,Cairo,0,20433,3902.0
Cairo_y2020.tif,9150,0.00819672131147541,0.019015300546448087,Cairo,0,20463,3902.0
Cairo_y2020.tif,11926,0.07856783498239141,0.029765218849572363,Cairo,0,20444,3902.0
Cairo_y2020.tif,4911,0.0,0.0,Cairo,0,20424,3902.0
Cairo_y2020.tif,4999,0.0,0.002310462092418484,Cairo,0,20462,3902.0
Cairo_y2020.tif,7595,0.0,0.0,Cairo,0,20447,3902.0
Cairo_y2020.tif,447,0.0,0.0,Cairo,0,20443,3902.0
Cairo_y2020.tif,4520,0.5168141592920354,0.21775884955752212,Cairo,0,20386,3902.0
Cairo_y2020.tif,837,1.0,0.3830167264038232,Cairo,0,20388,3902.0
Cairo_y2020.tif,34595,0.06639687816158404,0.02645642433877728,Cairo,0,20412,3902.0
Cairo_y2020.tif,25064,0.044765400574529206,0.024618177465687837,Cairo,0,20417,3902.0
Cairo_y2020.tif,30583,0.047510054605499785,0.019683157309616454,Cairo,0,20434,3902.0
Cairo_y2020.tif,318,0.0,0.0,Cairo,0,20442,3902.0
Cairo_y2020.tif,31993,0.0,0.0,Cairo,0,20453,3902.0
Cairo_y2020.tif,817,0.9902080783353733,0.36286413708690335,Cairo,0,20292,3902.0
Cairo_y2020.tif,3821,0.6864695105993196,0.2890748495158335,Cairo,0,20306,3902.0
Cairo_y2020.tif,3613,0.5031829504566842,0.2547412122889566,Cairo,0,20296,3902.0
Cairo_y2020.tif,24200,0.06409090909090909,0.03556797520661157,Cairo,0,20316,3902.0
Cairo_y2020.tif,1168,0.997431506849315,0.3786515410958904,Cairo,1,20311,3902.0
Cairo_y2020.tif,15096,0.08730789613142555,0.04624735029146795,Cairo,0,20334,3902.0
Cairo_y2020.tif,956,0.0,0.04531903765690377,Cairo,0,16527,3902.0
Cairo_y2020.tif,1432,0.9378491620111732,0.29084846368715084,Cairo,0,16590,3902.0
Cairo_y2020.tif,1994,0.044132397191574725,0.07004262788365097,Cairo,0,16588,3902.0
Cairo_y2020.tif,460,0.0,0.049369565217391304,Cairo,1,16583,3902.0
Cairo_y2020.tif,1112,0.0,0.024820143884892086,Cairo,1,16536,3902.0
Cairo_y2020.tif,3761,0.0,0.05620579633076309,Cairo,0,16744,3902.0
Cairo_y2020.tif,727,0.0,0.03864511691884456,Cairo,0,16623,3902.0
Cairo_y2020.tif,1095,0.0,0.07824657534246576,Cairo,1,16642,3902.0
Cairo_y2020.tif,965,0.0,0.128839378238342,Cairo,0,16602,3902.0
Cairo_y2020.tif,1349,0.5559673832468495,0.22410303928836176,Cairo,0,16657,3902.0
Cairo_y2020.tif,875,0.9531428571428572,0.3242,Cairo,0,16551,3902.0
Cairo_y2020.tif,1530,1.0,0.3729248366013072,Cairo,1,16691,3902.0
Cairo_y2020.tif,706,0.876770538243626,0.3419050991501416,Cairo,1,16656,3902.0
Cairo_y2020.tif,641,1.0,0.3923322932917317,Cairo,1,16620,3902.0
Cairo_y2020.tif,791,0.9848293299620733,0.3470290771175727,Cairo,1,16650,3902.0
Cairo_y2020.tif,608,0.8305921052631579,0.3037171052631579,Cairo,1,16630,3902.0
Cairo_y2020.tif,922,0.7863340563991323,0.29398590021691967,Cairo,1,16631,3902.0
Cairo_y2020.tif,749,1.0,0.37493324432576774,Cairo,1,16689,3902.0
Cairo_y2020.tif,888,1.0,0.40579391891891897,Cairo,0,16635,3902.0
Cairo_y2020.tif,475,1.0,0.39377894736842106,Cairo,1,16720,3902.0
Cairo_y2020.tif,585,0.0,0.081,Cairo,0,16558,3902.0
Cairo_y2020.tif,597,0.0033500837520938024,0.11741206030150754,Cairo,0,16612,3902.0
Cairo_y2020.tif,3687,0.26634119880661783,0.13717114184974233,Cairo,0,16702,3902.0
Cairo_y2020.tif,579,0.0,0.0903195164075993,Cairo,0,16654,3902.0
Cairo_y2020.tif,9690,0.3066047471620227,0.14045768833849331,Cairo,0,16917,3902.0
Cairo_y2020.tif,780,0.491025641025641,0.21176923076923077,Cairo,0,16682,3902.0
Cairo_y2020.tif,651,0.576036866359447,0.23483870967741935,Cairo,0,16700,3902.0
Cairo_y2020.tif,3763,0.5320223226149349,0.22870714855168747,Cairo,0,16841,3902.0
Cairo_y2020.tif,944,0.1832627118644068,0.1499364406779661,Cairo,0,16778,3902.0
Cairo_y2020.tif,1353,0.7272727272727273,0.26174057649667404,Cairo,0,16769,3902.0
Cairo_y2020.tif,2056,0.0,0.05407344357976654,Cairo,0,16717,3902.0
Cairo_y2020.tif,522,0.007662835249042145,0.11550766283524905,Cairo,0,16669,3902.0
Cairo_y2020.tif,675,0.0,0.01506666666666667,Cairo,0,16698,3902.0
Cairo_y2020.tif,508,0.0,0.046062992125984255,Cairo,0,16712,3902.0
Cairo_y2020.tif,873,0.0,0.0165979381443299,Cairo,0,16710,3902.0
Cairo_y2020.tif,707,0.0,0.027312588401697317,Cairo,0,16799,3902.0
Cairo_y2020.tif,546,0.0,0.15207875457875458,Cairo,0,16758,3902.0
Cairo_y2020.tif,2338,0.5966638152266894,0.22411676646706588,Cairo,0,16872,3902.0
Cairo_y2020.tif,828,0.0,0.014722222222222223,Cairo,0,16825,3902.0
Cairo_y2020.tif,2305,0.47635574837310196,0.19786334056399132,Cairo,0,16896,3902.0
Cairo_y2020.tif,497,1.0,0.35697183098591545,Cairo,0,16699,3902.0
Cairo_y2020.tif,1107,0.987353206865402,0.37225835591689255,Cairo,1,16753,3902.0
Cairo_y2020.tif,1408,1.0,0.35132457386363636,Cairo,1,16757,3902.0
Cairo_y2020.tif,448,0.7276785714285714,0.26628348214285713,Cairo,1,16749,3902.0
Cairo_y2020.tif,2019,0.8484398216939079,0.3411267954432887,Cairo,1,16816,3902.0
Cairo_y2020.tif,365,1.0,0.41764383561643836,Cairo,1,16796,3902.0
Cairo_y2020.tif,1091,0.9871677360219981,0.37572868927589365,Cairo,1,16828,3902.0
Cairo_y2020.tif,1297,0.9992289899768697,0.3791865844255975,Cairo,1,16805,3902.0
Cairo_y2020.tif,688,0.9796511627906976,0.33428779069767445,Cairo,1,16852,3902.0
Cairo_y2020.tif,462,0.7619047619047619,0.327521645021645,Cairo,0,16854,3902.0
Cairo_y2020.tif,874,0.0,0.07039473684210526,Cairo,0,16886,3902.0
Cairo_y2020.tif,887,0.0,0.15288613303269447,Cairo,0,16843,3902.0
Cairo_y2020.tif,370,0.0,0.014851351351351355,Cairo,0,16889,3902.0
Cairo_y2020.tif,4306,0.0018578727357176034,0.06380747793776126,Cairo,0,16975,3902.0
Cairo_y2020.tif,1214,0.0,0.020321252059308074,Cairo,0,16906,3902.0
Cairo_y2020.tif,399,0.007518796992481203,0.16429824561403508,Cairo,0,16912,3902.0
Cairo_y2020.tif,809,0.0,0.06673671199011125,Cairo,0,16926,3902.0
Cairo_y2020.tif,1017,0.0019665683382497543,0.1669960668633235,Cairo,0,16923,3902.0
Cairo_y2020.tif,702,0.9757834757834758,0.2681980056980057,Cairo,0,16998,3902.0
Cairo_y2020.tif,436,0.0,0.039678899082568816,Cairo,0,16982,3902.0
Cairo_y2020.tif,1032,0.9941860465116279,0.3679796511627907,Cairo,1,16809,3902.0
Cairo_y2020.tif,1326,0.3491704374057315,0.1696493212669683,Cairo,0,16855,3902.0
Cairo_y2020.tif,752,0.3603723404255319,0.19133643617021276,Cairo,0,16898,3902.0
Cairo_y2020.tif,348,1.0,0.33794540229885056,Cairo,0,16888,3902.0
Cairo_y2020.tif,2344,0.3822525597269625,0.1623250853242321,Cairo,0,16954,3902.0
Cairo_y2020.tif,352,1.0,0.3806960227272727,Cairo,1,16867,3902.0
Cairo_y2020.tif,749,0.8958611481975968,0.319479305740988,Cairo,1,16894,3902.0
Cairo_y2020.tif,413,0.9951573849878934,0.3631840193704601,Cairo,1,16961,3902.0
Cairo_y2020.tif,611,1.0,0.36919803600654666,Cairo,1,16952,3902.0
Cairo_y2020.tif,374,1.0,0.35410427807486633,Cairo,1,16996,3902.0
Cairo_y2020.tif,3026,0.8450099140779908,0.33027263714474553,Cairo,1,16904,3902.0
Cairo_y2020.tif,861,0.9883855981416957,0.380760743321719,Cairo,1,16905,3902.0
Cairo_y2020.tif,1330,1.0,0.42753383458646615,Cairo,1,16920,3902.0
Cairo_y2020.tif,638,0.9952978056426333,0.38391065830721005,Cairo,1,16878,3902.0
Cairo_y2020.tif,1108,0.9476534296028881,0.30458032490974724,Cairo,1,16966,3902.0
Cairo_y2020.tif,1221,0.9582309582309583,0.3140499590499591,Cairo,1,16948,3902.0
Cairo_y2020.tif,825,1.0,0.40889696969696976,Cairo,1,16910,3902.0
Cairo_y2020.tif,1303,1.0,0.38411358403683804,Cairo,1,17007,3902.0
Cairo_y2020.tif,1402,0.9985734664764622,0.4021611982881597,Cairo,0,16992,3902.0
Cairo_y2020.tif,1816,0.9851321585903083,0.36466134361233477,Cairo,0,16987,3902.0
Cairo_y2020.tif,422,0.9786729857819905,0.33876777251184836,Cairo,0,17002,3902.0
Cairo_y2020.tif,868,1.0,0.38699884792626726,Cairo,0,17045,3902.0
Cairo_y2020.tif,3155,0.4637083993660856,0.17997939778129954,Cairo,0,17144,3902.0
Cairo_y2020.tif,1826,0.6029572836801752,0.21511774370208106,Cairo,0,17040,3902.0
Cairo_y2020.tif,1031,0.9214354995150339,0.31323957322987395,Cairo,1,17062,3902.0
Cairo_y2020.tif,631,0.0,0.04126782884310618,Cairo,0,17092,3902.0
Cairo_y2020.tif,525,1.0,0.3814190476190476,Cairo,1,17126,3902.0
Cairo_y2020.tif,491,0.7026476578411406,0.23366598778004075,Cairo,0,17129,3902.0
Cairo_y2020.tif,608,0.9555921052631579,0.31510690789473683,Cairo,1,17142,3902.0
Cairo_y2020.tif,993,0.8559919436052367,0.31425478348439073,Cairo,1,17157,3902.0
Cairo_y2020.tif,635,1.0,0.4114330708661417,Cairo,1,17026,3902.0
Cairo_y2020.tif,1004,0.9412350597609562,0.33525896414342626,Cairo,0,16915,3902.0
Cairo_y2020.tif,456,1.0,0.3646271929824561,Cairo,1,17024,3902.0
Cairo_y2020.tif,637,0.8963893249607535,0.286938775510204,Cairo,1,17029,3902.0
Cairo_y2020.tif,720,0.8486111111111111,0.3309930555555555,Cairo,1,17075,3902.0
Cairo_y2020.tif,1059,1.0,0.4072143531633617,Cairo,0,17095,3902.0
Cairo_y2020.tif,597,0.998324958123953,0.3176298157453936,Cairo,1,17106,3902.0
Cairo_y2020.tif,1066,1.0,0.40107879924953094,Cairo,1,17108,3902.0
Cairo_y2020.tif,1067,1.0,0.4109325210871603,Cairo,1,17128,3902.0
Cairo_y2020.tif,506,1.0,0.41365612648221345,Cairo,1,17112,3902.0
Cairo_y2020.tif,485,1.0,0.40451546391752585,Cairo,1,16441,3902.0
Cairo_y2020.tif,736,1.0,0.3947961956521739,Cairo,1,16439,3902.0
Cairo_y2020.tif,804,0.43034825870646765,0.17551616915422888,Cairo,0,16511,3902.0
Cairo_y2020.tif,462,0.683982683982684,0.2700324675324675,Cairo,0,16505,3902.0
Cairo_y2020.tif,1080,0.425,0.18036574074074074,Cairo,0,16528,3902.0
Cairo_y2020.tif,654,0.9938837920489296,0.3525993883792049,Cairo,1,16514,3902.0
Cairo_y2020.tif,708,1.0,0.38795903954802263,Cairo,0,16512,3902.0
Cairo_y2020.tif,615,1.0,0.402219512195122,Cairo,0,16587,3902.0
Cairo_y2020.tif,1048,0.851145038167939,0.2995849236641221,Cairo,0,16566,3902.0
Cairo_y2020.tif,404,0.7524752475247525,0.27931930693069307,Cairo,1,16585,3902.0
Cairo_y2020.tif,591,0.9847715736040609,0.4060152284263959,Cairo,1,16593,3902.0
Cairo_y2020.tif,970,0.24742268041237114,0.21427319587628865,Cairo,0,16532,3902.0
Cairo_y2020.tif,966,0.9958592132505176,0.38073498964803315,Cairo,1,16592,3902.0
Cairo_y2020.tif,380,0.9815789473684211,0.40043421052631567,Cairo,0,16568,3902.0
Cairo_y2020.tif,1578,0.9784537389100126,0.37058301647655256,Cairo,1,16641,3902.0
Cairo_y2020.tif,573,1.0,0.4487085514834206,Cairo,1,16559,3902.0
Cairo_y2020.tif,620,0.5258064516129032,0.1906854838709678,Cairo,1,16670,3902.0
Cairo_y2020.tif,459,0.9934640522875817,0.39090413943355123,Cairo,1,16680,3902.0
Cairo_y2020.tif,495,1.0,0.3809090909090909,Cairo,0,16687,3902.0
Cairo_y2020.tif,784,0.548469387755102,0.2737627551020408,Cairo,1,16684,3902.0
Cairo_y2020.tif,524,0.9732824427480916,0.33560114503816796,Cairo,1,16560,3902.0
Cairo_y2020.tif,422,0.9976303317535545,0.3243838862559242,Cairo,1,16615,3902.0
Cairo_y2020.tif,593,0.8785834738617201,0.351070826306914,Cairo,0,16667,3902.0
Cairo_y2020.tif,841,0.5850178359096314,0.2851010701545779,Cairo,1,16661,3902.0
Cairo_y2020.tif,723,1.0,0.39652143845089904,Cairo,1,16575,3902.0
Cairo_y2020.tif,646,1.0,0.4135371517027864,Cairo,1,16637,3902.0
Cairo_y2020.tif,316,1.0,0.33800632911392403,Cairo,1,16666,3902.0
Cairo_y2020.tif,818,0.9682151589242054,0.3830256723716382,Cairo,1,16705,3902.0
Cairo_y2020.tif,786,1.0,0.36090330788804076,Cairo,1,16673,3902.0
Cairo_y2020.tif,438,0.9931506849315068,0.3710045662100457,Cairo,1,16690,3902.0
Cairo_y2020.tif,1388,1.0,0.4277161383285302,Cairo,0,16543,3902.0
Cairo_y2020.tif,688,1.0,0.3826162790697675,Cairo,1,16610,3902.0
Cairo_y2020.tif,1269,0.996059889676911,0.3663002364066194,Cairo,1,16618,3902.0
Cairo_y2020.tif,969,1.0,0.4252579979360165,Cairo,1,16614,3902.0
Cairo_y2020.tif,1047,1.0,0.39086914995224453,Cairo,1,16629,3902.0
Cairo_y2020.tif,1048,0.5906488549618321,0.25626431297709923,Cairo,1,16693,3902.0
Cairo_y2020.tif,1984,1.0,0.4008795362903225,Cairo,1,16763,3902.0
Cairo_y2020.tif,691,1.0,0.41135311143270625,Cairo,1,16729,3902.0
Cairo_y2020.tif,2656,0.49623493975903615,0.19971950301204816,Cairo,1,16845,3902.0
Cairo_y2020.tif,699,0.9814020028612304,0.3768097281831187,Cairo,1,16817,3902.0
Cairo_y2020.tif,462,1.0,0.4172619047619047,Cairo,1,16743,3902.0
Cairo_y2020.tif,680,0.5838235294117647,0.2717352941176471,Cairo,1,16781,3902.0
Cairo_y2020.tif,716,1.0,0.3819972067039106,Cairo,1,16738,3902.0
Cairo_y2020.tif,728,1.0,0.3880357142857143,Cairo,1,16754,3902.0
Cairo_y2020.tif,631,1.0,0.40411251980982565,Cairo,1,16675,3902.0
Cairo_y2020.tif,302,1.0,0.375794701986755,Cairo,1,16780,3902.0
Cairo_y2020.tif,479,0.9331941544885177,0.31052192066805845,Cairo,1,16755,3902.0
Cairo_y2020.tif,375,0.9013333333333333,0.32827999999999996,Cairo,1,16797,3902.0
Cairo_y2020.tif,422,1.0,0.37781990521327014,Cairo,1,16821,3902.0
Cairo_y2020.tif,531,1.0,0.44049905838041425,Cairo,1,16787,3902.0
Cairo_y2020.tif,474,1.0,0.35015822784810124,Cairo,1,16708,3902.0
Cairo_y2020.tif,745,1.0,0.43310738255033554,Cairo,1,16677,3902.0
Cairo_y2020.tif,366,1.0,0.3698633879781421,Cairo,1,16737,3902.0
Cairo_y2020.tif,480,1.0,0.31783333333333336,Cairo,1,16739,3902.0
Cairo_y2020.tif,828,0.4577294685990338,0.24661835748792268,Cairo,0,16789,3902.0
Cairo_y2020.tif,1538,0.9336801040312094,0.38736996098829657,Cairo,1,16837,3902.0
Cairo_y2020.tif,993,1.0,0.4066314199395771,Cairo,1,16801,3902.0
Cairo_y2020.tif,780,1.0,0.36905128205128207,Cairo,1,16844,3902.0
Cairo_y2020.tif,528,0.9450757575757576,0.3945549242424243,Cairo,1,16875,3902.0
Cairo_y2020.tif,351,1.0,0.38923076923076927,Cairo,1,16892,3902.0
Cairo_y2020.tif,5451,0.5188038891946432,0.22701981287837097,Cairo,0,17432,3902.0
Cairo_y2020.tif,808,0.969059405940594,0.40853960396039607,Cairo,1,16930,3902.0
Cairo_y2020.tif,509,0.9508840864440079,0.4154518664047152,Cairo,1,16958,3902.0
Cairo_y2020.tif,820,1.0,0.4222439024390244,Cairo,1,16979,3902.0
Cairo_y2020.tif,2911,0.08691171418756441,0.06311748540020612,Cairo,0,17027,3902.0
Cairo_y2020.tif,783,1.0,0.4250446998722861,Cairo,1,17032,3902.0
Cairo_y2020.tif,514,0.9941634241245136,0.3787548638132296,Cairo,1,16971,3902.0
Cairo_y2020.tif,746,0.6474530831099196,0.32072386058981234,Cairo,1,17036,3902.0
Cairo_y2020.tif,479,0.9958246346555324,0.35939457202505215,Cairo,1,17067,3902.0
Cairo_y2020.tif,511,0.786692759295499,0.3466046966731898,Cairo,1,17088,3902.0
Cairo_y2020.tif,431,1.0,0.4404872389791183,Cairo,1,16820,3902.0
Cairo_y2020.tif,898,0.9599109131403119,0.3450055679287305,Cairo,1,16847,3902.0
Cairo_y2020.tif,463,1.0,0.4195896328293736,Cairo,1,16862,3902.0
Cairo_y2020.tif,881,1.0,0.43636208853575487,Cairo,1,16882,3902.0
Cairo_y2020.tif,310,1.0,0.39020967741935486,Cairo,1,16879,3902.0
Cairo_y2020.tif,1091,0.9926672777268561,0.37227772685609534,Cairo,1,16902,3902.0
Cairo_y2020.tif,446,1.0,0.45179372197309425,Cairo,1,16901,3902.0
Cairo_y2020.tif,1664,1.0,0.4450540865384616,Cairo,1,16983,3902.0
Cairo_y2020.tif,1445,1.0,0.44248442906574403,Cairo,1,16990,3902.0
Cairo_y2020.tif,1087,1.0,0.39165133394664214,Cairo,1,17013,3902.0
Cairo_y2020.tif,1144,0.611013986013986,0.27941433566433566,Cairo,1,16814,3902.0
Cairo_y2020.tif,1186,1.0,0.43154300168634063,Cairo,1,16839,3902.0
Cairo_y2020.tif,1073,0.6933830382106244,0.27535414725069896,Cairo,0,16873,3902.0
Cairo_y2020.tif,779,0.693196405648267,0.3111103979460847,Cairo,1,16885,3902.0
Cairo_y2020.tif,927,1.0,0.4332901833872707,Cairo,1,16921,3902.0
Cairo_y2020.tif,1269,0.9992119779353822,0.4027186761229314,Cairo,1,16911,3902.0
Cairo_y2020.tif,2837,0.702855128657032,0.2782164258019034,Cairo,1,17015,3902.0
Cairo_y2020.tif,1882,1.0,0.4258607863974495,Cairo,1,17109,3902.0
Cairo_y2020.tif,616,1.0,0.44857954545454554,Cairo,1,17025,3902.0
Cairo_y2020.tif,3271,1.0,0.4350672577193519,Cairo,1,17120,3902.0
Cairo_y2020.tif,1040,1.0,0.38642788461538463,Cairo,1,16976,3902.0
Cairo_y2020.tif,701,1.0,0.42253922967189733,Cairo,1,17034,3902.0
Cairo_y2020.tif,1344,1.0,0.44771205357142857,Cairo,1,17099,3902.0
Cairo_y2020.tif,1132,1.0,0.432654593639576,Cairo,1,17084,3902.0
Cairo_y2020.tif,1220,1.0,0.4245983606557377,Cairo,1,17139,3902.0
Cairo_y2020.tif,1345,0.8356877323420074,0.3437843866171004,Cairo,1,17089,3902.0
Cairo_y2020.tif,762,1.0,0.4152427821522309,Cairo,1,17074,3902.0
Cairo_y2020.tif,885,1.0,0.43996045197740113,Cairo,1,17203,3902.0
Cairo_y2020.tif,1062,1.0,0.4381214689265537,Cairo,1,17175,3902.0
Cairo_y2020.tif,951,1.0,0.4479127234490011,Cairo,1,17191,3902.0
Cairo_y2020.tif,482,0.0954356846473029,0.09812240663900415,Cairo,0,16786,3902.0
Cairo_y2020.tif,1973,0.0040547389761784085,0.028015712113532695,Cairo,0,16804,3902.0
Cairo_y2020.tif,349,0.8624641833810889,0.3151289398280802,Cairo,1,16762,3902.0
Cairo_y2020.tif,354,0.6214689265536724,0.24704802259887004,Cairo,1,16834,3902.0
Cairo_y2020.tif,777,0.8082368082368082,0.312947232947233,Cairo,0,16838,3902.0
Cairo_y2020.tif,323,0.8080495356037152,0.29724458204334364,Cairo,1,16871,3902.0
Cairo_y2020.tif,222,0.5675675675675675,0.27851351351351356,Cairo,1,16877,3902.0
Cairo_y2020.tif,375,0.992,0.37808,Cairo,1,16950,3902.0
Cairo_y2020.tif,213,0.9906103286384976,0.3853990610328639,Cairo,1,16955,3902.0
Cairo_y2020.tif,216,1.0,0.38287037037037036,Cairo,1,16959,3902.0
Cairo_y2020.tif,422,0.9597156398104265,0.306090047393365,Cairo,0,16827,3902.0
Cairo_y2020.tif,455,1.0,0.4467032967032967,Cairo,1,16830,3902.0
Cairo_y2020.tif,398,1.0,0.4122110552763819,Cairo,1,16858,3902.0
Cairo_y2020.tif,195,0.4205128205128205,0.24476923076923077,Cairo,1,16860,3902.0
Cairo_y2020.tif,238,1.0,0.35903361344537815,Cairo,1,16869,3902.0
Cairo_y2020.tif,440,1.0,0.44821590909090914,Cairo,1,16864,3902.0
Cairo_y2020.tif,681,0.35976505139500736,0.23384728340675479,Cairo,0,16938,3902.0
Cairo_y2020.tif,258,1.0,0.4372868217054264,Cairo,1,16891,3902.0
Cairo_y2020.tif,494,0.7206477732793523,0.2902024291497976,Cairo,1,16925,3902.0
Cairo_y2020.tif,563,1.0,0.39994671403197163,Cairo,1,16907,3902.0
Cairo_y2020.tif,454,0.986784140969163,0.34289647577092514,Cairo,1,16842,3902.0
Cairo_y2020.tif,470,0.9851063829787234,0.35679787234042554,Cairo,1,16851,3902.0
Cairo_y2020.tif,344,0.9912790697674418,0.3275581395348837,Cairo,1,16866,3902.0
Cairo_y2020.tif,503,0.9840954274353877,0.33750497017892644,Cairo,1,16846,3902.0
Cairo_y2020.tif,423,0.9763593380614657,0.33557919621749405,Cairo,1,16880,3902.0
Cairo_y2020.tif,589,0.6689303904923599,0.2639728353140917,Cairo,1,16931,3902.0
Cairo_y2020.tif,657,0.9467275494672754,0.328820395738204,Cairo,1,16919,3902.0
Cairo_y2020.tif,217,1.0,0.39057603686635944,Cairo,1,16887,3902.0
Cairo_y2020.tif,284,1.0,0.3920598591549296,Cairo,1,16924,3902.0
Cairo_y2020.tif,449,0.7216035634743875,0.290445434298441,Cairo,1,16972,3902.0
Cairo_y2020.tif,195,0.9846153846153847,0.3773333333333334,Cairo,1,16962,3902.0
Cairo_y2020.tif,204,0.9901960784313726,0.36225490196078436,Cairo,1,16964,3902.0
Cairo_y2020.tif,194,0.9742268041237113,0.3361082474226805,Cairo,1,16965,3902.0
Cairo_y2020.tif,435,0.9724137931034482,0.34809195402298854,Cairo,1,16913,3902.0
Cairo_y2020.tif,440,1.0,0.42182954545454543,Cairo,1,16939,3902.0
Cairo_y2020.tif,428,0.9883177570093458,0.37510514018691593,Cairo,1,16949,3902.0
Cairo_y2020.tif,281,0.6725978647686833,0.3088078291814947,Cairo,0,16932,3902.0
Cairo_y2020.tif,251,0.9482071713147411,0.36047808764940237,Cairo,1,16945,3902.0
Cairo_y2020.tif,341,0.8504398826979472,0.37555718475073324,Cairo,1,16984,3902.0
Cairo_y2020.tif,192,0.7604166666666666,0.3221614583333334,Cairo,1,16960,3902.0
Cairo_y2020.tif,272,0.0625,0.19354779411764705,Cairo,1,16937,3902.0
Cairo_y2020.tif,489,1.0,0.4340490797546012,Cairo,1,16936,3902.0
Cairo_y2020.tif,235,0.6382978723404256,0.2922553191489362,Cairo,1,16935,3902.0
Cairo_y2020.tif,256,1.0,0.41837890624999996,Cairo,1,16973,3902.0
Cairo_y2020.tif,215,0.9813953488372092,0.3407674418604652,Cairo,0,16986,3902.0
Cairo_y2020.tif,394,1.0,0.42426395939086303,Cairo,1,16997,3902.0
Cairo_y2020.tif,405,0.9604938271604938,0.34332098765432095,Cairo,1,17033,3902.0
Cairo_y2020.tif,523,1.0,0.39086998087954106,Cairo,1,17035,3902.0
Cairo_y2020.tif,1142,0.9246935201401051,0.35739492119089317,Cairo,0,17051,3902.0
Cairo_y2020.tif,421,1.0,0.3706175771971497,Cairo,1,17134,3902.0
Cairo_y2020.tif,229,0.9912663755458515,0.3339301310043668,Cairo,1,16967,3902.0
Cairo_y2020.tif,613,0.9853181076672104,0.31089722675367043,Cairo,1,16993,3902.0
Cairo_y2020.tif,309,0.9352750809061489,0.3872006472491909,Cairo,1,17009,3902.0
Cairo_y2020.tif,186,1.0,0.38836021505376345,Cairo,1,17011,3902.0
Cairo_y2020.tif,194,1.0,0.4169845360824742,Cairo,1,17016,3902.0
Cairo_y2020.tif,285,0.9719298245614035,0.38549122807017544,Cairo,1,17038,3902.0
Cairo_y2020.tif,371,0.31536388140161725,0.23473045822102429,Cairo,1,17022,3902.0
Cairo_y2020.tif,208,1.0,0.42317307692307693,Cairo,1,17058,3902.0
Cairo_y2020.tif,481,0.7276507276507277,0.3026819126819127,Cairo,1,17091,3902.0
Cairo_y2020.tif,780,0.8076923076923077,0.31896153846153846,Cairo,1,17105,3902.0
Cairo_y2020.tif,259,0.9305019305019305,0.35250965250965255,Cairo,1,17005,3902.0
Cairo_y2020.tif,304,0.10855263157894737,0.24302631578947367,Cairo,1,17006,3902.0
Cairo_y2020.tif,443,0.6455981941309256,0.2550112866817156,Cairo,0,17004,3902.0
Cairo_y2020.tif,435,0.9517241379310345,0.3362413793103448,Cairo,1,17012,3902.0
Cairo_y2020.tif,157,0.7579617834394905,0.29786624203821654,Cairo,1,17072,3902.0
Cairo_y2020.tif,170,0.5411764705882353,0.28908823529411765,Cairo,1,17076,3902.0
Cairo_y2020.tif,416,0.11057692307692307,0.22473557692307694,Cairo,0,17100,3902.0
Cairo_y2020.tif,246,0.0,0.19180894308943092,Cairo,1,17110,3902.0
Cairo_y2020.tif,153,0.9281045751633987,0.32516339869281047,Cairo,0,17073,3902.0
Cairo_y2020.tif,359,0.3955431754874652,0.23674094707520893,Cairo,1,17127,3902.0
Cairo_y2020.tif,228,0.9868421052631579,0.3720833333333334,Cairo,0,17135,3902.0
Cairo_y2020.tif,208,0.9519230769230769,0.3700721153846154,Cairo,1,17136,3902.0
Cairo_y2020.tif,220,1.0,0.3853409090909091,Cairo,1,17050,3902.0
Cairo_y2020.tif,482,0.8485477178423236,0.3514107883817428,Cairo,1,17137,3902.0
Cairo_y2020.tif,252,0.8134920634920635,0.26940476190476187,Cairo,1,17090,3902.0
Cairo_y2020.tif,268,1.0,0.38061567164179105,Cairo,1,17093,3902.0
Cairo_y2020.tif,195,1.0,0.4095897435897436,Cairo,1,17096,3902.0
Cairo_y2020.tif,310,0.9741935483870968,0.3522258064516129,Cairo,1,17069,3902.0
Cairo_y2020.tif,200,1.0,0.37405,Cairo,1,17132,3902.0
Cairo_y2020.tif,503,0.7216699801192843,0.32745526838966205,Cairo,1,17159,3902.0
Cairo_y2020.tif,221,0.0,0.14063348416289595,Cairo,1,17102,3902.0
Cairo_y2020.tif,203,1.0,0.4283251231527093,Cairo,1,17068,3902.0
Cairo_y2020.tif,377,0.35278514588859416,0.22087533156498676,Cairo,1,17138,3902.0
Cairo_y2020.tif,281,1.0,0.3632740213523132,Cairo,1,17124,3902.0
Cairo_y2020.tif,435,0.767816091954023,0.3248045977011494,Cairo,1,17141,3902.0
Cairo_y2020.tif,371,1.0,0.43078167115902966,Cairo,1,17155,3902.0
Cairo_y2020.tif,701,1.0,0.3965335235378032,Cairo,1,17151,3902.0
Cairo_y2020.tif,359,0.0,0.08449860724233982,Cairo,0,17158,3902.0
Cairo_y2020.tif,339,0.05309734513274336,0.1323156342182891,Cairo,1,17186,3902.0
Cairo_y2020.tif,376,0.5957446808510638,0.2975531914893617,Cairo,1,17169,3902.0
Cairo_y2020.tif,425,0.12470588235294118,0.1565058823529412,Cairo,1,17113,3902.0
Cairo_y2020.tif,179,0.061452513966480445,0.20416201117318436,Cairo,1,17152,3902.0
Cairo_y2020.tif,1447,0.03248099516240498,0.14850725639253629,Cairo,0,17198,3902.0
Cairo_y2020.tif,310,0.07741935483870968,0.22498387096774194,Cairo,1,17161,3902.0
Cairo_y2020.tif,247,0.0,0.19639676113360321,Cairo,1,17217,3902.0
Cairo_y2020.tif,289,0.0,0.14531141868512112,Cairo,0,17206,3902.0
Cairo_y2020.tif,317,0.05993690851735016,0.20104100946372241,Cairo,1,17240,3902.0
Cairo_y2020.tif,102,0.5588235294117647,0.27348039215686276,Cairo,1,17246,3902.0
Cairo_y2020.tif,255,0.38823529411764707,0.18245098039215688,Cairo,0,17244,3902.0
Cairo_y2020.tif,116,0.05172413793103448,0.21288793103448275,Cairo,1,17254,3902.0
Cairo_y2020.tif,587,1.0,0.4418143100511074,Cairo,1,17146,3902.0
Cairo_y2020.tif,3162,0.806135357368754,0.3658380771663505,Cairo,0,17259,3902.0
Cairo_y2020.tif,1222,1.0,0.4193576104746317,Cairo,1,17165,3902.0
Cairo_y2020.tif,631,1.0,0.44070522979397786,Cairo,1,17223,3902.0
Cairo_y2020.tif,996,1.0,0.4278564257028113,Cairo,1,17280,3902.0
Cairo_y2020.tif,955,1.0,0.39207329842931943,Cairo,1,17293,3902.0
Cairo_y2020.tif,561,0.9875222816399287,0.37337789661319076,Cairo,1,17307,3902.0
Cairo_y2020.tif,837,1.0,0.41505376344086026,Cairo,1,17313,3902.0
Cairo_y2020.tif,434,1.0,0.4323041474654377,Cairo,1,17306,3902.0
Cairo_y2020.tif,813,0.996309963099631,0.4067220172201722,Cairo,1,17318,3902.0
Cairo_y2020.tif,573,1.0,0.3486038394415358,Cairo,0,17081,3902.0
Cairo_y2020.tif,767,1.0,0.39666232073011737,Cairo,0,17082,3902.0
Cairo_y2020.tif,423,0.46335697399527187,0.2592553191489362,Cairo,1,17116,3902.0
Cairo_y2020.tif,739,1.0,0.3902503382949932,Cairo,0,17101,3902.0
Cairo_y2020.tif,582,0.852233676975945,0.3044243986254295,Cairo,0,17133,3902.0
Cairo_y2020.tif,436,1.0,0.40370412844036696,Cairo,0,17179,3902.0
Cairo_y2020.tif,529,0.8922495274102079,0.3193478260869565,Cairo,1,17201,3902.0
Cairo_y2020.tif,896,1.0,0.42705915178571424,Cairo,1,17209,3902.0
Cairo_y2020.tif,4858,0.16488266776451216,0.10417764512144916,Cairo,0,17340,3902.0
Cairo_y2020.tif,702,0.9415954415954416,0.3608760683760684,Cairo,1,17253,3902.0
Cairo_y2020.tif,785,1.0,0.43491719745222923,Cairo,1,17208,3902.0
Cairo_y2020.tif,536,0.9813432835820896,0.3974813432835821,Cairo,1,17227,3902.0
Cairo_y2020.tif,683,1.0,0.4449926793557834,Cairo,1,17255,3902.0
Cairo_y2020.tif,993,0.8418932527693856,0.34709969788519635,Cairo,1,17239,3902.0
Cairo_y2020.tif,828,1.0,0.44329106280193237,Cairo,1,17262,3902.0
Cairo_y2020.tif,441,1.0,0.4185487528344671,Cairo,0,17290,3902.0
Cairo_y2020.tif,927,1.0,0.40866774541531825,Cairo,1,17286,3902.0
Cairo_y2020.tif,547,1.0,0.43666361974405854,Cairo,1,17323,3902.0
Cairo_y2020.tif,770,0.9961038961038962,0.394,Cairo,1,17303,3902.0
Cairo_y2020.tif,605,1.0,0.39821487603305783,Cairo,1,17350,3902.0
Cairo_y2020.tif,2192,0.9995437956204379,0.4327235401459854,Cairo,1,17312,3902.0
Cairo_y2020.tif,542,0.3081180811808118,0.1859225092250922,Cairo,1,17237,3902.0
Cairo_y2020.tif,495,0.5272727272727272,0.24406060606060603,Cairo,1,17296,3902.0
Cairo_y2020.tif,799,0.9974968710888611,0.3861138923654568,Cairo,1,17361,3902.0
Cairo_y2020.tif,1776,0.8384009009009009,0.3586908783783784,Cairo,1,17424,3902.0
Cairo_y2020.tif,292,0.010273972602739725,0.11095890410958903,Cairo,0,17379,3902.0
Cairo_y2020.tif,157,0.0,0.0628343949044586,Cairo,1,17375,3902.0
Cairo_y2020.tif,565,0.9946902654867257,0.4279469026548673,Cairo,1,17419,3902.0
Cairo_y2020.tif,1622,0.9956843403205918,0.41484586929716394,Cairo,1,17467,3902.0
Cairo_y2020.tif,333,0.996996996996997,0.42623123123123124,Cairo,1,17437,3902.0
Cairo_y2020.tif,767,1.0,0.3818252933507171,Cairo,1,17351,3902.0
Cairo_y2020.tif,1001,1.0,0.37108391608391605,Cairo,1,17371,3902.0
Cairo_y2020.tif,560,0.5589285714285714,0.2638214285714286,Cairo,1,17363,3902.0
Cairo_y2020.tif,1295,0.8007722007722008,0.30167567567567566,Cairo,1,17402,3902.0
Cairo_y2020.tif,924,0.7294372294372294,0.2809307359307359,Cairo,0,17377,3902.0
Cairo_y2020.tif,312,0.04487179487179487,0.13631410256410256,Cairo,1,17417,3902.0
Cairo_y2020.tif,973,0.7430626927029804,0.3128931140801645,Cairo,0,17455,3902.0
Cairo_y2020.tif,741,0.9743589743589743,0.3670985155195681,Cairo,0,17458,3902.0
Cairo_y2020.tif,2445,0.38404907975460123,0.1662638036809816,Cairo,1,17476,3902.0
Cairo_y2020.tif,311,0.977491961414791,0.34823151125401935,Cairo,1,17501,3902.0
Cairo_y2020.tif,758,1.0,0.4329881266490765,Cairo,1,17352,3902.0
Cairo_y2020.tif,761,1.0,0.4049671484888305,Cairo,1,17310,3902.0
Cairo_y2020.tif,488,1.0,0.4333709016393442,Cairo,1,17365,3902.0
Cairo_y2020.tif,424,1.0,0.4061084905660378,Cairo,1,17332,3902.0
Cairo_y2020.tif,787,1.0,0.4100508259212198,Cairo,1,17394,3902.0
Cairo_y2020.tif,411,1.0,0.39019464720194647,Cairo,0,17401,3902.0
Cairo_y2020.tif,1357,0.9992630803242447,0.42184966838614596,Cairo,1,17471,3902.0
Cairo_y2020.tif,490,1.0,0.4233979591836735,Cairo,1,17421,3902.0
Cairo_y2020.tif,1026,0.98635477582846,0.3772953216374269,Cairo,1,17454,3902.0
Cairo_y2020.tif,598,0.9966555183946488,0.39953177257525074,Cairo,0,17400,3902.0
Cairo_y2020.tif,295,0.0,0.14172881355932204,Cairo,0,17426,3902.0
Cairo_y2020.tif,1660,0.7939759036144578,0.2849246987951807,Cairo,0,17469,3902.0
Cairo_y2020.tif,550,1.0,0.3691181818181818,Cairo,1,17457,3902.0
Cairo_y2020.tif,386,0.24611398963730569,0.23133419689119167,Cairo,1,17479,3902.0
Cairo_y2020.tif,210,0.0,0.22116666666666668,Cairo,0,17486,3902.0
Cairo_y2020.tif,728,1.0,0.37078983516483516,Cairo,1,17518,3902.0
Cairo_y2020.tif,331,1.0,0.3695317220543807,Cairo,0,17493,3902.0
Cairo_y2020.tif,896,0.9575892857142857,0.3684821428571428,Cairo,1,17523,3902.0
Cairo_y2020.tif,228,1.0,0.32260964912280704,Cairo,0,17514,3902.0
Cairo_y2020.tif,366,0.21584699453551912,0.24930327868852462,Cairo,0,17536,3902.0
Cairo_y2020.tif,732,1.0,0.38936475409836063,Cairo,1,17408,3902.0
Cairo_y2020.tif,656,0.9740853658536586,0.390594512195122,Cairo,1,17439,3902.0
Cairo_y2020.tif,924,0.9848484848484849,0.3568235930735931,Cairo,1,17492,3902.0
Cairo_y2020.tif,1252,1.0,0.42486022364217246,Cairo,1,17500,3902.0
Cairo_y2020.tif,1186,0.8861720067453626,0.3584317032040472,Cairo,0,17545,3902.0
Cairo_y2020.tif,881,1.0,0.39484108967082865,Cairo,1,17516,3902.0
Cairo_y2020.tif,627,0.9920255183413078,0.37207336523126,Cairo,1,17561,3902.0
Cairo_y2020.tif,250,0.98,0.37807999999999997,Cairo,1,17579,3902.0
Cairo_y2020.tif,581,0.9345955249569707,0.35109294320137696,Cairo,0,17583,3902.0
Cairo_y2020.tif,302,1.0,0.39397350993377483,Cairo,1,17588,3902.0
Cairo_y2020.tif,414,1.0,0.42398550724637674,Cairo,1,17489,3902.0
Cairo_y2020.tif,548,0.677007299270073,0.2691514598540146,Cairo,0,17520,3902.0
Cairo_y2020.tif,846,1.0,0.37670803782505907,Cairo,1,17513,3902.0
Cairo_y2020.tif,334,1.0,0.3976497005988024,Cairo,1,17532,3902.0
Cairo_y2020.tif,452,1.0,0.4174004424778761,Cairo,1,17565,3902.0
Cairo_y2020.tif,675,1.0,0.397274074074074,Cairo,1,17625,3902.0
Cairo_y2020.tif,631,0.9587955625990491,0.3674009508716323,Cairo,1,17566,3902.0
Cairo_y2020.tif,1482,0.9973009446693657,0.4121457489878542,Cairo,0,17647,3902.0
Cairo_y2020.tif,477,1.0,0.3832914046121594,Cairo,1,17636,3902.0
Cairo_y2020.tif,533,1.0,0.43739212007504696,Cairo,1,17629,3902.0
Cairo_y2020.tif,214,0.2570093457943925,0.23658878504672895,Cairo,1,17515,3902.0
Cairo_y2020.tif,766,1.0,0.4270300261096606,Cairo,1,17553,3902.0
Cairo_y2020.tif,240,0.15,0.20189583333333333,Cairo,1,17557,3902.0
Cairo_y2020.tif,384,0.6458333333333334,0.2583463541666667,Cairo,0,17576,3902.0
Cairo_y2020.tif,477,1.0,0.3750733752620545,Cairo,1,17598,3902.0
Cairo_y2020.tif,157,0.3885350318471338,0.24828025477707005,Cairo,1,17575,3902.0
Cairo_y2020.tif,586,1.0,0.42232081911262803,Cairo,1,17560,3902.0
Cairo_y2020.tif,543,0.998158379373849,0.3804419889502762,Cairo,1,17637,3902.0
Cairo_y2020.tif,490,0.42244897959183675,0.2535510204081633,Cairo,1,17611,3902.0
Cairo_y2020.tif,209,0.7272727272727273,0.24612440191387558,Cairo,0,17622,3902.0
Cairo_y2020.tif,309,1.0,0.41925566343042064,Cairo,1,17148,3902.0
Cairo_y2020.tif,1233,0.24979724249797242,0.18055150040551501,Cairo,1,17210,3902.0
Cairo_y2020.tif,267,0.27340823970037453,0.22295880149812736,Cairo,0,17170,3902.0
Cairo_y2020.tif,427,0.9976580796252927,0.36295081967213116,Cairo,1,17180,3902.0
Cairo_y2020.tif,222,0.0,0.14024774774774773,Cairo,0,17220,3902.0
Cairo_y2020.tif,496,1.0,0.39464717741935484,Cairo,0,17257,3902.0
Cairo_y2020.tif,253,0.0,0.09071146245059289,Cairo,0,17229,3902.0
Cairo_y2020.tif,804,1.0,0.4256094527363184,Cairo,1,17302,3902.0
Cairo_y2020.tif,935,0.8352941176470589,0.36684491978609624,Cairo,1,17300,3902.0
Cairo_y2020.tif,177,0.02824858757062147,0.16751412429378526,Cairo,1,17274,3902.0
Cairo_y2020.tif,224,1.0,0.40475446428571427,Cairo,0,17218,3902.0
Cairo_y2020.tif,189,0.0,0.10687830687830688,Cairo,0,17215,3902.0
Cairo_y2020.tif,309,0.16828478964401294,0.1634304207119741,Cairo,1,17248,3902.0
Cairo_y2020.tif,543,1.0,0.37604051565377533,Cairo,1,17265,3902.0
Cairo_y2020.tif,288,0.0,0.1487673611111111,Cairo,0,17270,3902.0
Cairo_y2020.tif,323,0.9659442724458205,0.33773993808049535,Cairo,1,17284,3902.0
Cairo_y2020.tif,274,0.032846715328467155,0.16636861313868617,Cairo,0,17275,3902.0
Cairo_y2020.tif,146,0.0,0.19568493150684935,Cairo,0,17314,3902.0
Cairo_y2020.tif,353,0.0,0.12181303116147309,Cairo,1,17315,3902.0
Cairo_y2020.tif,890,0.702247191011236,0.2737696629213483,Cairo,0,17341,3902.0
Cairo_y2020.tif,471,1.0,0.44463906581740986,Cairo,0,17278,3902.0
Cairo_y2020.tif,308,1.0,0.4290422077922078,Cairo,0,17283,3902.0
Cairo_y2020.tif,1039,0.04234841193455245,0.16617420596727622,Cairo,0,17308,3902.0
Cairo_y2020.tif,457,0.8949671772428884,0.3377789934354486,Cairo,1,17316,3902.0
Cairo_y2020.tif,260,0.8923076923076924,0.378923076923077,Cairo,0,17334,3902.0
Cairo_y2020.tif,169,0.0,0.20562130177514792,Cairo,0,17339,3902.0
Cairo_y2020.tif,434,0.42626728110599077,0.24604838709677418,Cairo,1,17358,3902.0
Cairo_y2020.tif,270,0.5370370370370371,0.2867962962962963,Cairo,0,17378,3902.0
Cairo_y2020.tif,393,1.0,0.4326844783715013,Cairo,1,17387,3902.0
Cairo_y2020.tif,196,1.0,0.42071428571428576,Cairo,1,17356,3902.0
Cairo_y2020.tif,455,0.2021978021978022,0.22193406593406598,Cairo,1,17298,3902.0
Cairo_y2020.tif,615,0.3853658536585366,0.18767479674796747,Cairo,0,17301,3902.0
Cairo_y2020.tif,261,0.16091954022988506,0.18946360153256706,Cairo,0,17304,3902.0
Cairo_y2020.tif,769,0.4980494148244473,0.26788036410923277,Cairo,1,17342,3902.0
Cairo_y2020.tif,623,0.8282504012841091,0.3240850722311396,Cairo,1,17380,3902.0
Cairo_y2020.tif,156,0.717948717948718,0.3058333333333334,Cairo,0,17367,3902.0
Cairo_y2020.tif,325,0.8953846153846153,0.29113846153846157,Cairo,0,17415,3902.0
Cairo_y2020.tif,161,0.6708074534161491,0.30521739130434783,Cairo,1,17385,3902.0
Cairo_y2020.tif,178,1.0,0.3606179775280899,Cairo,1,17396,3902.0
Cairo_y2020.tif,184,1.0,0.376304347826087,Cairo,1,17409,3902.0
Cairo_y2020.tif,1756,0.6560364464692483,0.2912841685649203,Cairo,0,17440,3902.0
Cairo_y2020.tif,192,0.0,0.19125,Cairo,0,17441,3902.0
Cairo_y2020.tif,330,0.0,0.17406060606060605,Cairo,1,17447,3902.0
Cairo_y2020.tif,331,0.21450151057401812,0.22412386706948642,Cairo,0,17391,3902.0
Cairo_y2020.tif,203,0.9901477832512315,0.37874384236453196,Cairo,0,17414,3902.0
Cairo_y2020.tif,213,1.0,0.4168075117370892,Cairo,1,17431,3902.0
Cairo_y2020.tif,265,0.660377358490566,0.28920754716981134,Cairo,0,17446,3902.0
Cairo_y2020.tif,357,0.9131652661064426,0.32095238095238093,Cairo,0,17459,3902.0
Cairo_y2020.tif,463,0.2267818574514039,0.2284125269978402,Cairo,1,17436,3902.0
Cairo_y2020.tif,400,1.0,0.39144999999999996,Cairo,1,17473,3902.0
Cairo_y2020.tif,2603,0.2228198232808298,0.12495966192854398,Cairo,1,17427,3902.0
Cairo_y2020.tif,188,1.0,0.3651329787234042,Cairo,0,17368,3902.0
Cairo_y2020.tif,1235,0.14817813765182186,0.15167206477732792,Cairo,0,17418,3902.0
Cairo_y2020.tif,192,0.0,0.17466145833333332,Cairo,1,17429,3902.0
Cairo_y2020.tif,258,1.0,0.3744186046511628,Cairo,1,17404,3902.0
Cairo_y2020.tif,708,0.9689265536723164,0.3232274011299435,Cairo,1,17452,3902.0
Cairo_y2020.tif,215,1.0,0.35383720930232554,Cairo,0,17460,3902.0
Cairo_y2020.tif,965,0.9896373056994818,0.3444507772020725,Cairo,0,17475,3902.0
Cairo_y2020.tif,823,0.9781287970838396,0.3158140947752126,Cairo,0,17499,3902.0
Cairo_y2020.tif,1250,0.5432,0.206952,Cairo,0,17564,3902.0
Cairo_y2020.tif,288,0.6493055555555556,0.2515972222222222,Cairo,0,17468,3902.0
Cairo_y2020.tif,304,0.009868421052631578,0.13069078947368423,Cairo,0,17491,3902.0
Cairo_y2020.tif,195,0.8564102564102564,0.33189743589743587,Cairo,1,17525,3902.0
Cairo_y2020.tif,221,0.7330316742081447,0.32918552036199095,Cairo,0,17542,3902.0
Cairo_y2020.tif,185,0.5135135135135135,0.2975405405405406,Cairo,0,17524,3902.0
Cairo_y2020.tif,225,0.7955555555555556,0.3374222222222222,Cairo,1,17544,3902.0
Cairo_y2020.tif,182,0.5274725274725275,0.29258241758241754,Cairo,0,17528,3902.0
Cairo_y2020.tif,433,0.8221709006928406,0.31980369515011553,Cairo,0,17509,3902.0
Cairo_y2020.tif,175,0.68,0.28782857142857143,Cairo,1,17531,3902.0
Cairo_y2020.tif,408,0.8382352941176471,0.2801960784313725,Cairo,1,17495,3902.0
Cairo_y2020.tif,480,0.8270833333333333,0.31310416666666663,Cairo,1,17442,3902.0
Cairo_y2020.tif,679,1.0,0.40089837997054495,Cairo,1,17435,3902.0
Cairo_y2020.tif,338,1.0,0.3611242603550296,Cairo,1,17503,3902.0
Cairo_y2020.tif,549,0.994535519125683,0.41396174863387974,Cairo,1,17510,3902.0
Cairo_y2020.tif,438,1.0,0.4042465753424658,Cairo,0,17480,3902.0
Cairo_y2020.tif,284,1.0,0.4096478873239437,Cairo,1,17521,3902.0
Cairo_y2020.tif,245,1.0,0.3906938775510204,Cairo,0,17562,3902.0
Cairo_y2020.tif,236,1.0,0.42031779661016944,Cairo,1,17559,3902.0
Cairo_y2020.tif,665,1.0,0.4188947368421053,Cairo,1,17567,3902.0
Cairo_y2020.tif,347,1.0,0.4360951008645533,Cairo,1,17587,3902.0
Cairo_y2020.tif,357,0.17647058823529413,0.2193557422969188,Cairo,1,17530,3902.0
Cairo_y2020.tif,211,0.9715639810426541,0.3420142180094788,Cairo,1,17539,3902.0
Cairo_y2020.tif,330,0.8393939393939394,0.3072727272727273,Cairo,0,17537,3902.0
Cairo_y2020.tif,382,1.0,0.3960602094240838,Cairo,0,17549,3902.0
Cairo_y2020.tif,346,0.8815028901734104,0.305664739884393,Cairo,0,17558,3902.0
Cairo_y2020.tif,376,1.0,0.41902925531914886,Cairo,0,17568,3902.0
Cairo_y2020.tif,346,0.48265895953757226,0.24323699421965317,Cairo,0,17595,3902.0
Cairo_y2020.tif,184,1.0,0.3448641304347826,Cairo,0,17577,3902.0
Cairo_y2020.tif,227,1.0,0.33971365638766515,Cairo,0,17589,3902.0
Cairo_y2020.tif,247,1.0,0.29829959514170046,Cairo,0,17599,3902.0
Cairo_y2020.tif,257,0.9182879377431906,0.2878988326848249,Cairo,0,17504,3902.0
Cairo_y2020.tif,1233,1.0,0.40112327656123276,Cairo,1,17578,3902.0
Cairo_y2020.tif,245,0.9102040816326531,0.3055306122448979,Cairo,0,17593,3902.0
Cairo_y2020.tif,309,0.4336569579288026,0.2251294498381877,Cairo,0,17607,3902.0
Cairo_y2020.tif,254,0.9881889763779528,0.38023622047244093,Cairo,1,17618,3902.0
Cairo_y2020.tif,201,1.0,0.4218159203980099,Cairo,1,17605,3902.0
Cairo_y2020.tif,660,0.9924242424242424,0.3897878787878788,Cairo,1,17626,3902.0
Cairo_y2020.tif,342,1.0,0.38966374269005855,Cairo,1,17612,3902.0
Cairo_y2020.tif,271,1.0,0.41012915129151284,Cairo,1,17678,3902.0
Cairo_y2020.tif,283,1.0,0.3275795053003534,Cairo,0,17657,3902.0
Cairo_y2020.tif,751,0.018641810918774968,0.18200399467376832,Cairo,0,16989,3902.0
Cairo_y2020.tif,522,0.0,0.04522030651340996,Cairo,1,17028,3902.0
Cairo_y2020.tif,654,0.0,0.09602446483180428,Cairo,0,17044,3902.0
Cairo_y2020.tif,708,0.9378531073446328,0.27309322033898303,Cairo,0,17085,3902.0
Cairo_y2020.tif,1000,0.908,0.31793000000000005,Cairo,0,17043,3902.0
Cairo_y2020.tif,1271,0.6435877261998426,0.23317859952793077,Cairo,0,17123,3902.0
Cairo_y2020.tif,1123,0.0,0.11856634016028496,Cairo,1,17103,3902.0
Cairo_y2020.tif,600,0.9083333333333333,0.2785166666666667,Cairo,0,17145,3902.0
Cairo_y2020.tif,1561,0.07687379884689302,0.13614029468289557,Cairo,0,17174,3902.0
Cairo_y2020.tif,875,0.5565714285714286,0.20088,Cairo,0,17230,3902.0
Cairo_y2020.tif,898,0.3819599109131403,0.1864031180400891,Cairo,0,17249,3902.0
Cairo_y2020.tif,674,0.0,0.14369436201780414,Cairo,0,17104,3902.0
Cairo_y2020.tif,729,0.5843621399176955,0.22313443072702335,Cairo,1,17160,3902.0
Cairo_y2020.tif,2513,0.479108635097493,0.19628929566255474,Cairo,0,17196,3902.0
Cairo_y2020.tif,1016,0.531496062992126,0.2143454724409449,Cairo,0,17279,3902.0
Cairo_y2020.tif,1989,0.0030165912518853697,0.1183107088989442,Cairo,0,17212,3902.0
Cairo_y2020.tif,3329,0.3250225292880745,0.1570997296485431,Cairo,0,17309,3902.0
Cairo_y2020.tif,806,0.0,0.10604218362282879,Cairo,0,17140,3902.0
Cairo_y2020.tif,502,0.025896414342629483,0.12290836653386454,Cairo,0,17187,3902.0
Cairo_y2020.tif,905,1.0,0.38427071823204423,Cairo,0,17214,3902.0
Cairo_y2020.tif,653,0.021439509954058193,0.12966309341500765,Cairo,0,17167,3902.0
Cairo_y2020.tif,2655,0.0,0.03445386064030132,Cairo,0,17245,3902.0
Cairo_y2020.tif,13105,0.0,0.02347272033574972,Cairo,0,17527,3902.0
Cairo_y2020.tif,2588,0.125193199381762,0.13060278207109738,Cairo,0,17294,3902.0
Cairo_y2020.tif,984,0.6524390243902439,0.23441056910569105,Cairo,0,17330,3902.0
Cairo_y2020.tif,772,0.29404145077720206,0.1775582901554404,Cairo,0,17336,3902.0
Cairo_y2020.tif,3193,0.871594112120263,0.2904134043219543,Cairo,0,17395,3902.0
Cairo_y2020.tif,1945,0.18251928020565553,0.11824678663239074,Cairo,0,17461,3902.0
Cairo_y2020.tif,816,0.6139705882352942,0.2483026960784314,Cairo,0,17420,3902.0
Cairo_y2020.tif,2435,0.14825462012320328,0.0852258726899384,Cairo,0,17449,3902.0
Cairo_y2020.tif,1208,0.9751655629139073,0.3557201986754967,Cairo,0,17238,3902.0
Cairo_y2020.tif,784,0.0,0.17950255102040816,Cairo,0,17228,3902.0
Cairo_y2020.tif,5852,0.25598086124401914,0.15982740943267257,Cairo,0,17555,3902.0
Cairo_y2020.tif,672,0.8348214285714286,0.28594494047619046,Cairo,0,17263,3902.0
Cairo_y2020.tif,1270,0.09606299212598425,0.1560984251968504,Cairo,0,17264,3902.0
Cairo_y2020.tif,2003,0.9116325511732402,0.35630054917623566,Cairo,0,17335,3902.0
Cairo_y2020.tif,919,0.15669205658324264,0.2186398258977149,Cairo,0,17297,3902.0
Cairo_y2020.tif,704,0.0,0.1627840909090909,Cairo,0,17299,3902.0
Cairo_y2020.tif,424,0.19339622641509435,0.2130306603773585,Cairo,0,17289,3902.0
Cairo_y2020.tif,1419,0.4164904862579281,0.22486257928118392,Cairo,0,17329,3902.0
Cairo_y2020.tif,542,0.8099630996309963,0.24886531365313652,Cairo,0,17111,3902.0
Cairo_y2020.tif,471,0.7409766454352441,0.24487261146496814,Cairo,0,17182,3902.0
Cairo_y2020.tif,606,0.9125412541254125,0.26982673267326734,Cairo,0,17226,3902.0
Cairo_y2020.tif,1631,0.56591048436542,0.19200490496627837,Cairo,0,17251,3902.0
Cairo_y2020.tif,1313,0.8073115003808073,0.3103084539223153,Cairo,1,17213,3902.0
Cairo_y2020.tif,1067,0.8200562324273665,0.25858013120899714,Cairo,0,17190,3902.0
Cairo_y2020.tif,852,0.47183098591549294,0.23296948356807512,Cairo,0,17266,3902.0
Cairo_y2020.tif,1104,0.5135869565217391,0.19285326086956522,Cairo,0,17285,3902.0
Cairo_y2020.tif,429,0.7715617715617715,0.2967365967365967,Cairo,0,17295,3902.0
Cairo_y2020.tif,1106,0.7377938517179023,0.2591003616636528,Cairo,1,17344,3902.0
Cairo_y2020.tif,2018,0.5510406342913776,0.259187314172448,Cairo,0,17225,3902.0
Cairo_y2020.tif,1237,0.8156831042845594,0.3337267582861762,Cairo,0,17195,3902.0
Cairo_y2020.tif,1002,0.907185628742515,0.36783433133732535,Cairo,1,17216,3902.0
Cairo_y2020.tif,647,1.0,0.3896754250386399,Cairo,1,17184,3902.0
Cairo_y2020.tif,643,1.0,0.4037869362363919,Cairo,1,17204,3902.0
Cairo_y2020.tif,358,1.0,0.3883798882681565,Cairo,1,17202,3902.0
Cairo_y2020.tif,959,1.0,0.3821011470281544,Cairo,1,17233,3902.0
Cairo_y2020.tif,1571,0.7899427116486314,0.2970560152768937,Cairo,1,17222,3902.0
Cairo_y2020.tif,556,0.4064748201438849,0.1897931654676259,Cairo,0,17269,3902.0
Cairo_y2020.tif,1676,0.6097852028639618,0.28366945107398567,Cairo,0,17292,3902.0
Cairo_y2020.tif,1324,0.1623867069486405,0.12783610271903323,Cairo,0,17384,3902.0
Cairo_y2020.tif,2796,0.792203147353362,0.29893061516452074,Cairo,0,17346,3902.0
Cairo_y2020.tif,1437,0.5073068893528184,0.21498260264439806,Cairo,0,17353,3902.0
Cairo_y2020.tif,562,0.9768683274021353,0.3572241992882562,Cairo,0,17370,3902.0
Cairo_y2020.tif,1202,0.8219633943427621,0.29641014975041596,Cairo,0,17393,3902.0
Cairo_y2020.tif,513,0.1539961013645224,0.12237816764132554,Cairo,0,17407,3902.0
Cairo_y2020.tif,2928,0.75,0.2892691256830601,Cairo,0,17478,3902.0
Cairo_y2020.tif,2097,0.33047210300429186,0.16139484978540772,Cairo,0,17453,3902.0
Cairo_y2020.tif,1419,0.222692036645525,0.1382804792107118,Cairo,0,17477,3902.0
Cairo_y2020.tif,729,1.0,0.4023868312757201,Cairo,1,17487,3902.0
Cairo_y2020.tif,1375,0.06909090909090909,0.13238545454545456,Cairo,0,17320,3902.0
Cairo_y2020.tif,1326,0.9132730015082956,0.2809803921568627,Cairo,0,17354,3902.0
Cairo_y2020.tif,769,0.48764629388816644,0.22321196358907672,Cairo,0,17343,3902.0
Cairo_y2020.tif,1084,0.5479704797047971,0.20154520295202952,Cairo,0,17399,3902.0
Cairo_y2020.tif,503,0.40755467196819084,0.18355864811133205,Cairo,0,17390,3902.0
Cairo_y2020.tif,1394,0.7517934002869441,0.23397058823529415,Cairo,0,17397,3902.0
Cairo_y2020.tif,636,0.6163522012578616,0.21068396226415095,Cairo,0,17434,3902.0
Cairo_y2020.tif,1615,0.9405572755417957,0.3224055727554179,Cairo,0,17451,3902.0
Cairo_y2020.tif,656,0.6676829268292683,0.21818597560975608,Cairo,0,17430,3902.0
Cairo_y2020.tif,1504,0.995345744680851,0.3543351063829787,Cairo,0,17512,3902.0
Cairo_y2020.tif,1984,0.623991935483871,0.2197404233870968,Cairo,1,17347,3902.0
Cairo_y2020.tif,468,0.6752136752136753,0.22952991452991456,Cairo,0,17331,3902.0
Cairo_y2020.tif,4998,0.530812324929972,0.24134653861544617,Cairo,0,17425,3902.0
Cairo_y2020.tif,2644,0.47881996974281393,0.18940431164901664,Cairo,0,17462,3902.0
Cairo_y2020.tif,2317,0.5351747949935262,0.19981009926629265,Cairo,0,17465,3902.0
Cairo_y2020.tif,494,0.9736842105263158,0.3839878542510121,Cairo,0,17403,3902.0
Cairo_y2020.tif,6715,0.09367088607594937,0.09946016381236039,Cairo,0,17413,3902.0
Cairo_y2020.tif,735,1.0,0.4134829931972789,Cairo,1,17463,3902.0
Cairo_y2020.tif,438,1.0,0.3931963470319635,Cairo,1,17485,3902.0
Cairo_y2020.tif,321,1.0,0.41372274143302185,Cairo,1,17517,3902.0
Cairo_y2020.tif,4421,0.12395385659353088,0.09951707758425696,Cairo,0,17519,3902.0
Cairo_y2020.tif,2013,0.9950322901142573,0.40875062096373577,Cairo,0,17410,3902.0
Cairo_y2020.tif,3065,0.5435562805872757,0.23654323001631322,Cairo,0,17563,3902.0
Cairo_y2020.tif,3423,0.6134969325153374,0.21977066900379785,Cairo,0,17556,3902.0
Cairo_y2020.tif,73920,0.10100108225108224,0.07676718073593074,Cairo,0,18188,3902.0
Cairo_y2020.tif,1893,0.5044902271526677,0.18847860538827257,Cairo,0,17543,3902.0
Cairo_y2020.tif,1592,0.9717336683417085,0.34677135678391957,Cairo,0,17602,3902.0
Cairo_y2020.tif,854,0.9601873536299765,0.3185831381733021,Cairo,0,17584,3902.0
Cairo_y2020.tif,1242,0.9033816425120773,0.307073268921095,Cairo,0,17573,3902.0
Cairo_y2020.tif,2558,0.16458170445660672,0.09428459734167317,Cairo,0,17691,3902.0
Cairo_y2020.tif,794,0.8690176322418136,0.2827329974811083,Cairo,0,17422,3902.0
Cairo_y2020.tif,805,0.977639751552795,0.3049006211180124,Cairo,0,17470,3902.0
Cairo_y2020.tif,1566,0.8339719029374202,0.30235312899106,Cairo,0,17482,3902.0
Cairo_y2020.tif,1100,0.7081818181818181,0.2565181818181818,Cairo,0,17498,3902.0
Cairo_y2020.tif,14351,0.5948017559751934,0.23202494599679466,Cairo,0,17719,3902.0
Cairo_y2020.tif,472,0.2627118644067797,0.20104872881355934,Cairo,0,17547,3902.0
Cairo_y2020.tif,1082,0.9713493530499075,0.33856746765249535,Cairo,1,17572,3902.0
Cairo_y2020.tif,1141,0.43733567046450483,0.24515337423312886,Cairo,0,17582,3902.0
Cairo_y2020.tif,1019,0.7566241413150148,0.27821393523061827,Cairo,0,17601,3902.0
Cairo_y2020.tif,1303,0.6055257099002302,0.26805832693783577,Cairo,1,17623,3902.0
Cairo_y2020.tif,879,0.4891922639362912,0.19736063708759957,Cairo,1,17546,3902.0
Cairo_y2020.tif,2798,0.7601858470335954,0.2996050750536097,Cairo,0,17571,3902.0
Cairo_y2020.tif,4564,0.21866783523225242,0.12475131463628396,Cairo,0,17705,3902.0
Cairo_y2020.tif,829,1.0,0.3678829915560917,Cairo,1,17610,3902.0
Cairo_y2020.tif,515,0.32233009708737864,0.1790873786407767,Cairo,0,17603,3902.0
Cairo_y2020.tif,1905,0.29028871391076116,0.13792650918635171,Cairo,0,17769,3902.0
Cairo_y2020.tif,3812,0.0773871983210913,0.07379853095487934,Cairo,0,17788,3902.0
Cairo_y2020.tif,996,0.678714859437751,0.2778965863453815,Cairo,0,17654,3902.0
Cairo_y2020.tif,605,0.9867768595041322,0.3484214876033058,Cairo,1,17604,3902.0
Cairo_y2020.tif,2615,0.5873804971319312,0.23352772466539196,Cairo,0,17726,3902.0
Cairo_y2020.tif,382,1.0,0.4070157068062828,Cairo,1,17497,3902.0
Cairo_y2020.tif,646,1.0,0.404078947368421,Cairo,1,17529,3902.0
Cairo_y2020.tif,1187,0.8887952822240943,0.350033698399326,Cairo,1,17695,3902.0
Cairo_y2020.tif,1564,0.9961636828644501,0.38773976982097186,Cairo,1,17674,3902.0
Cairo_y2020.tif,578,0.8546712802768166,0.34271626297577856,Cairo,1,17687,3902.0
Cairo_y2020.tif,1625,0.7975384615384615,0.30862153846153845,Cairo,0,17751,3902.0
Cairo_y2020.tif,1065,1.0,0.37026291079812207,Cairo,1,17592,3902.0
Cairo_y2020.tif,526,0.12737642585551331,0.13445817490494297,Cairo,0,17757,3902.0
Cairo_y2020.tif,333,0.8738738738738738,0.3339339339339339,Cairo,0,17651,3902.0
Cairo_y2020.tif,4819,0.5766756588503839,0.2579954347374974,Cairo,0,17782,3902.0
Cairo_y2020.tif,1954,0.3955987717502559,0.1918193449334698,Cairo,1,17725,3902.0
Cairo_y2020.tif,470,0.5936170212765958,0.21906382978723407,Cairo,1,17681,3902.0
Cairo_y2020.tif,1465,0.9938566552901024,0.3694368600682594,Cairo,1,17736,3902.0
Cairo_y2020.tif,1185,0.3172995780590717,0.17529957805907176,Cairo,0,17723,3902.0
Cairo_y2020.tif,699,0.5994277539341917,0.24246065808297568,Cairo,0,17709,3902.0
Cairo_y2020.tif,2746,0.314639475600874,0.18973962126729793,Cairo,0,17816,3902.0
Cairo_y2020.tif,515,0.9941747572815534,0.3348640776699029,Cairo,1,17758,3902.0
Cairo_y2020.tif,808,0.7165841584158416,0.30435643564356435,Cairo,1,17771,3902.0
Cairo_y2020.tif,4001,0.43064233941514624,0.1970469882529368,Cairo,0,17866,3902.0
Cairo_y2020.tif,509,0.22986247544204322,0.2816895874263261,Cairo,0,17786,3902.0
Cairo_y2020.tif,2663,0.21517085993240706,0.14299098760796095,Cairo,0,17755,3902.0
Cairo_y2020.tif,663,0.15384615384615385,0.10152337858220212,Cairo,0,17714,3902.0
Cairo_y2020.tif,571,0.7845884413309983,0.3051751313485114,Cairo,1,17784,3902.0
Cairo_y2020.tif,834,1.0,0.37487410071942445,Cairo,0,17801,3902.0
Cairo_y2020.tif,2098,0.5028598665395615,0.18105100095328883,Cairo,0,17799,3902.0
Cairo_y2020.tif,1041,0.9567723342939481,0.33128242074927955,Cairo,0,17809,3902.0
Cairo_y2020.tif,929,0.8428417653390743,0.31939181916038756,Cairo,0,17836,3902.0
Cairo_y2020.tif,1124,0.3238434163701068,0.1214590747330961,Cairo,0,17890,3902.0
Cairo_y2020.tif,2482,0.16075745366639807,0.1859125705076551,Cairo,0,17887,3902.0
Cairo_y2020.tif,2648,0.9433534743202417,0.335154833836858,Cairo,0,17833,3902.0
Cairo_y2020.tif,1301,0.47425057647963104,0.2064066102997694,Cairo,0,17745,3902.0
Cairo_y2020.tif,1493,0.6423308774279973,0.24877762893503014,Cairo,0,17730,3902.0
Cairo_y2020.tif,3160,0.7411392405063291,0.2889841772151899,Cairo,0,17885,3902.0
Cairo_y2020.tif,670,0.5970149253731343,0.23449999999999996,Cairo,0,17815,3902.0
Cairo_y2020.tif,1098,0.9289617486338798,0.30689890710382517,Cairo,1,17888,3902.0
Cairo_y2020.tif,1122,0.8012477718360071,0.27445187165775403,Cairo,0,17908,3902.0
Cairo_y2020.tif,1762,0.8989784335981839,0.29315834279228153,Cairo,1,17903,3902.0
Cairo_y2020.tif,1138,0.6195079086115993,0.24061511423550086,Cairo,0,17971,3902.0
Cairo_y2020.tif,2139,0.265544647031323,0.15007012622720897,Cairo,0,17980,3902.0
Cairo_y2020.tif,6177,0.37445361826129187,0.20011008580216932,Cairo,0,18063,3902.0
Cairo_y2020.tif,604,0.44867549668874174,0.25362582781456955,Cairo,1,17761,3902.0
Cairo_y2020.tif,377,0.9442970822281167,0.2842970822281167,Cairo,0,17804,3902.0
Cairo_y2020.tif,1372,0.16399416909620992,0.1279555393586006,Cairo,0,17902,3902.0
Cairo_y2020.tif,3105,0.0,0.052636070853462155,Cairo,0,17882,3902.0
Cairo_y2020.tif,939,0.9041533546325878,0.3093397231096912,Cairo,1,17856,3902.0
Cairo_y2020.tif,1970,0.5299492385786801,0.19425634517766494,Cairo,0,17899,3902.0
Cairo_y2020.tif,538,0.4368029739776952,0.16113382899628254,Cairo,0,17924,3902.0
Cairo_y2020.tif,786,0.0,0.03886132315521629,Cairo,0,17943,3902.0
Cairo_y2020.tif,1278,0.701095461658842,0.2822065727699531,Cairo,0,17910,3902.0
Cairo_y2020.tif,7731,0.33734316388565516,0.17135946190660975,Cairo,0,18056,3902.0
Cairo_y2020.tif,801,0.14107365792759052,0.16519350811485642,Cairo,0,17876,3902.0
Cairo_y2020.tif,1022,0.7113502935420744,0.24293542074363988,Cairo,0,17921,3902.0
Cairo_y2020.tif,727,0.33837689133425036,0.15500687757909215,Cairo,0,17900,3902.0
Cairo_y2020.tif,800,0.6275,0.2636625,Cairo,1,17897,3902.0
Cairo_y2020.tif,1910,0.8979057591623036,0.33597905759162305,Cairo,0,17962,3902.0
Cairo_y2020.tif,6973,0.02323246809120895,0.05002724795640327,Cairo,0,18119,3902.0
Cairo_y2020.tif,1317,0.7547456340167046,0.22154897494305237,Cairo,0,17946,3902.0
Cairo_y2020.tif,1222,0.7545008183306056,0.22093698854337154,Cairo,0,17969,3902.0
Cairo_y2020.tif,4685,0.16350053361792957,0.11082924226254003,Cairo,0,18200,3902.0
Cairo_y2020.tif,1438,0.6342141863699583,0.21659944367176637,Cairo,0,18002,3902.0
Cairo_y2020.tif,706,0.7365439093484419,0.3205099150141643,Cairo,1,17916,3902.0
Cairo_y2020.tif,1422,0.24613220815752462,0.14785864978902954,Cairo,0,18065,3902.0
Cairo_y2020.tif,534,0.6048689138576779,0.3091198501872659,Cairo,1,17958,3902.0
Cairo_y2020.tif,727,0.9147180192572214,0.32352819807427785,Cairo,1,17953,3902.0
Cairo_y2020.tif,3921,0.8671257332313186,0.341050752359092,Cairo,0,18024,3902.0
Cairo_y2020.tif,353,0.7308781869688386,0.3281869688385269,Cairo,1,17972,3902.0
Cairo_y2020.tif,498,1.0,0.36165662650602415,Cairo,1,17954,3902.0
Cairo_y2020.tif,415,0.7831325301204819,0.3117951807228916,Cairo,1,18000,3902.0
Cairo_y2020.tif,1043,1.0,0.4016634707574305,Cairo,0,18015,3902.0
Cairo_y2020.tif,672,0.16815476190476192,0.08709821428571429,Cairo,0,18055,3902.0
Cairo_y2020.tif,861,0.983739837398374,0.3086933797909408,Cairo,1,17927,3902.0
Cairo_y2020.tif,2036,0.15225933202357564,0.08308202357563853,Cairo,0,17974,3902.0
Cairo_y2020.tif,2600,0.8476923076923077,0.3351769230769231,Cairo,0,17978,3902.0
Cairo_y2020.tif,1108,0.26173285198555957,0.16037003610108302,Cairo,1,17979,3902.0
Cairo_y2020.tif,653,0.0,0.035727411944869836,Cairo,0,18006,3902.0
Cairo_y2020.tif,1087,0.31646734130634774,0.1447148114075437,Cairo,0,18020,3902.0
Cairo_y2020.tif,848,0.9528301886792453,0.3560554245283019,Cairo,0,18025,3902.0
Cairo_y2020.tif,1325,0.08754716981132075,0.07470188679245282,Cairo,0,18034,3902.0
Cairo_y2020.tif,451,0.532150776053215,0.22210643015521062,Cairo,0,18070,3902.0
Cairo_y2020.tif,1562,0.9391805377720871,0.3747279129321383,Cairo,0,18125,3902.0
Cairo_y2020.tif,407,0.8304668304668305,0.32222358722358724,Cairo,1,17585,3902.0
Cairo_y2020.tif,201,1.0,0.3732338308457711,Cairo,1,17613,3902.0
Cairo_y2020.tif,152,1.0,0.3490131578947368,Cairo,1,17608,3902.0
Cairo_y2020.tif,385,1.0,0.4293376623376623,Cairo,1,17596,3902.0
Cairo_y2020.tif,405,1.0,0.40638271604938275,Cairo,1,17663,3902.0
Cairo_y2020.tif,178,1.0,0.4137921348314606,Cairo,0,17628,3902.0
Cairo_y2020.tif,501,1.0,0.3795309381237525,Cairo,1,17667,3902.0
Cairo_y2020.tif,281,1.0,0.40380782918149466,Cairo,0,17648,3902.0
Cairo_y2020.tif,461,1.0,0.36495661605206076,Cairo,0,17699,3902.0
Cairo_y2020.tif,279,1.0,0.3784767025089606,Cairo,1,17655,3902.0
Cairo_y2020.tif,347,1.0,0.4272334293948127,Cairo,1,17621,3902.0
Cairo_y2020.tif,690,1.0,0.42128985507246375,Cairo,1,17606,3902.0
Cairo_y2020.tif,202,1.0,0.42571782178217815,Cairo,1,17616,3902.0
Cairo_y2020.tif,724,1.0,0.41437154696132594,Cairo,1,17614,3902.0
Cairo_y2020.tif,454,1.0,0.41853524229074884,Cairo,1,17671,3902.0
Cairo_y2020.tif,398,1.0,0.42388190954773863,Cairo,1,17656,3902.0
Cairo_y2020.tif,474,1.0,0.3925316455696203,Cairo,1,17698,3902.0
Cairo_y2020.tif,283,1.0,0.3996113074204947,Cairo,1,17703,3902.0
Cairo_y2020.tif,400,1.0,0.38822500000000004,Cairo,1,17740,3902.0
Cairo_y2020.tif,470,1.0,0.4256914893617021,Cairo,1,17727,3902.0
Cairo_y2020.tif,247,1.0,0.3886437246963563,Cairo,1,17645,3902.0
Cairo_y2020.tif,934,1.0,0.42819593147751606,Cairo,1,17701,3902.0
Cairo_y2020.tif,474,0.9156118143459916,0.3488607594936709,Cairo,1,17676,3902.0
Cairo_y2020.tif,230,1.0,0.40269565217391307,Cairo,1,17677,3902.0
Cairo_y2020.tif,690,1.0,0.39991304347826084,Cairo,1,17666,3902.0
Cairo_y2020.tif,391,0.9948849104859335,0.36121483375959085,Cairo,1,17731,3902.0
Cairo_y2020.tif,718,1.0,0.40956128133704733,Cairo,1,17744,3902.0
Cairo_y2020.tif,365,0.3835616438356164,0.25865753424657534,Cairo,1,17756,3902.0
Cairo_y2020.tif,276,1.0,0.36291666666666667,Cairo,1,17754,3902.0
Cairo_y2020.tif,318,0.8553459119496856,0.3245125786163522,Cairo,1,17778,3902.0
Cairo_y2020.tif,269,1.0,0.3442565055762082,Cairo,1,17689,3902.0
Cairo_y2020.tif,492,1.0,0.421890243902439,Cairo,1,17732,3902.0
Cairo_y2020.tif,247,1.0,0.40744939271255054,Cairo,1,17733,3902.0
Cairo_y2020.tif,246,1.0,0.3842073170731708,Cairo,0,17729,3902.0
Cairo_y2020.tif,216,1.0,0.3814814814814814,Cairo,0,17694,3902.0
Cairo_y2020.tif,516,1.0,0.3298158914728682,Cairo,1,17775,3902.0
Cairo_y2020.tif,193,1.0,0.4194300518134714,Cairo,0,17748,3902.0
Cairo_y2020.tif,151,1.0,0.4225496688741721,Cairo,0,17738,3902.0
Cairo_y2020.tif,204,1.0,0.42125,Cairo,0,17753,3902.0
Cairo_y2020.tif,393,1.0,0.3862213740458016,Cairo,1,17766,3902.0
Cairo_y2020.tif,366,0.9781420765027322,0.39635245901639343,Cairo,1,17787,3902.0
Cairo_y2020.tif,385,0.9324675324675324,0.32725974025974025,Cairo,1,17772,3902.0
Cairo_y2020.tif,461,0.5943600867678959,0.2838503253796096,Cairo,1,17803,3902.0
Cairo_y2020.tif,405,0.5135802469135803,0.2488888888888889,Cairo,1,17795,3902.0
Cairo_y2020.tif,390,0.5333333333333333,0.24498717948717952,Cairo,1,17814,3902.0
Cairo_y2020.tif,280,0.8571428571428571,0.33223214285714286,Cairo,1,17820,3902.0
Cairo_y2020.tif,454,0.9757709251101322,0.3871696035242291,Cairo,0,17872,3902.0
Cairo_y2020.tif,213,0.004694835680751174,0.1504225352112676,Cairo,0,17869,3902.0
Cairo_y2020.tif,359,0.0,0.1224233983286908,Cairo,1,17854,3902.0
Cairo_y2020.tif,359,0.0,0.0928690807799443,Cairo,0,17867,3902.0
Cairo_y2020.tif,315,0.9746031746031746,0.34619047619047616,Cairo,1,17794,3902.0
Cairo_y2020.tif,346,0.6763005780346821,0.2869075144508671,Cairo,1,17847,3902.0
Cairo_y2020.tif,339,0.05309734513274336,0.17784660766961652,Cairo,0,17818,3902.0
Cairo_y2020.tif,507,0.31952662721893493,0.20231755424063116,Cairo,0,17846,3902.0
Cairo_y2020.tif,216,1.0,0.35942129629629627,Cairo,0,17817,3902.0
Cairo_y2020.tif,230,1.0,0.35417391304347823,Cairo,0,17842,3902.0
Cairo_y2020.tif,529,0.996219281663516,0.35096408317580347,Cairo,1,17823,3902.0
Cairo_y2020.tif,260,0.25384615384615383,0.18917307692307694,Cairo,1,17857,3902.0
Cairo_y2020.tif,842,0.14251781472684086,0.13567695961995246,Cairo,1,17849,3902.0
Cairo_y2020.tif,180,0.7944444444444444,0.2848888888888889,Cairo,1,17828,3902.0
Cairo_y2020.tif,210,1.0,0.4203571428571428,Cairo,1,17759,3902.0
Cairo_y2020.tif,332,0.9909638554216867,0.3800451807228916,Cairo,0,17791,3902.0
Cairo_y2020.tif,497,1.0,0.3434004024144869,Cairo,1,17843,3902.0
Cairo_y2020.tif,174,0.9942528735632183,0.36183908045977,Cairo,1,17805,3902.0
Cairo_y2020.tif,452,0.6592920353982301,0.2663274336283186,Cairo,0,17834,3902.0
Cairo_y2020.tif,364,0.7692307692307693,0.27718406593406597,Cairo,0,17840,3902.0
Cairo_y2020.tif,154,0.935064935064935,0.3648701298701299,Cairo,0,17821,3902.0
Cairo_y2020.tif,326,0.4754601226993865,0.23707055214723927,Cairo,0,17875,3902.0
Cairo_y2020.tif,490,0.38979591836734695,0.24582653061224488,Cairo,1,17868,3902.0
Cairo_y2020.tif,920,0.8532608695652174,0.32523369565217397,Cairo,1,17892,3902.0
Cairo_y2020.tif,136,1.0,0.3543382352941177,Cairo,1,17806,3902.0
Cairo_y2020.tif,146,0.8561643835616438,0.3070205479452055,Cairo,1,17830,3902.0
Cairo_y2020.tif,337,0.4362017804154303,0.24752225519287832,Cairo,1,17881,3902.0
Cairo_y2020.tif,264,0.11742424242424243,0.13075757575757574,Cairo,1,17862,3902.0
Cairo_y2020.tif,577,0.0779896013864818,0.0831889081455806,Cairo,0,17884,3902.0
Cairo_y2020.tif,213,0.04225352112676056,0.18516431924882631,Cairo,0,17877,3902.0
Cairo_y2020.tif,654,0.0045871559633027525,0.057446483180428144,Cairo,1,17898,3902.0
Cairo_y2020.tif,1159,0.08369283865401209,0.10811044003451252,Cairo,0,17917,3902.0
Cairo_y2020.tif,677,0.08714918759231906,0.07693500738552438,Cairo,0,17918,3902.0
Cairo_y2020.tif,1053,0.1889838556505223,0.13644349477682813,Cairo,0,17934,3902.0
Cairo_y2020.tif,351,0.02849002849002849,0.14937321937321937,Cairo,0,17895,3902.0
Cairo_y2020.tif,251,0.1752988047808765,0.18348605577689245,Cairo,1,17894,3902.0
Cairo_y2020.tif,740,0.021621621621621623,0.08119594594594595,Cairo,0,17912,3902.0
Cairo_y2020.tif,569,0.014059753954305799,0.09322495606326889,Cairo,0,17935,3902.0
Cairo_y2020.tif,317,0.2082018927444795,0.19943217665615143,Cairo,1,17966,3902.0
Cairo_y2020.tif,370,0.12162162162162163,0.1658108108108108,Cairo,0,17981,3902.0
Cairo_y2020.tif,260,0.011538461538461539,0.14215384615384613,Cairo,0,17984,3902.0
Cairo_y2020.tif,513,0.8596491228070176,0.3348148148148148,Cairo,1,17975,3902.0
Cairo_y2020.tif,502,0.5378486055776892,0.2585856573705179,Cairo,1,17963,3902.0
Cairo_y2020.tif,283,0.8409893992932862,0.30213780918727917,Cairo,1,17998,3902.0
Cairo_y2020.tif,536,0.17164179104477612,0.12451492537313431,Cairo,1,17893,3902.0
Cairo_y2020.tif,575,0.05565217391304348,0.10828695652173913,Cairo,0,17919,3902.0
Cairo_y2020.tif,635,0.5133858267716536,0.20495275590551182,Cairo,0,17967,3902.0
Cairo_y2020.tif,333,0.963963963963964,0.36801801801801803,Cairo,1,17944,3902.0
Cairo_y2020.tif,295,0.6440677966101694,0.29874576271186437,Cairo,1,17976,3902.0
Cairo_y2020.tif,369,0.8509485094850948,0.32850948509485095,Cairo,1,17983,3902.0
Cairo_y2020.tif,2754,0.03413217138707335,0.13649963689179376,Cairo,0,18061,3902.0
Cairo_y2020.tif,346,1.0,0.4170375722543353,Cairo,1,17988,3902.0
Cairo_y2020.tif,532,0.9755639097744361,0.36076127819548875,Cairo,1,18007,3902.0
Cairo_y2020.tif,867,0.38523644752018454,0.2497116493656286,Cairo,1,17989,3902.0
Cairo_y2020.tif,1322,0.7745839636913767,0.2879689863842663,Cairo,0,17633,3902.0
Cairo_y2020.tif,540,1.0,0.41200000000000003,Cairo,1,17600,3902.0
Cairo_y2020.tif,505,1.0,0.42023762376237617,Cairo,1,17619,3902.0
Cairo_y2020.tif,647,0.9922720247295209,0.39480680061823803,Cairo,1,17632,3902.0
Cairo_y2020.tif,467,0.9892933618843683,0.3741970021413276,Cairo,0,17669,3902.0
Cairo_y2020.tif,515,1.0,0.41133980582524265,Cairo,1,17682,3902.0
Cairo_y2020.tif,413,0.9394673123486683,0.338547215496368,Cairo,1,17700,3902.0
Cairo_y2020.tif,550,1.0,0.41319999999999996,Cairo,1,17660,3902.0
Cairo_y2020.tif,917,0.5463467829880043,0.2522846237731734,Cairo,0,17716,3902.0
Cairo_y2020.tif,1279,1.0,0.39594996090695855,Cairo,1,17762,3902.0
Cairo_y2020.tif,778,0.9357326478149101,0.37392673521850894,Cairo,1,17675,3902.0
Cairo_y2020.tif,607,0.7775947281713345,0.31739703459637564,Cairo,1,17630,3902.0
Cairo_y2020.tif,2036,0.8551080550098232,0.34244106090373283,Cairo,1,17686,3902.0
Cairo_y2020.tif,386,0.9689119170984456,0.3607772020725388,Cairo,1,17659,3902.0
Cairo_y2020.tif,417,0.6690647482014388,0.2738968824940048,Cairo,1,17696,3902.0
Cairo_y2020.tif,836,0.7787081339712919,0.27265550239234454,Cairo,1,17718,3902.0
Cairo_y2020.tif,371,1.0,0.3915094339622642,Cairo,1,17684,3902.0
Cairo_y2020.tif,1188,0.9031986531986532,0.3061195286195286,Cairo,1,17735,3902.0
Cairo_y2020.tif,215,1.0,0.3442790697674419,Cairo,0,17722,3902.0
Cairo_y2020.tif,261,0.9655172413793104,0.3489463601532567,Cairo,1,17773,3902.0
Cairo_y2020.tif,976,1.0,0.40807377049180327,Cairo,1,17664,3902.0
Cairo_y2020.tif,781,1.0,0.3749039692701664,Cairo,1,17668,3902.0
Cairo_y2020.tif,273,1.0,0.3538278388278388,Cairo,1,17665,3902.0
Cairo_y2020.tif,1187,0.97893850042123,0.3853454085930918,Cairo,1,17717,3902.0
Cairo_y2020.tif,336,0.9970238095238095,0.3343154761904762,Cairo,1,17708,3902.0
Cairo_y2020.tif,603,0.9983416252072969,0.4002155887230514,Cairo,0,17767,3902.0
Cairo_y2020.tif,912,0.6721491228070176,0.3087554824561403,Cairo,1,17724,3902.0
Cairo_y2020.tif,923,1.0,0.37637594799566626,Cairo,1,17841,3902.0
Cairo_y2020.tif,1122,0.7459893048128342,0.3134090909090909,Cairo,1,17822,3902.0
Cairo_y2020.tif,870,0.15632183908045977,0.1718735632183908,Cairo,0,17802,3902.0
Cairo_y2020.tif,482,0.4979253112033195,0.22270746887966805,Cairo,0,17747,3902.0
Cairo_y2020.tif,592,0.5929054054054054,0.2513766891891892,Cairo,1,17743,3902.0
Cairo_y2020.tif,1375,0.02618181818181818,0.0897709090909091,Cairo,0,17776,3902.0
Cairo_y2020.tif,8774,0.6711875997264646,0.2894267152951903,Cairo,0,17915,3902.0
Cairo_y2020.tif,921,0.9826275787187839,0.3672041259500543,Cairo,1,17798,3902.0
Cairo_y2020.tif,578,0.9982698961937716,0.382621107266436,Cairo,1,17813,3902.0
Cairo_y2020.tif,601,0.9184692179700499,0.352179700499168,Cairo,1,17819,3902.0
Cairo_y2020.tif,882,0.808390022675737,0.3319104308390023,Cairo,1,17851,3902.0
Cairo_y2020.tif,564,0.7163120567375887,0.2751152482269504,Cairo,1,17906,3902.0
Cairo_y2020.tif,3286,0.9674376141205112,0.3748965307364577,Cairo,0,17947,3902.0
Cairo_y2020.tif,400,0.87,0.34245000000000003,Cairo,1,17768,3902.0
Cairo_y2020.tif,3092,0.2525873221216041,0.14555304010349288,Cairo,0,17853,3902.0
Cairo_y2020.tif,542,0.8210332103321033,0.2996586715867159,Cairo,1,17783,3902.0
Cairo_y2020.tif,152,0.2631578947368421,0.24069078947368422,Cairo,0,17797,3902.0
Cairo_y2020.tif,581,0.6437177280550774,0.2811790017211704,Cairo,1,17807,3902.0
Cairo_y2020.tif,594,0.3148148148148148,0.2089983164983165,Cairo,1,17826,3902.0
Cairo_y2020.tif,876,0.3538812785388128,0.19598173515981737,Cairo,0,17852,3902.0
Cairo_y2020.tif,274,0.0,0.13990875912408757,Cairo,1,17831,3902.0
Cairo_y2020.tif,315,0.17142857142857143,0.167984126984127,Cairo,1,17855,3902.0
Cairo_y2020.tif,256,0.0,0.049140625,Cairo,0,17858,3902.0
Cairo_y2020.tif,575,0.6591304347826087,0.31252173913043474,Cairo,0,17688,3902.0
Cairo_y2020.tif,586,1.0,0.4206740614334471,Cairo,1,17720,3902.0
Cairo_y2020.tif,486,1.0,0.40828189300411527,Cairo,1,17746,3902.0
Cairo_y2020.tif,516,0.9534883720930233,0.38815891472868214,Cairo,1,17760,3902.0
Cairo_y2020.tif,688,1.0,0.3791569767441861,Cairo,0,17777,3902.0
Cairo_y2020.tif,760,1.0,0.4125526315789474,Cairo,1,17765,3902.0
Cairo_y2020.tif,5088,0.18730345911949686,0.12252653301886791,Cairo,0,18062,3902.0
Cairo_y2020.tif,762,1.0,0.4239041994750656,Cairo,1,17796,3902.0
Cairo_y2020.tif,1138,1.0,0.41262302284710023,Cairo,1,17879,3902.0
Cairo_y2020.tif,3609,0.5888057633693544,0.2660390689941812,Cairo,0,17957,3902.0
Cairo_y2020.tif,458,0.7903930131004366,0.2875,Cairo,1,17829,3902.0
Cairo_y2020.tif,611,0.8854337152209493,0.3140752864157119,Cairo,1,17861,3902.0
Cairo_y2020.tif,1384,0.971820809248555,0.3497579479768786,Cairo,1,17863,3902.0
Cairo_y2020.tif,634,0.8817034700315457,0.32250788643533124,Cairo,1,17870,3902.0
Cairo_y2020.tif,865,1.0,0.3948323699421965,Cairo,1,17873,3902.0
Cairo_y2020.tif,772,0.9689119170984456,0.3551554404145078,Cairo,1,17909,3902.0
Cairo_y2020.tif,954,0.6886792452830188,0.26424528301886796,Cairo,0,17933,3902.0
Cairo_y2020.tif,522,0.1360153256704981,0.1299712643678161,Cairo,1,18059,3902.0
Cairo_y2020.tif,656,0.989329268292683,0.37140243902439024,Cairo,1,18075,3902.0
Cairo_y2020.tif,348,0.7183908045977011,0.2615948275862069,Cairo,0,18096,3902.0
Cairo_y2020.tif,760,0.8592105263157894,0.35725,Cairo,1,17871,3902.0
Cairo_y2020.tif,748,0.9732620320855615,0.36313502673796794,Cairo,0,17886,3902.0
Cairo_y2020.tif,412,1.0,0.4300242718446602,Cairo,1,17913,3902.0
Cairo_y2020.tif,393,1.0,0.33815521628498724,Cairo,1,17904,3902.0
Cairo_y2020.tif,1046,0.9980879541108987,0.4103346080305928,Cairo,1,17955,3902.0
Cairo_y2020.tif,1007,0.9900695134061569,0.3587636544190665,Cairo,1,17936,3902.0
Cairo_y2020.tif,396,0.8964646464646465,0.36566919191919195,Cairo,1,17973,3902.0
Cairo_y2020.tif,835,0.5880239520958084,0.2791916167664671,Cairo,1,17990,3902.0
Cairo_y2020.tif,1190,0.5117647058823529,0.23944117647058824,Cairo,0,18011,3902.0
Cairo_y2020.tif,5474,0.2080745341614907,0.1290464011691633,Cairo,0,18080,3902.0
Cairo_y2020.tif,1510,0.0,0.06830794701986755,Cairo,0,17889,3902.0
Cairo_y2020.tif,747,0.2757697456492637,0.16582998661311915,Cairo,0,17977,3902.0
Cairo_y2020.tif,1083,0.18744228993536471,0.12757617728531856,Cairo,0,17959,3902.0
Cairo_y2020.tif,504,0.32936507936507936,0.14524801587301586,Cairo,0,17993,3902.0
Cairo_y2020.tif,1140,0.787719298245614,0.28389912280701757,Cairo,0,17994,3902.0
Cairo_y2020.tif,3315,0.08386123680241327,0.10188084464555053,Cairo,0,18037,3902.0
Cairo_y2020.tif,781,0.9846350832266325,0.3115749039692702,Cairo,1,18039,3902.0
Cairo_y2020.tif,872,0.09059633027522936,0.18071100917431193,Cairo,0,18077,3902.0
Cairo_y2020.tif,644,0.08074534161490683,0.15763198757763977,Cairo,0,18073,3902.0
Cairo_y2020.tif,646,1.0,0.32102941176470584,Cairo,0,18045,3902.0
Cairo_y2020.tif,2153,0.6516488620529494,0.2669832791453785,Cairo,0,18099,3902.0
Cairo_y2020.tif,493,0.9695740365111561,0.31196754563894524,Cairo,0,18107,3902.0
Cairo_y2020.tif,412,0.9975728155339806,0.30849514563106795,Cairo,1,18057,3902.0
Cairo_y2020.tif,664,0.552710843373494,0.22060993975903617,Cairo,0,18120,3902.0
Cairo_y2020.tif,421,0.9144893111638955,0.29150831353919243,Cairo,1,18133,3902.0
Cairo_y2020.tif,242,0.9834710743801653,0.3303512396694215,Cairo,1,18151,3902.0
Cairo_y2020.tif,1031,0.8060135790494666,0.2958050436469447,Cairo,1,18149,3902.0
Cairo_y2020.tif,4327,0.10677143517448578,0.05856366997920038,Cairo,0,18209,3902.0
Cairo_y2020.tif,826,0.8450363196125908,0.3159624697336562,Cairo,0,18171,3902.0
Cairo_y2020.tif,1140,0.9903508771929824,0.3464035087719298,Cairo,1,18257,3902.0
Cairo_y2020.tif,1200,0.25833333333333336,0.21725,Cairo,0,17982,3902.0
Cairo_y2020.tif,911,0.4061470911086718,0.17133369923161362,Cairo,0,18030,3902.0
Cairo_y2020.tif,1103,0.1813236627379873,0.10164551223934724,Cairo,0,18042,3902.0
Cairo_y2020.tif,4713,0.5397835773392744,0.20774347549331637,Cairo,0,18332,3902.0
Cairo_y2020.tif,2274,0.8583992963940194,0.25848284960422163,Cairo,0,18012,3902.0
Cairo_y2020.tif,3752,0.3611407249466951,0.14039578891257995,Cairo,0,18108,3902.0
Cairo_y2020.tif,1457,0.32807137954701443,0.2127659574468085,Cairo,0,18076,3902.0
Cairo_y2020.tif,513,0.3216374269005848,0.23855750487329433,Cairo,0,18022,3902.0
Cairo_y2020.tif,4539,0.6640229125358008,0.22853381802159067,Cairo,0,18165,3902.0
Cairo_y2020.tif,2641,0.3116243847027641,0.13197652404392277,Cairo,0,18173,3902.0
Cairo_y2020.tif,2041,0.4850563449289564,0.21387555120039195,Cairo,0,18132,3902.0
Cairo_y2020.tif,670,0.007462686567164179,0.06406716417910448,Cairo,0,18078,3902.0
Cairo_y2020.tif,1057,0.6982024597918638,0.2618968779564806,Cairo,1,18144,3902.0
Cairo_y2020.tif,414,0.3671497584541063,0.16443236714975845,Cairo,0,18103,3902.0
Cairo_y2020.tif,2271,0.8938793483047116,0.33980184940554825,Cairo,0,18145,3902.0
Cairo_y2020.tif,1019,0.9813542688910697,0.34642296368989206,Cairo,0,18128,3902.0
Cairo_y2020.tif,1433,0.2875087229588276,0.17886601535240754,Cairo,0,18093,3902.0
Cairo_y2020.tif,906,0.25275938189845476,0.2588520971302428,Cairo,0,18139,3902.0
Cairo_y2020.tif,708,0.9081920903954802,0.3214265536723164,Cairo,0,18156,3902.0
Cairo_y2020.tif,800,0.4275,0.2299625,Cairo,0,18184,3902.0
Cairo_y2020.tif,923,0.6663055254604551,0.264068255687974,Cairo,0,17970,3902.0
Cairo_y2020.tif,538,0.7992565055762082,0.24659851301115246,Cairo,0,18016,3902.0
Cairo_y2020.tif,2676,0.24177877428998507,0.11048766816143499,Cairo,0,18050,3902.0
Cairo_y2020.tif,770,0.9831168831168832,0.3113831168831169,Cairo,0,18058,3902.0
Cairo_y2020.tif,646,0.12538699690402477,0.114156346749226,Cairo,0,18089,3902.0
Cairo_y2020.tif,2088,0.5454980842911877,0.22149425287356322,Cairo,0,18097,3902.0
Cairo_y2020.tif,3849,0.6318524292023903,0.24571317225253317,Cairo,0,18130,3902.0
Cairo_y2020.tif,1157,0.2912705272255834,0.12428694900605014,Cairo,0,18162,3902.0
Cairo_y2020.tif,3438,0.6800465386852821,0.2559685863874346,Cairo,0,18237,3902.0
Cairo_y2020.tif,970,0.5061855670103093,0.21763917525773196,Cairo,0,18235,3902.0
Cairo_y2020.tif,1174,0.8321976149914821,0.3147742759795571,Cairo,0,18192,3902.0
Cairo_y2020.tif,2657,0.39179525780955965,0.19060030109145654,Cairo,0,18258,3902.0
Cairo_y2020.tif,1729,0.7096587622903412,0.275855986119144,Cairo,0,18203,3902.0
Cairo_y2020.tif,1394,0.8995695839311334,0.31847919655667145,Cairo,1,18229,3902.0
Cairo_y2020.tif,2517,0.8085021851410409,0.2759972189114025,Cairo,0,18266,3902.0
Cairo_y2020.tif,892,0.7051569506726457,0.3113340807174888,Cairo,0,18202,3902.0
Cairo_y2020.tif,921,0.7730727470141151,0.30042888165038006,Cairo,0,18246,3902.0
Cairo_y2020.tif,902,1.0,0.38007206208425726,Cairo,0,18242,3902.0
Cairo_y2020.tif,840,0.17142857142857143,0.16514285714285715,Cairo,1,18279,3902.0
Cairo_y2020.tif,1684,0.24821852731591448,0.20573040380047508,Cairo,1,18322,3902.0
Cairo_y2020.tif,2621,0.7535291873330789,0.2808088515833651,Cairo,0,18091,3902.0
Cairo_y2020.tif,2445,0.9149284253578732,0.34814723926380364,Cairo,0,18101,3902.0
Cairo_y2020.tif,1791,0.39140145170295926,0.19384701284198774,Cairo,0,18102,3902.0
Cairo_y2020.tif,1368,0.5826023391812866,0.22289473684210528,Cairo,0,18124,3902.0
Cairo_y2020.tif,3100,0.7429032258064516,0.28145000000000003,Cairo,0,18193,3902.0
Cairo_y2020.tif,3883,0.6778264228689158,0.25996265773886174,Cairo,0,18226,3902.0
Cairo_y2020.tif,1658,0.8787696019300362,0.35468938480096507,Cairo,0,18286,3902.0
Cairo_y2020.tif,7422,0.20479655079493397,0.11245082188089466,Cairo,0,18425,3902.0
Cairo_y2020.tif,2265,1.0,0.4026203090507727,Cairo,0,18389,3902.0
Cairo_y2020.tif,3184,0.2854899497487437,0.1216661432160804,Cairo,0,18406,3902.0
Cairo_y2020.tif,923,0.6208017334777898,0.27462621885157096,Cairo,1,18274,3902.0
Cairo_y2020.tif,1451,0.23983459682977257,0.2094831150930393,Cairo,0,18327,3902.0
Cairo_y2020.tif,435,0.7954022988505747,0.2643793103448276,Cairo,1,18278,3902.0
Cairo_y2020.tif,463,0.9352051835853131,0.33801295896328293,Cairo,1,18305,3902.0
Cairo_y2020.tif,840,0.925,0.34311904761904766,Cairo,0,18316,3902.0
Cairo_y2020.tif,694,0.023054755043227664,0.04964697406340057,Cairo,0,18375,3902.0
Cairo_y2020.tif,482,0.5560165975103735,0.2394813278008299,Cairo,1,18325,3902.0
Cairo_y2020.tif,2310,0.9735930735930736,0.3262402597402597,Cairo,0,18344,3902.0
Cairo_y2020.tif,798,0.6729323308270677,0.2713847117794486,Cairo,1,18312,3902.0
Cairo_y2020.tif,756,0.5674603174603174,0.25748677248677254,Cairo,1,18342,3902.0
Cairo_y2020.tif,3614,0.12728278915329275,0.07687603763143332,Cairo,0,18304,3902.0
Cairo_y2020.tif,3600,0.255,0.1268125,Cairo,0,18299,3902.0
Cairo_y2020.tif,5520,0.19981884057971014,0.09348188405797102,Cairo,0,18368,3902.0
Cairo_y2020.tif,489,0.6298568507157464,0.2635787321063394,Cairo,0,18259,3902.0
Cairo_y2020.tif,1171,0.9479077711357814,0.3356831767719897,Cairo,0,18301,3902.0
Cairo_y2020.tif,897,0.9286510590858417,0.3705016722408027,Cairo,0,18350,3902.0
Cairo_y2020.tif,3618,0.38916528468767275,0.17775152017689333,Cairo,0,18407,3902.0
Cairo_y2020.tif,536,1.0,0.3688899253731343,Cairo,0,18402,3902.0
Cairo_y2020.tif,1318,0.783763277693475,0.3362594840667678,Cairo,1,18416,3902.0
Cairo_y2020.tif,1834,0.8500545256270448,0.2960659760087241,Cairo,0,18441,3902.0
Cairo_y2020.tif,1135,0.41145374449339206,0.252568281938326,Cairo,1,18333,3902.0
Cairo_y2020.tif,13841,0.04862365436023409,0.04634130481901597,Cairo,0,18560,3902.0
Cairo_y2020.tif,614,1.0,0.37578175895765475,Cairo,0,18366,3902.0
Cairo_y2020.tif,1232,0.7840909090909091,0.3041883116883117,Cairo,1,18387,3902.0
Cairo_y2020.tif,693,0.48484848484848486,0.26429292929292925,Cairo,1,18384,3902.0
Cairo_y2020.tif,505,0.9683168316831683,0.33697029702970294,Cairo,1,18345,3902.0
Cairo_y2020.tif,924,0.4393939393939394,0.23816558441558444,Cairo,0,18385,3902.0
Cairo_y2020.tif,896,1.0,0.42021205357142855,Cairo,1,18403,3902.0
Cairo_y2020.tif,681,1.0,0.3880763582966227,Cairo,1,18410,3902.0
Cairo_y2020.tif,888,0.6531531531531531,0.2765146396396396,Cairo,0,18408,3902.0
Cairo_y2020.tif,825,0.40484848484848485,0.14618787878787878,Cairo,0,18377,3902.0
Cairo_y2020.tif,745,0.9234899328859061,0.2603557046979866,Cairo,0,18339,3902.0
Cairo_y2020.tif,1058,0.8043478260869565,0.23874291115311908,Cairo,0,18367,3902.0
Cairo_y2020.tif,1367,0.542794440380395,0.22384052670080468,Cairo,0,18373,3902.0
Cairo_y2020.tif,1289,0.0,0.09971683475562451,Cairo,0,18379,3902.0
Cairo_y2020.tif,617,0.7844408427876823,0.2323743922204214,Cairo,0,18371,3902.0
Cairo_y2020.tif,738,1.0,0.29230352303523033,Cairo,0,18351,3902.0
Cairo_y2020.tif,613,0.7063621533442088,0.22106035889070144,Cairo,0,18372,3902.0
Cairo_y2020.tif,1349,0.7116382505559674,0.2815418828762046,Cairo,0,18370,3902.0
Cairo_y2020.tif,1754,0.44583808437856326,0.15046750285062716,Cairo,0,18394,3902.0
Cairo_y2020.tif,752,0.788563829787234,0.3248071808510638,Cairo,1,18415,3902.0
Cairo_y2020.tif,383,0.9895561357702349,0.3551827676240209,Cairo,0,18397,3902.0
Cairo_y2020.tif,1353,0.9770879526977088,0.3338617886178862,Cairo,0,18431,3902.0
Cairo_y2020.tif,2713,0.6785845927018062,0.2680888315517877,Cairo,0,18467,3902.0
Cairo_y2020.tif,1291,0.9581719597211464,0.34635553834237026,Cairo,0,18453,3902.0
Cairo_y2020.tif,431,0.9675174013921114,0.3140139211136891,Cairo,1,18481,3902.0
Cairo_y2020.tif,972,0.9598765432098766,0.35252057613168725,Cairo,1,18485,3902.0
Cairo_y2020.tif,955,1.0,0.33805235602094247,Cairo,0,18497,3902.0
Cairo_y2020.tif,3016,0.9535809018567639,0.3594164456233422,Cairo,0,18496,3902.0
Cairo_y2020.tif,1389,0.9899208063354932,0.3475881929445644,Cairo,0,18461,3902.0
Cairo_y2020.tif,134,0.0,0.1348134328358209,Cairo,1,17956,3902.0
Cairo_y2020.tif,255,0.4549019607843137,0.22458823529411764,Cairo,0,17960,3902.0
Cairo_y2020.tif,405,0.014814814814814815,0.11303703703703703,Cairo,0,17945,3902.0
Cairo_y2020.tif,717,0.24686192468619247,0.16538354253835424,Cairo,0,17995,3902.0
Cairo_y2020.tif,149,0.6510067114093959,0.2836577181208053,Cairo,0,17968,3902.0
Cairo_y2020.tif,401,0.3491271820448878,0.18069825436408976,Cairo,0,17997,3902.0
Cairo_y2020.tif,195,0.8256410256410256,0.31356410256410255,Cairo,1,17986,3902.0
Cairo_y2020.tif,634,0.7602523659305994,0.31257097791798105,Cairo,1,17987,3902.0
Cairo_y2020.tif,629,0.09379968203497616,0.1461764705882353,Cairo,1,18051,3902.0
Cairo_y2020.tif,181,0.3149171270718232,0.23845303867403314,Cairo,0,18053,3902.0
Cairo_y2020.tif,510,0.6137254901960785,0.2643725490196078,Cairo,1,18023,3902.0
Cairo_y2020.tif,394,1.0,0.4077918781725889,Cairo,1,18047,3902.0
Cairo_y2020.tif,904,0.7300884955752213,0.2660674778761062,Cairo,1,18069,3902.0
Cairo_y2020.tif,313,1.0,0.3938977635782748,Cairo,1,18031,3902.0
Cairo_y2020.tif,245,1.0,0.3557142857142856,Cairo,1,18074,3902.0
Cairo_y2020.tif,314,1.0,0.37552547770700634,Cairo,1,18095,3902.0
Cairo_y2020.tif,205,0.47804878048780486,0.2614878048780488,Cairo,1,18092,3902.0
Cairo_y2020.tif,224,1.0,0.3911383928571429,Cairo,1,18083,3902.0
Cairo_y2020.tif,1968,0.7139227642276422,0.28496697154471545,Cairo,1,18142,3902.0
Cairo_y2020.tif,294,1.0,0.3928401360544218,Cairo,1,18112,3902.0
Cairo_y2020.tif,261,1.0,0.38139846743295014,Cairo,1,18008,3902.0
Cairo_y2020.tif,397,0.9924433249370277,0.3570906801007556,Cairo,1,18040,3902.0
Cairo_y2020.tif,215,1.0,0.3841627906976744,Cairo,1,18036,3902.0
Cairo_y2020.tif,683,0.9912152269399708,0.3784626647144949,Cairo,1,18067,3902.0
Cairo_y2020.tif,290,0.9758620689655172,0.32805172413793104,Cairo,1,18085,3902.0
Cairo_y2020.tif,928,0.6056034482758621,0.26112068965517243,Cairo,1,18104,3902.0
Cairo_y2020.tif,641,0.49453978159126366,0.279804992199688,Cairo,1,18094,3902.0
Cairo_y2020.tif,416,0.4014423076923077,0.25735576923076925,Cairo,1,18127,3902.0
Cairo_y2020.tif,168,1.0,0.4039285714285714,Cairo,1,18135,3902.0
Cairo_y2020.tif,388,0.7783505154639175,0.32310567010309277,Cairo,1,18155,3902.0
Cairo_y2020.tif,262,0.6297709923664122,0.28677480916030534,Cairo,1,18027,3902.0
Cairo_y2020.tif,498,0.0,0.1584036144578313,Cairo,0,18049,3902.0
Cairo_y2020.tif,331,0.5377643504531722,0.27998489425981876,Cairo,1,18060,3902.0
Cairo_y2020.tif,200,0.0,0.19349999999999998,Cairo,0,18032,3902.0
Cairo_y2020.tif,260,0.9538461538461539,0.3220192307692307,Cairo,0,18071,3902.0
Cairo_y2020.tif,293,0.8464163822525598,0.29889078498293514,Cairo,1,18046,3902.0
Cairo_y2020.tif,509,0.9037328094302554,0.30317288801571707,Cairo,1,18029,3902.0
Cairo_y2020.tif,263,0.46387832699619774,0.2888783269961977,Cairo,1,18088,3902.0
Cairo_y2020.tif,1247,0.5741780272654371,0.26883319967923014,Cairo,0,18164,3902.0
Cairo_y2020.tif,201,0.014925373134328358,0.20310945273631842,Cairo,0,18116,3902.0
Cairo_y2020.tif,493,0.0,0.17388438133874237,Cairo,1,18131,3902.0
Cairo_y2020.tif,280,1.0,0.35707142857142854,Cairo,1,18117,3902.0
Cairo_y2020.tif,285,0.9894736842105263,0.3575087719298245,Cairo,1,18100,3902.0
Cairo_y2020.tif,535,0.9925233644859813,0.32607476635514016,Cairo,1,18123,3902.0
Cairo_y2020.tif,186,1.0,0.36725806451612897,Cairo,1,18140,3902.0
Cairo_y2020.tif,1635,0.4850152905198777,0.22522018348623854,Cairo,1,18208,3902.0
Cairo_y2020.tif,355,1.0,0.3489295774647887,Cairo,1,18167,3902.0
Cairo_y2020.tif,226,1.0,0.36754424778761063,Cairo,1,18163,3902.0
Cairo_y2020.tif,688,0.2063953488372093,0.19941860465116282,Cairo,1,18190,3902.0
Cairo_y2020.tif,391,1.0,0.36622762148337595,Cairo,1,18189,3902.0
Cairo_y2020.tif,574,1.0,0.3643641114982578,Cairo,1,18115,3902.0
Cairo_y2020.tif,150,1.0,0.38866666666666666,Cairo,1,18129,3902.0
Cairo_y2020.tif,160,1.0,0.38234375,Cairo,1,18148,3902.0
Cairo_y2020.tif,355,1.0,0.3384225352112676,Cairo,1,18157,3902.0
Cairo_y2020.tif,353,0.9915014164305949,0.35471671388101983,Cairo,1,18179,3902.0
Cairo_y2020.tif,241,1.0,0.31278008298755183,Cairo,1,18169,3902.0
Cairo_y2020.tif,275,1.0,0.3392363636363636,Cairo,1,18195,3902.0
Cairo_y2020.tif,2396,0.40025041736227046,0.22831803005008344,Cairo,1,18250,3902.0
Cairo_y2020.tif,587,0.8654173764906303,0.2964991482112436,Cairo,1,18236,3902.0
Cairo_y2020.tif,203,0.9950738916256158,0.3048768472906404,Cairo,1,18222,3902.0
Cairo_y2020.tif,450,0.10666666666666667,0.16916666666666666,Cairo,0,18186,3902.0
Cairo_y2020.tif,318,0.0,0.1772327044025157,Cairo,1,18176,3902.0
Cairo_y2020.tif,772,0.0,0.14139896373056995,Cairo,1,18183,3902.0
Cairo_y2020.tif,712,0.0,0.09604634831460673,Cairo,0,18210,3902.0
Cairo_y2020.tif,828,0.37318840579710144,0.21158212560386472,Cairo,1,18205,3902.0
Cairo_y2020.tif,577,0.0,0.11512998266897748,Cairo,1,18232,3902.0
Cairo_y2020.tif,1063,0.11759172154280338,0.14434619002822202,Cairo,1,18255,3902.0
Cairo_y2020.tif,734,0.21389645776566757,0.21871253405994553,Cairo,1,18231,3902.0
Cairo_y2020.tif,1765,0.33824362606232294,0.17950991501416433,Cairo,0,18358,3902.0
Cairo_y2020.tif,803,0.7297633872976339,0.2773412204234122,Cairo,0,18364,3902.0
Cairo_y2020.tif,383,0.7362924281984334,0.276579634464752,Cairo,1,18216,3902.0
Cairo_y2020.tif,315,0.6952380952380952,0.2628888888888889,Cairo,1,18251,3902.0
Cairo_y2020.tif,505,0.8198019801980198,0.25605940594059406,Cairo,1,18267,3902.0
Cairo_y2020.tif,438,0.8310502283105022,0.28565068493150686,Cairo,1,18271,3902.0
Cairo_y2020.tif,2426,0.2543281121187139,0.1854616652926628,Cairo,0,18311,3902.0
Cairo_y2020.tif,398,0.22613065326633167,0.22320351758793971,Cairo,1,18321,3902.0
Cairo_y2020.tif,532,0.18796992481203006,0.2181390977443609,Cairo,1,18331,3902.0
Cairo_y2020.tif,698,0.5128939828080229,0.29824498567335245,Cairo,1,18395,3902.0
Cairo_y2020.tif,6659,0.3529058417179757,0.15179005856735248,Cairo,0,18454,3902.0
Cairo_y2020.tif,801,0.011235955056179775,0.2037390761548065,Cairo,1,18357,3902.0
Cairo_y2020.tif,352,0.9914772727272727,0.33157670454545457,Cairo,1,18197,3902.0
Cairo_y2020.tif,746,0.7278820375335121,0.2709651474530831,Cairo,0,18230,3902.0
Cairo_y2020.tif,1034,0.9487427466150871,0.3192069632495164,Cairo,1,18204,3902.0
Cairo_y2020.tif,4459,0.06705539358600583,0.049287956941018174,Cairo,0,18363,3902.0
Cairo_y2020.tif,5352,0.09678624813153962,0.058512705530642764,Cairo,0,18423,3902.0
Cairo_y2020.tif,3542,0.2896668548842462,0.1855660643704122,Cairo,0,18494,3902.0
Cairo_y2020.tif,3421,0.6895644548377667,0.28281350482315115,Cairo,0,18563,3902.0
Cairo_y2020.tif,1864,0.869098712446352,0.3384817596566524,Cairo,0,18582,3902.0
Cairo_y2020.tif,3791,0.42099709839092586,0.19552360854655765,Cairo,0,18617,3902.0
Cairo_y2020.tif,3492,0.3857388316151203,0.18487972508591066,Cairo,0,18658,3902.0
Cairo_y2020.tif,7243,0.5478392931105895,0.21134681761700952,Cairo,0,18526,3902.0
Cairo_y2020.tif,4390,0.05284738041002278,0.05696127562642369,Cairo,0,18641,3902.0
Cairo_y2020.tif,5733,0.46188731903017616,0.19257980115122972,Cairo,0,18757,3902.0
Cairo_y2020.tif,3554,0.22622397298818234,0.12692599887450762,Cairo,0,18775,3902.0
Cairo_y2020.tif,807,0.31226765799256506,0.1849194547707559,Cairo,0,18782,3902.0
Cairo_y2020.tif,809,1.0,0.34091470951792335,Cairo,0,18846,3902.0
Cairo_y2020.tif,2009,0.6077650572424091,0.2531831757093081,Cairo,0,18873,3902.0
Cairo_y2020.tif,12840,0.24657320872274144,0.1104929906542056,Cairo,0,18987,3902.0
Cairo_y2020.tif,1162,0.12134251290877797,0.09354130808950087,Cairo,0,18963,3902.0
Cairo_y2020.tif,4117,0.3310663104202089,0.15453606995384989,Cairo,0,19031,3902.0
Cairo_y2020.tif,2386,0.3721709974853311,0.1880343671416597,Cairo,0,18180,3902.0
Cairo_y2020.tif,2518,0.3050039714058777,0.1688284352660842,Cairo,0,18109,3902.0
Cairo_y2020.tif,1670,0.29760479041916166,0.18204491017964072,Cairo,0,18225,3902.0
Cairo_y2020.tif,1226,0.02528548123980424,0.17648042414355627,Cairo,0,18211,3902.0
Cairo_y2020.tif,2859,0.4651976215459951,0.20989681706890523,Cairo,0,18294,3902.0
Cairo_y2020.tif,3402,0.5426219870664315,0.2508803644914756,Cairo,0,18282,3902.0
Cairo_y2020.tif,1998,0.6341341341341341,0.2420695695695696,Cairo,0,18314,3902.0
Cairo_y2020.tif,2675,0.17682242990654207,0.11906542056074766,Cairo,0,18347,3902.0
Cairo_y2020.tif,2028,0.8510848126232742,0.320431459566075,Cairo,0,18383,3902.0
Cairo_y2020.tif,2640,0.6132575757575758,0.273092803030303,Cairo,0,18381,3902.0
Cairo_y2020.tif,2362,0.37341236240474174,0.1954762912785775,Cairo,0,18121,3902.0
Cairo_y2020.tif,1930,0.4461139896373057,0.2050336787564767,Cairo,0,18170,3902.0
Cairo_y2020.tif,869,0.11737629459148446,0.16948216340621405,Cairo,0,18160,3902.0
Cairo_y2020.tif,1654,0.7351874244256348,0.30307436517533254,Cairo,0,18240,3902.0
Cairo_y2020.tif,16352,0.15906311154598826,0.09193156800391389,Cairo,0,18409,3902.0
Cairo_y2020.tif,2262,0.8669319186560566,0.35020778072502207,Cairo,0,18330,3902.0
Cairo_y2020.tif,2646,0.3749055177626606,0.18845238095238095,Cairo,0,18557,3902.0
Cairo_y2020.tif,2454,0.9686226568867156,0.3872962510187449,Cairo,0,18452,3902.0
Cairo_y2020.tif,2448,0.7034313725490197,0.25527369281045753,Cairo,0,18400,3902.0
Cairo_y2020.tif,2700,0.8733333333333333,0.31624074074074077,Cairo,0,18433,3902.0
Cairo_y2020.tif,750,1.0,0.3705266666666666,Cairo,1,18248,3902.0
Cairo_y2020.tif,2583,0.007742934572202865,0.023176538908246228,Cairo,0,18296,3902.0
Cairo_y2020.tif,1279,0.8037529319781079,0.29197028928850666,Cairo,0,18302,3902.0
Cairo_y2020.tif,3660,0.4743169398907104,0.2022568306010929,Cairo,0,18355,3902.0
Cairo_y2020.tif,2645,0.6045368620037808,0.2373875236294896,Cairo,0,18426,3902.0
Cairo_y2020.tif,2114,0.9612109744560076,0.35755912961210967,Cairo,1,18470,3902.0
Cairo_y2020.tif,3180,0.8141509433962264,0.31222012578616354,Cairo,0,18465,3902.0
Cairo_y2020.tif,1350,0.7044444444444444,0.31880740740740743,Cairo,1,18451,3902.0
Cairo_y2020.tif,5144,0.10769828926905133,0.05375,Cairo,0,18610,3902.0
Cairo_y2020.tif,3154,0.28408370323398857,0.13175649968294229,Cairo,0,18624,3902.0
Cairo_y2020.tif,1414,0.5714285714285714,0.2801060820367751,Cairo,0,18404,3902.0
Cairo_y2020.tif,3287,0.7353209613629449,0.31692881046547,Cairo,0,18466,3902.0
Cairo_y2020.tif,1558,0.7670089858793325,0.2801893453145058,Cairo,0,18417,3902.0
Cairo_y2020.tif,1085,0.9511520737327189,0.3740875576036866,Cairo,0,18488,3902.0
Cairo_y2020.tif,1546,0.7056921086675291,0.2623835705045278,Cairo,0,18545,3902.0
Cairo_y2020.tif,1974,0.5303951367781155,0.26041286727456936,Cairo,0,18567,3902.0
Cairo_y2020.tif,1980,0.9085858585858586,0.33890404040404043,Cairo,0,18549,3902.0
Cairo_y2020.tif,2273,0.8878134623845139,0.33248350197976245,Cairo,0,18538,3902.0
Cairo_y2020.tif,998,0.3396793587174349,0.17883767535070139,Cairo,0,18616,3902.0
Cairo_y2020.tif,1390,0.9776978417266187,0.37805395683453247,Cairo,0,18589,3902.0
Cairo_y2020.tif,1423,0.6317638791286015,0.2596732255797611,Cairo,0,18671,3902.0
Cairo_y2020.tif,2023,1.0,0.4219649036085022,Cairo,0,18674,3902.0
Cairo_y2020.tif,1767,0.5472552348613469,0.2823174872665535,Cairo,0,18740,3902.0
Cairo_y2020.tif,1288,1.0,0.4368594720496894,Cairo,1,18718,3902.0
Cairo_y2020.tif,1552,0.8614690721649485,0.3346778350515464,Cairo,0,18745,3902.0
Cairo_y2020.tif,2979,1.0,0.43383014434373957,Cairo,0,18758,3902.0
Cairo_y2020.tif,2055,1.0,0.4337396593673966,Cairo,1,18807,3902.0
Cairo_y2020.tif,2154,0.9373259052924791,0.39157613741875574,Cairo,0,18835,3902.0
Cairo_y2020.tif,4557,0.5457537853851218,0.22299429449199032,Cairo,0,18843,3902.0
Cairo_y2020.tif,1626,0.5116851168511685,0.2738868388683887,Cairo,0,18864,3902.0
Cairo_y2020.tif,5049,0.3739354327589622,0.17894236482471776,Cairo,0,18604,3902.0
Cairo_y2020.tif,6285,0.37438345266507556,0.17409944311853623,Cairo,0,18639,3902.0
Cairo_y2020.tif,2904,0.43732782369146006,0.17937155647382919,Cairo,0,18628,3902.0
Cairo_y2020.tif,3089,0.47911945613467144,0.21105050178051146,Cairo,0,18763,3902.0
Cairo_y2020.tif,1003,0.9511465603190429,0.34498005982053837,Cairo,0,18710,3902.0
Cairo_y2020.tif,16787,0.0990051825817597,0.046217608864001905,Cairo,0,19004,3902.0
Cairo_y2020.tif,1930,0.26735751295336785,0.19264507772020725,Cairo,0,18845,3902.0
Cairo_y2020.tif,3024,0.49834656084656087,0.21548445767195767,Cairo,0,18817,3902.0
Cairo_y2020.tif,9395,0.08323576370409792,0.04842895156998404,Cairo,0,18996,3902.0
Cairo_y2020.tif,25194,0.11145510835913312,0.06017583551639279,Cairo,0,19064,3902.0
Cairo_y2020.tif,2293,0.914958569559529,0.3687352812908853,Cairo,0,18900,3902.0
Cairo_y2020.tif,1334,0.4700149925037481,0.24023238380809597,Cairo,0,18870,3902.0
Cairo_y2020.tif,4911,0.5901038485033598,0.25331398900427615,Cairo,0,19012,3902.0
Cairo_y2020.tif,1871,0.7375734901122395,0.28370924639230355,Cairo,0,18954,3902.0
Cairo_y2020.tif,864,0.6817129629629629,0.28467592592592594,Cairo,0,18944,3902.0
Cairo_y2020.tif,3084,0.9808690012970168,0.3807814526588845,Cairo,0,18941,3902.0
Cairo_y2020.tif,1846,0.9073672806067172,0.3327518959913326,Cairo,0,18955,3902.0
Cairo_y2020.tif,2007,0.9033383158943697,0.34604633781763827,Cairo,0,18991,3902.0
Cairo_y2020.tif,1581,0.9974699557242251,0.35177103099304236,Cairo,0,18997,3902.0
Cairo_y2020.tif,1597,0.63055729492799,0.2683218534752661,Cairo,0,19043,3902.0
Cairo_y2020.tif,3590,0.09025069637883008,0.12596518105849583,Cairo,0,18636,3902.0
Cairo_y2020.tif,1849,0.3591130340724716,0.24459978366684693,Cairo,0,18653,3902.0
Cairo_y2020.tif,9724,0.28290826820238585,0.1201593994241053,Cairo,0,19140,3902.0
Cairo_y2020.tif,20750,0.08997590361445783,0.05456048192771084,Cairo,0,19302,3902.0
Cairo_y2020.tif,4150,0.23156626506024097,0.11618313253012047,Cairo,0,19350,3902.0
Cairo_y2020.tif,6388,0.2781778334376957,0.1567775516593613,Cairo,0,19305,3902.0
Cairo_y2020.tif,2271,0.714663143989432,0.3119066490532805,Cairo,0,19293,3902.0
Cairo_y2020.tif,4969,0.33869993962567924,0.15732239887301266,Cairo,0,19369,3902.0
Cairo_y2020.tif,5141,0.7047267068663684,0.28813752188290215,Cairo,0,19385,3902.0
Cairo_y2020.tif,2111,0.34012316437707246,0.16695405021316911,Cairo,0,19421,3902.0
Cairo_y2020.tif,3681,0.6617766911165445,0.2652037489812551,Cairo,0,19077,3902.0
Cairo_y2020.tif,1693,0.7082102776137035,0.28453632604843476,Cairo,0,19085,3902.0
Cairo_y2020.tif,3977,0.8752828765401056,0.3355443801860699,Cairo,0,19076,3902.0
Cairo_y2020.tif,1257,0.9697692919649961,0.35306682577565635,Cairo,0,19122,3902.0
Cairo_y2020.tif,1197,0.9055973266499582,0.35159147869674184,Cairo,1,19160,3902.0
Cairo_y2020.tif,7125,0.5271578947368422,0.23739368421052637,Cairo,0,19188,3902.0
Cairo_y2020.tif,910,0.8901098901098901,0.33105494505494504,Cairo,0,19169,3902.0
Cairo_y2020.tif,4203,0.5719724006661908,0.2428027599333809,Cairo,0,19219,3902.0
Cairo_y2020.tif,776,0.8788659793814433,0.30195231958762886,Cairo,0,19214,3902.0
Cairo_y2020.tif,2274,0.3276165347405453,0.22020008795074755,Cairo,0,19261,3902.0
Cairo_y2020.tif,14541,0.254246613025239,0.13125851041881578,Cairo,0,19183,3902.0
Cairo_y2020.tif,5511,0.437125748502994,0.18596715659589907,Cairo,0,19268,3902.0
Cairo_y2020.tif,1846,0.7036836403033586,0.25948266522210184,Cairo,0,19281,3902.0
Cairo_y2020.tif,3127,0.49952030700351774,0.24865046370322993,Cairo,0,19299,3902.0
Cairo_y2020.tif,2068,0.8056092843326886,0.33202127659574476,Cairo,0,19320,3902.0
Cairo_y2020.tif,1904,1.0,0.4048240546218488,Cairo,0,19336,3902.0
Cairo_y2020.tif,4449,0.6192402787143179,0.2485974376264329,Cairo,0,19380,3902.0
Cairo_y2020.tif,3667,1.0,0.3955440414507772,Cairo,0,19386,3902.0
Cairo_y2020.tif,2287,0.9956274595540009,0.3916112811543507,Cairo,0,19430,3902.0
Cairo_y2020.tif,3317,0.9900512511305396,0.36275248718721737,Cairo,0,19435,3902.0
Cairo_y2020.tif,7220,0.6624653739612189,0.26729570637119116,Cairo,0,19278,3902.0
Cairo_y2020.tif,2623,0.6050324056423942,0.28364658787647734,Cairo,0,19289,3902.0
Cairo_y2020.tif,798,0.21303258145363407,0.1980263157894737,Cairo,0,19275,3902.0
Cairo_y2020.tif,1767,0.2014714204867006,0.18897000565930955,Cairo,0,19287,3902.0
Cairo_y2020.tif,2249,0.5998221431747444,0.26517563361493995,Cairo,0,19332,3902.0
Cairo_y2020.tif,979,0.5965270684371808,0.23889683350357507,Cairo,0,19335,3902.0
Cairo_y2020.tif,3032,0.6233509234828496,0.27771932717678105,Cairo,0,19359,3902.0
Cairo_y2020.tif,2672,0.9741766467065869,0.37654752994011975,Cairo,0,19352,3902.0
Cairo_y2020.tif,949,0.5216016859852476,0.2558166491043204,Cairo,0,19351,3902.0
Cairo_y2020.tif,3238,0.9292773316862261,0.34408894379246446,Cairo,0,19396,3902.0
Cairo_y2020.tif,1593,0.5335844318895167,0.2477055869428751,Cairo,0,19402,3902.0
Cairo_y2020.tif,1385,0.9552346570397112,0.36432851985559567,Cairo,0,19417,3902.0
Cairo_y2020.tif,931,0.07089151450053706,0.19738990332975295,Cairo,0,19406,3902.0
Cairo_y2020.tif,1635,0.3174311926605505,0.19684403669724773,Cairo,0,19408,3902.0
Cairo_y2020.tif,1399,0.7784131522516083,0.3181772694781987,Cairo,0,19437,3902.0
Cairo_y2020.tif,1330,0.9466165413533835,0.3553872180451128,Cairo,0,19455,3902.0
Cairo_y2020.tif,1103,0.14959202175883954,0.20549410698096102,Cairo,0,19463,3902.0
Cairo_y2020.tif,2581,0.9810151104223169,0.39116815187911663,Cairo,0,19483,3902.0
Cairo_y2020.tif,1521,0.8270874424720579,0.3386653517422748,Cairo,0,19443,3902.0
Cairo_y2020.tif,1882,0.9994686503719448,0.3939851222104145,Cairo,0,19497,3902.0
Cairo_y2020.tif,7831,0.1841399565828119,0.10108542970246456,Cairo,0,19537,3902.0
Cairo_y2020.tif,4377,0.7667352067626229,0.30910212474297466,Cairo,0,19544,3902.0
Cairo_y2020.tif,4202,0.5447405997144217,0.2484578772013327,Cairo,0,19550,3902.0
Cairo_y2020.tif,5916,0.177315753887762,0.12066937119675457,Cairo,0,19561,3902.0
Cairo_y2020.tif,1714,1.0,0.3645186697782964,Cairo,0,19567,3902.0
Cairo_y2020.tif,3165,0.30647709320695105,0.16826382306477095,Cairo,0,19576,3902.0
Cairo_y2020.tif,4080,0.8112745098039216,0.31368382352941176,Cairo,0,19585,3902.0
Cairo_y2020.tif,1850,0.9675675675675676,0.35362702702702703,Cairo,0,19581,3902.0
Cairo_y2020.tif,4591,0.9536048791113048,0.3874155957307776,Cairo,0,19627,3902.0
Cairo_y2020.tif,4009,0.6118732851085059,0.299494886505363,Cairo,0,19607,3902.0
Cairo_y2020.tif,2609,0.6657723265619011,0.2681065542353392,Cairo,0,19599,3902.0
Cairo_y2020.tif,2951,0.9237546594374788,0.34987631311419864,Cairo,1,19598,3902.0
Cairo_y2020.tif,5678,0.5524832687566045,0.2483154279675942,Cairo,1,19596,3902.0
Cairo_y2020.tif,1420,1.0,0.38797887323943664,Cairo,0,19620,3902.0
Cairo_y2020.tif,3460,0.9520231213872833,0.3544436416184971,Cairo,0,19716,3902.0
Cairo_y2020.tif,2894,0.7522460262612302,0.3080476848652384,Cairo,0,19609,3902.0
Cairo_y2020.tif,4730,0.8469344608879492,0.32037843551797035,Cairo,0,19643,3902.0
Cairo_y2020.tif,1078,1.0,0.4053432282003711,Cairo,1,19639,3902.0
Cairo_y2020.tif,1971,1.0,0.4136732623033993,Cairo,0,19661,3902.0
Cairo_y2020.tif,1717,1.0,0.426592894583576,Cairo,0,19657,3902.0
Cairo_y2020.tif,2559,0.634232121922626,0.25185619382571317,Cairo,0,19470,3902.0
Cairo_y2020.tif,5070,0.8970414201183432,0.3411252465483235,Cairo,0,19445,3902.0
Cairo_y2020.tif,1316,0.9992401215805471,0.3759650455927052,Cairo,0,19475,3902.0
Cairo_y2020.tif,2738,0.9967129291453616,0.35029035792549307,Cairo,0,19456,3902.0
Cairo_y2020.tif,4101,0.8024871982443307,0.28713850280419406,Cairo,0,19505,3902.0
Cairo_y2020.tif,3694,0.36220898754737413,0.1557092582566324,Cairo,0,19533,3902.0
Cairo_y2020.tif,6006,0.5251415251415251,0.21841491841491845,Cairo,0,19558,3902.0
Cairo_y2020.tif,1467,0.803680981595092,0.28978527607361965,Cairo,0,19562,3902.0
Cairo_y2020.tif,91182,0.021912219517009935,0.012602651839178785,Cairo,0,19631,3902.0
Cairo_y2020.tif,15294,0.15515888583758336,0.06137145285732967,Cairo,0,19909,3902.0
Cairo_y2020.tif,1508,0.9449602122015915,0.3478514588859416,Cairo,0,19728,3902.0
Cairo_y2020.tif,3621,0.987848660590997,0.34433581883457604,Cairo,0,19736,3902.0
Cairo_y2020.tif,1707,0.44756883421206795,0.18671939074399532,Cairo,0,19729,3902.0
Cairo_y2020.tif,3087,0.9948169744088111,0.3677939747327502,Cairo,0,19741,3902.0
Cairo_y2020.tif,1615,0.7616099071207431,0.2768761609907121,Cairo,0,19747,3902.0
Cairo_y2020.tif,1778,0.7992125984251969,0.29659167604049497,Cairo,0,19753,3902.0
Cairo_y2020.tif,931,0.9967776584317938,0.39792696025778734,Cairo,0,19756,3902.0
Cairo_y2020.tif,1691,0.7090479006505027,0.25625960969840333,Cairo,0,19752,3902.0
Cairo_y2020.tif,3642,0.7462932454695222,0.2511051619989017,Cairo,0,19788,3902.0
Cairo_y2020.tif,1306,0.5949464012251149,0.23256508422664626,Cairo,0,19768,3902.0
Cairo_y2020.tif,7740,0.6839793281653747,0.2990025839793281,Cairo,1,19662,3902.0
Cairo_y2020.tif,1868,1.0,0.4191970021413276,Cairo,0,19675,3902.0
Cairo_y2020.tif,1246,0.7680577849117175,0.28365971107544147,Cairo,0,19693,3902.0
Cairo_y2020.tif,1627,0.9963122311001844,0.39235402581438233,Cairo,1,19708,3902.0
Cairo_y2020.tif,3003,0.9110889110889111,0.32476856476856475,Cairo,0,19719,3902.0
Cairo_y2020.tif,53059,0.00853766561752012,0.011364801447445297,Cairo,0,19873,3902.0
Cairo_y2020.tif,15275,0.3513584288052373,0.15417512274959086,Cairo,0,19898,3902.0
Cairo_y2020.tif,1650,0.8896969696969697,0.3790939393939395,Cairo,0,19903,3902.0
Cairo_y2020.tif,1188,1.0,0.4063594276094276,Cairo,1,19910,3902.0
Cairo_y2020.tif,1458,0.9787379972565158,0.35742455418381347,Cairo,0,19911,3902.0
Cairo_y2020.tif,1933,1.0,0.4065157785825142,Cairo,1,19912,3902.0
Cairo_y2020.tif,2739,0.9799196787148594,0.3728550565899963,Cairo,1,19928,3902.0
Cairo_y2020.tif,2595,1.0,0.4190057803468208,Cairo,0,19922,3902.0
Cairo_y2020.tif,2512,0.9880573248407644,0.4038375796178344,Cairo,1,19927,3902.0
Cairo_y2020.tif,1303,0.9808135072908672,0.38586339217191096,Cairo,0,19944,3902.0
Cairo_y2020.tif,4972,0.9551488334674175,0.39086886564762674,Cairo,1,19952,3902.0
Cairo_y2020.tif,1006,0.7723658051689861,0.32860834990059645,Cairo,0,19962,3902.0
Cairo_y2020.tif,4015,0.5285180572851805,0.20637235367372356,Cairo,0,19973,3902.0
Cairo_y2020.tif,2908,1.0,0.41504642365887207,Cairo,0,19968,3902.0
Cairo_y2020.tif,1711,0.9281122150789012,0.35189947399181765,Cairo,0,19965,3902.0
Cairo_y2020.tif,2601,0.9323337178008458,0.3634698193002691,Cairo,0,19976,3902.0
Cairo_y2020.tif,2052,0.8372319688109162,0.29398148148148145,Cairo,0,19977,3902.0
Cairo_y2020.tif,4868,0.19104354971240756,0.09778451109285127,Cairo,0,19987,3902.0
Cairo_y2020.tif,1514,1.0,0.41955085865257596,Cairo,1,19982,3902.0
Cairo_y2020.tif,2710,0.9785977859778597,0.3636937269372693,Cairo,0,19993,3902.0
Cairo_y2020.tif,2110,0.8483412322274881,0.3274502369668247,Cairo,0,19994,3902.0
Cairo_y2020.tif,3065,0.8737357259380097,0.333021207177814,Cairo,0,19998,3902.0
Cairo_y2020.tif,1271,1.0,0.4066797797010228,Cairo,0,20006,3902.0
Cairo_y2020.tif,11152,0.03326757532281205,0.03718974175035868,Cairo,0,20067,3902.0
Cairo_y2020.tif,2466,0.9103811841038119,0.3605900243309002,Cairo,0,20015,3902.0
Cairo_y2020.tif,5538,0.16666666666666666,0.07901047309498013,Cairo,0,19985,3902.0
Cairo_y2020.tif,1397,0.9971367215461704,0.3762025769506085,Cairo,1,19980,3902.0
Cairo_y2020.tif,3124,0.7035851472471191,0.27018405889884767,Cairo,0,19981,3902.0
Cairo_y2020.tif,6759,0.44015386891552005,0.18453691374463677,Cairo,0,20018,3902.0
Cairo_y2020.tif,2024,0.9224308300395256,0.3508720355731225,Cairo,0,20023,3902.0
Cairo_y2020.tif,10807,0.2593689275469603,0.1161668363097992,Cairo,0,20028,3902.0
Cairo_y2020.tif,4329,0.3541233541233541,0.15353545853545852,Cairo,0,20029,3902.0
Cairo_y2020.tif,3420,0.41871345029239765,0.16801169590643275,Cairo,0,20030,3902.0
Cairo_y2020.tif,10035,0.15037369207772794,0.08652416542102641,Cairo,0,20044,3902.0
Cairo_y2020.tif,18586,0.13865274938125471,0.06583530614440977,Cairo,0,20081,3902.0
Cairo_y2020.tif,10468,0.15093618647306076,0.07069163163928162,Cairo,0,18777,3902.0
Cairo_y2020.tif,12837,0.05515307314793176,0.04412479551297033,Cairo,0,18917,3902.0
Cairo_y2020.tif,78763,0.026840013712022142,0.015224661325749398,Cairo,0,19135,3902.0
Cairo_y2020.tif,3370,0.9664688427299704,0.3379183976261127,Cairo,0,19124,3902.0
Cairo_y2020.tif,5743,0.26031690753961345,0.125927215740902,Cairo,0,19126,3902.0
Cairo_y2020.tif,4506,0.36662228140257436,0.15707057256990678,Cairo,0,19186,3902.0
Cairo_y2020.tif,3077,0.7439064023399415,0.2924114397140071,Cairo,0,19238,3902.0
Cairo_y2020.tif,2504,0.9756389776357828,0.35719448881789134,Cairo,0,19229,3902.0
Cairo_y2020.tif,2766,0.92588575560376,0.337176428054953,Cairo,0,19256,3902.0
Cairo_y2020.tif,2849,0.7146367146367146,0.2746016146016146,Cairo,0,19339,3902.0
Cairo_y2020.tif,2184,0.5956959706959707,0.27307005494505493,Cairo,0,18396,3902.0
Cairo_y2020.tif,5477,0.7257622786196823,0.29053313857951435,Cairo,0,18654,3902.0
Cairo_y2020.tif,3104,0.7190721649484536,0.25401095360824744,Cairo,0,18675,3902.0
Cairo_y2020.tif,4364,0.42965169569202566,0.18348304307974334,Cairo,0,18811,3902.0
Cairo_y2020.tif,6470,0.1598145285935085,0.09821792890262751,Cairo,0,18985,3902.0
Cairo_y2020.tif,3387,0.42338352524357836,0.1860658399763803,Cairo,0,19035,3902.0
Cairo_y2020.tif,2155,0.8988399071925754,0.3177749419953596,Cairo,0,19052,3902.0
Cairo_y2020.tif,1523,0.007879185817465528,0.06030203545633618,Cairo,0,19074,3902.0
Cairo_y2020.tif,15626,0.04927684628183796,0.040294701139127094,Cairo,0,19614,3902.0
Cairo_y2020.tif,15796,0.0,0.02053272980501393,Cairo,0,19613,3902.0
Cairo_y2020.tif,1220,0.4155737704918033,0.1594262295081967,Cairo,0,19036,3902.0
Cairo_y2020.tif,8204,0.06143344709897611,0.0641912481716236,Cairo,0,19079,3902.0
Cairo_y2020.tif,2058,0.6229348882410107,0.23858600583090378,Cairo,0,19082,3902.0
Cairo_y2020.tif,1105,0.9574660633484163,0.3612579185520362,Cairo,0,19120,3902.0
Cairo_y2020.tif,6204,0.4771115409413282,0.19402562862669248,Cairo,0,19141,3902.0
Cairo_y2020.tif,1349,1.0,0.3657264640474426,Cairo,0,19164,3902.0
Cairo_y2020.tif,3065,0.6013050570962479,0.22569331158238173,Cairo,0,19231,3902.0
Cairo_y2020.tif,3555,0.7558368495077356,0.2871954992967651,Cairo,0,19248,3902.0
Cairo_y2020.tif,4617,0.8390729911197747,0.33995343296512887,Cairo,0,19333,3902.0
Cairo_y2020.tif,15415,0.1322088874472916,0.07970450859552385,Cairo,0,19427,3902.0
Cairo_y2020.tif,2248,0.5302491103202847,0.22670373665480426,Cairo,0,19100,3902.0
Cairo_y2020.tif,1814,0.8065049614112458,0.28745314222712237,Cairo,0,19174,3902.0
Cairo_y2020.tif,3555,0.5887482419127988,0.22120675105485235,Cairo,0,19182,3902.0
Cairo_y2020.tif,12330,0.24444444444444444,0.12175182481751826,Cairo,0,19311,3902.0
Cairo_y2020.tif,4971,0.07785153892576946,0.0657644337155502,Cairo,0,19383,3902.0
Cairo_y2020.tif,3837,0.4459212926765702,0.1847485014334115,Cairo,0,19392,3902.0
Cairo_y2020.tif,9329,0.188337442383964,0.10902454711115875,Cairo,0,19472,3902.0
Cairo_y2020.tif,2427,0.5673671199011124,0.23616192830655128,Cairo,0,19541,3902.0
Cairo_y2020.tif,1515,1.0,0.38010561056105613,Cairo,0,19551,3902.0
Cairo_y2020.tif,3732,0.9737406216505895,0.3670404608788853,Cairo,0,19571,3902.0
Cairo_y2020.tif,1233,1.0,0.3916139497161395,Cairo,0,19250,3902.0
Cairo_y2020.tif,1375,0.9512727272727273,0.38059636363636357,Cairo,0,19295,3902.0
Cairo_y2020.tif,1492,0.953083109919571,0.35056970509383373,Cairo,0,19328,3902.0
Cairo_y2020.tif,1109,0.9035166816952209,0.36469792605951307,Cairo,1,19341,3902.0
Cairo_y2020.tif,1914,0.7450365726227796,0.2894487983281086,Cairo,0,19391,3902.0
Cairo_y2020.tif,4133,0.923300266150496,0.36351681587224777,Cairo,0,19390,3902.0
Cairo_y2020.tif,9822,0.0,0.013040114029729178,Cairo,0,19538,3902.0
Cairo_y2020.tif,18515,0.19141236834998648,0.07805293005671078,Cairo,0,19580,3902.0
Cairo_y2020.tif,3349,0.2173783218871305,0.12916990146312332,Cairo,0,19612,3902.0
Cairo_y2020.tif,177737,0.007623623668679003,0.004274799282085329,Cairo,0,20147,3902.0
Cairo_y2020.tif,1494,0.8259705488621151,0.3320983935742972,Cairo,0,19591,3902.0
Cairo_y2020.tif,2292,0.9293193717277487,0.3399214659685864,Cairo,0,19601,3902.0
Cairo_y2020.tif,659,0.0,0.0,Cairo,0,20083,3902.0
Cairo_y2020.tif,819,0.0,0.0,Cairo,0,20085,3902.0
Cairo_y2020.tif,678,0.0,0.0,Cairo,1,20087,3902.0
Cairo_y2020.tif,4579,0.0,0.0,Cairo,0,20095,3902.0
Cairo_y2020.tif,1543,0.0,0.0,Cairo,1,20094,3902.0
Cairo_y2020.tif,864,0.0,0.0,Cairo,1,20102,3902.0
Cairo_y2020.tif,4749,0.0,0.0,Cairo,0,20116,3902.0
Cairo_y2020.tif,7107,0.14802307584072041,0.056193893344589844,Cairo,0,20141,3902.0
Cairo_y2020.tif,4786,0.1878395319682407,0.11599143334726285,Cairo,0,19434,3902.0
Cairo_y2020.tif,55818,0.05311906553441542,0.024122774015550536,Cairo,0,19615,3902.0
Cairo_y2020.tif,16106,0.11908605488637775,0.06287874084192226,Cairo,0,20200,3902.0
Cairo_y2020.tif,4221,0.6316038853352286,0.24568822553897185,Cairo,0,20288,3902.0
Cairo_y2020.tif,1998,0.9324324324324325,0.35877377377377373,Cairo,0,20291,3902.0
Cairo_y2020.tif,768,1.0,0.3917252604166667,Cairo,0,20298,3902.0
Cairo_y2020.tif,2396,0.9536727879799666,0.35213272120200334,Cairo,0,20304,3902.0
Cairo_y2020.tif,2275,0.9301098901098901,0.33494505494505494,Cairo,1,20299,3902.0
Cairo_y2020.tif,19289,0.09114002799523044,0.040722691689564,Cairo,0,20351,3902.0
Cairo_y2020.tif,2707,0.7388252678241596,0.2688104913188031,Cairo,0,20343,3902.0
Cairo_y2020.tif,1528,0.7068062827225131,0.2294240837696335,Cairo,0,20140,3902.0
Cairo_y2020.tif,1077,0.8542246982358404,0.2827483751160631,Cairo,1,20142,3902.0
Cairo_y2020.tif,1886,1.0,0.36578738069989397,Cairo,1,20148,3902.0
Cairo_y2020.tif,665,1.0,0.3838721804511278,Cairo,1,20151,3902.0
Cairo_y2020.tif,776,1.0,0.38986469072164953,Cairo,1,20154,3902.0
Cairo_y2020.tif,911,1.0,0.37306256860592757,Cairo,1,20159,3902.0
Cairo_y2020.tif,2362,0.9928027095681625,0.36363674851820493,Cairo,1,20163,3902.0
Cairo_y2020.tif,727,1.0,0.33157496561210453,Cairo,0,20162,3902.0
Cairo_y2020.tif,1481,0.7373396353814989,0.2561613774476705,Cairo,0,20169,3902.0
Cairo_y2020.tif,871,0.2525832376578645,0.20153272101033295,Cairo,0,20174,3902.0
Cairo_y2020.tif,1303,0.8449731389102072,0.33490790483499616,Cairo,1,20152,3902.0
Cairo_y2020.tif,1922,0.9661810613943809,0.3677523413111342,Cairo,1,20158,3902.0
Cairo_y2020.tif,6896,0.061339907192575406,0.04467879930394432,Cairo,0,20167,3902.0
Cairo_y2020.tif,609,0.8686371100164204,0.3008374384236453,Cairo,0,20161,3902.0
Cairo_y2020.tif,1209,0.2853598014888337,0.13734491315136477,Cairo,0,20168,3902.0
Cairo_y2020.tif,1457,0.3266986959505834,0.14164035689773508,Cairo,0,20166,3902.0
Cairo_y2020.tif,858,0.5641025641025641,0.23606060606060608,Cairo,0,20172,3902.0
Cairo_y2020.tif,888,0.32657657657657657,0.21118243243243243,Cairo,1,20173,3902.0
Cairo_y2020.tif,1786,0.9148936170212766,0.34185050391937294,Cairo,0,20176,3902.0
Cairo_y2020.tif,1501,1.0,0.3594603597601599,Cairo,1,20182,3902.0
Cairo_y2020.tif,3352,0.0,0.0,Cairo,0,20195,3902.0
Cairo_y2020.tif,18683,0.00032114756730717767,0.0035789220146657387,Cairo,0,20227,3902.0
Cairo_y2020.tif,890,0.0,0.0,Cairo,0,20207,3902.0
Cairo_y2020.tif,837,0.0,0.0,Cairo,1,20215,3902.0
Cairo_y2020.tif,1688,0.0,0.0,Cairo,0,20217,3902.0
Cairo_y2020.tif,1039,0.0,0.0,Cairo,1,20225,3902.0
Cairo_y2020.tif,1412,0.0,0.0,Cairo,1,20246,3902.0
Cairo_y2020.tif,1714,0.0,0.0,Cairo,0,20256,3902.0
Cairo_y2020.tif,2900,0.0,0.0,Cairo,0,20267,3902.0
Cairo_y2020.tif,2338,0.0,0.0,Cairo,0,20262,3902.0
Cairo_y2020.tif,28630,0.05749214111072302,0.0267534055186867,Cairo,0,19297,3902.0
Cairo_y2020.tif,19378,0.0,0.0,Cairo,0,19420,3902.0
Cairo_y2020.tif,12073,0.10477925950467987,0.04525801374968939,Cairo,0,19344,3902.0
Cairo_y2020.tif,50104,0.057121187929107455,0.023822549097876417,Cairo,0,19526,3902.0
Cairo_y2020.tif,28426,0.03922465348624499,0.017784774502216282,Cairo,0,19563,3902.0
Cairo_y2020.tif,6418,0.2723589903396697,0.10245637270177627,Cairo,0,19592,3902.0
Cairo_y2020.tif,2338,0.21300256629597947,0.10886655260906758,Cairo,0,19632,3902.0
Cairo_y2020.tif,32270,0.0,0.0010322280756120236,Cairo,0,19703,3902.0
Cairo_y2020.tif,11779,0.16902962900076407,0.08153196366414805,Cairo,0,19715,3902.0
Cairo_y2020.tif,19563,0.016970812247610285,0.015582988294228902,Cairo,0,19748,3902.0
Cairo_y2020.tif,45470,0.015834616230481637,0.008392786452606113,Cairo,0,19500,3902.0
Cairo_y2020.tif,17684,0.0,0.0,Cairo,0,19659,3902.0
Cairo_y2020.tif,20721,0.0,0.0,Cairo,0,19731,3902.0
Cairo_y2020.tif,2288,0.0,0.0,Cairo,1,19744,3902.0
Cairo_y2020.tif,46108,0.043354732367485035,0.022783356467424312,Cairo,0,19819,3902.0
Cairo_y2020.tif,1325,0.9577358490566038,0.35641509433962265,Cairo,0,19832,3902.0
Cairo_y2020.tif,3345,0.32585949177877427,0.1428624813153961,Cairo,0,19846,3902.0
Cairo_y2020.tif,6594,0.7482559902942069,0.29022672126175314,Cairo,0,19880,3902.0
Cairo_y2020.tif,18026,0.022356596027959613,0.0104987240652391,Cairo,0,19894,3902.0
Cairo_y2020.tif,2737,0.3021556448666423,0.11011874314943368,Cairo,0,19884,3902.0
Cairo_y2020.tif,3537,0.0542832909245123,0.04260531523890302,Cairo,0,19618,3902.0
Cairo_y2020.tif,1006,0.584493041749503,0.24273856858846918,Cairo,0,19617,3902.0
Cairo_y2020.tif,692,0.911849710982659,0.30107658959537575,Cairo,0,19621,3902.0
Cairo_y2020.tif,914,1.0,0.3713019693654267,Cairo,0,19629,3902.0
Cairo_y2020.tif,1854,0.8813376483279396,0.31900755124056096,Cairo,0,19634,3902.0
Cairo_y2020.tif,680,1.0,0.40425000000000005,Cairo,0,19645,3902.0
Cairo_y2020.tif,470,1.0,0.3966276595744681,Cairo,0,19640,3902.0
Cairo_y2020.tif,1137,0.9454705364995603,0.3643007915567283,Cairo,0,19671,3902.0
Cairo_y2020.tif,1778,0.8706411698537683,0.3251068616422947,Cairo,0,19674,3902.0
Cairo_y2020.tif,3849,0.07976097687711094,0.05665887243439855,Cairo,0,19718,3902.0
Cairo_y2020.tif,2230,0.8475336322869955,0.29421973094170406,Cairo,0,19746,3902.0
Cairo_y2020.tif,612,1.0,0.33681372549019606,Cairo,0,19754,3902.0
Cairo_y2020.tif,451,1.0,0.3516297117516629,Cairo,0,19751,3902.0
Cairo_y2020.tif,1329,0.6207674943566591,0.24840857787810383,Cairo,0,19763,3902.0
Cairo_y2020.tif,367,1.0,0.40185286103542234,Cairo,1,19771,3902.0
Cairo_y2020.tif,457,1.0,0.37062363238512036,Cairo,0,19795,3902.0
Cairo_y2020.tif,1106,0.7857142857142857,0.2618173598553346,Cairo,0,19797,3902.0
Cairo_y2020.tif,1970,0.0416243654822335,0.06857106598984772,Cairo,0,19812,3902.0
Cairo_y2020.tif,1413,0.9985845718329794,0.40027600849256895,Cairo,1,19817,3902.0
Cairo_y2020.tif,986,1.0,0.36398580121703855,Cairo,0,19818,3902.0
Cairo_y2020.tif,6229,0.27018783111253813,0.11262000321078824,Cairo,0,19761,3902.0
Cairo_y2020.tif,1177,1.0,0.3985429056924384,Cairo,1,19766,3902.0
Cairo_y2020.tif,1346,0.399702823179792,0.19930534918276374,Cairo,0,19810,3902.0
Cairo_y2020.tif,2795,0.5642218246869409,0.2498103756708408,Cairo,0,19842,3902.0
Cairo_y2020.tif,5679,0.32223983095615427,0.12728473322768094,Cairo,0,19839,3902.0
Cairo_y2020.tif,699,0.9957081545064378,0.37072961373390556,Cairo,0,19838,3902.0
Cairo_y2020.tif,656,1.0,0.3847484756097561,Cairo,0,19863,3902.0
Cairo_y2020.tif,778,1.0,0.40742287917737785,Cairo,0,19864,3902.0
Cairo_y2020.tif,509,1.0,0.4087721021611002,Cairo,0,19865,3902.0
Cairo_y2020.tif,652,1.0,0.41163343558282206,Cairo,0,19872,3902.0
Cairo_y2020.tif,3378,0.16637063351095321,0.09039224393132031,Cairo,0,19816,3902.0
Cairo_y2020.tif,925,0.9924324324324324,0.39285405405405405,Cairo,0,19833,3902.0
Cairo_y2020.tif,877,0.7844925883694412,0.3375370581527936,Cairo,1,19847,3902.0
Cairo_y2020.tif,12513,0.19963238232238473,0.0882502197714377,Cairo,0,19860,3902.0
Cairo_y2020.tif,735,0.8857142857142857,0.31613605442176873,Cairo,0,19845,3902.0
Cairo_y2020.tif,1127,0.9946761313220941,0.3653682342502218,Cairo,0,19852,3902.0
Cairo_y2020.tif,720,1.0,0.39516666666666667,Cairo,1,19866,3902.0
Cairo_y2020.tif,828,0.998792270531401,0.3677958937198067,Cairo,1,19857,3902.0
Cairo_y2020.tif,2395,0.9807933194154489,0.37798121085594993,Cairo,0,19871,3902.0
Cairo_y2020.tif,1622,1.0,0.39124845869297165,Cairo,0,19878,3902.0
Cairo_y2020.tif,27984,0.10220125786163523,0.04359401801029159,Cairo,0,19930,3902.0
Cairo_y2020.tif,43284,0.0015017096386655577,0.000716315497643471,Cairo,0,19978,3902.0
Cairo_y2020.tif,1406,0.0,0.0,Cairo,0,19989,3902.0
Cairo_y2020.tif,1367,0.0,0.0,Cairo,0,19991,3902.0
Cairo_y2020.tif,3323,0.0,0.0,Cairo,0,19996,3902.0
Cairo_y2020.tif,1818,0.0,0.0,Cairo,0,19997,3902.0
Cairo_y2020.tif,661,0.0,0.0,Cairo,1,19999,3902.0
Cairo_y2020.tif,787,0.0,0.0,Cairo,0,20003,3902.0
Cairo_y2020.tif,977,0.0,0.0,Cairo,0,20005,3902.0
Cairo_y2020.tif,981,0.0,0.0,Cairo,1,20013,3902.0
Cairo_y2020.tif,12428,0.24267782426778242,0.10378178307048598,Cairo,0,19554,3902.0
Cairo_y2020.tif,10160,0.20757874015748032,0.09699261811023623,Cairo,0,19604,3902.0
Cairo_y2020.tif,12152,0.0,0.0012183179723502305,Cairo,0,19608,3902.0
Cairo_y2020.tif,2994,0.09619238476953908,0.06260521042084169,Cairo,0,19669,3902.0
Cairo_y2020.tif,15712,0.01285641547861507,0.014375318228105909,Cairo,0,19712,3902.0
Cairo_y2020.tif,40257,0.0,0.0,Cairo,0,20052,3902.0
Cairo_y2020.tif,8867,0.0,0.0,Cairo,0,20086,3902.0
Cairo_y2020.tif,12436,0.0,0.0,Cairo,0,20103,3902.0
Cairo_y2020.tif,16802,0.001071301035591001,0.0009614926794429236,Cairo,0,20145,3902.0
Cairo_y2020.tif,61005,0.0071797393656257685,0.004385132366199492,Cairo,0,20184,3902.0
Cairo_y2020.tif,2257,0.5866194062915374,0.24819672131147544,Cairo,0,19891,3902.0
Cairo_y2020.tif,31117,0.11369990680335508,0.05092923482340842,Cairo,0,19935,3902.0
Cairo_y2020.tif,1485,0.7326599326599327,0.25745454545454544,Cairo,0,19936,3902.0
Cairo_y2020.tif,2578,0.7583397982932506,0.2749456943366951,Cairo,0,19949,3902.0
Cairo_y2020.tif,4588,0.12249346120313863,0.06259917175239757,Cairo,0,19966,3902.0
Cairo_y2020.tif,4780,0.0,0.0,Cairo,0,20000,3902.0
Cairo_y2020.tif,1545,0.0,0.0,Cairo,0,20004,3902.0
Cairo_y2020.tif,686,0.0,0.0,Cairo,0,20010,3902.0
Cairo_y2020.tif,17101,0.0,0.0,Cairo,0,20122,3902.0
Cairo_y2020.tif,6944,0.0,0.0,Cairo,0,20137,3902.0
Cairo_y2020.tif,3922,0.0,0.0,Cairo,0,20001,3902.0
Cairo_y2020.tif,15920,0.0,0.0,Cairo,0,20036,3902.0
Cairo_y2020.tif,2929,0.0,0.0,Cairo,0,20058,3902.0
Cairo_y2020.tif,6421,0.0,0.0,Cairo,0,20053,3902.0
Cairo_y2020.tif,667,0.0,0.0,Cairo,1,20047,3902.0
Cairo_y2020.tif,621,0.0,0.0,Cairo,1,20043,3902.0
Cairo_y2020.tif,1351,0.0,0.0,Cairo,1,20056,3902.0
Cairo_y2020.tif,1066,0.0,0.0,Cairo,1,20062,3902.0
Cairo_y2020.tif,2057,0.0,0.0,Cairo,1,20069,3902.0
Cairo_y2020.tif,869,0.0,0.0,Cairo,1,20061,3902.0
Cairo_y2020.tif,2142,0.6582633053221288,0.30078898225957046,Cairo,0,19146,3902.0
Cairo_y2020.tif,2891,0.9958491871324802,0.3785818056035974,Cairo,0,19165,3902.0
Cairo_y2020.tif,2033,0.5941957697983276,0.23965322183964582,Cairo,0,19185,3902.0
Cairo_y2020.tif,10246,0.29025961350771035,0.12541284403669725,Cairo,0,19252,3902.0
Cairo_y2020.tif,3273,0.40757714634891534,0.1813183623586923,Cairo,0,19255,3902.0
Cairo_y2020.tif,2252,0.9071936056838366,0.3602020426287744,Cairo,0,19587,3902.0
Cairo_y2020.tif,25055,0.06709239672720016,0.03720235481939733,Cairo,0,19695,3902.0
Cairo_y2020.tif,146641,0.05040200216856132,0.02995062772348797,Cairo,0,19782,3902.0
Cairo_y2020.tif,1832,0.09879912663755458,0.06927401746724891,Cairo,0,19792,3902.0
Cairo_y2020.tif,3995,0.39474342928660827,0.14361702127659576,Cairo,0,19802,3902.0
Cairo_y2020.tif,3147,0.9313632030505243,0.3562710517953606,Cairo,0,19039,3902.0
Cairo_y2020.tif,2060,0.9179611650485436,0.33338592233009706,Cairo,0,19067,3902.0
Cairo_y2020.tif,1716,0.15734265734265734,0.1268997668997669,Cairo,0,19072,3902.0
Cairo_y2020.tif,1945,0.02313624678663239,0.06452442159383033,Cairo,0,19095,3902.0
Cairo_y2020.tif,1498,0.0,0.0545260347129506,Cairo,0,19096,3902.0
Cairo_y2020.tif,1447,0.39875604699378026,0.16186247408431234,Cairo,0,19102,3902.0
Cairo_y2020.tif,26926,0.06621852484587387,0.04677077917254699,Cairo,0,19279,3902.0
Cairo_y2020.tif,6367,0.27988063452175277,0.15524815454688237,Cairo,0,19889,3902.0
Cairo_y2020.tif,86305,0.05591796535542552,0.039595156711662124,Cairo,0,19945,3902.0
Cairo_y2020.tif,6538,0.3135515448149281,0.15014530437442644,Cairo,0,19897,3902.0
Cairo_y2020.tif,2052,1.0,0.40187378167641324,Cairo,0,19663,3902.0
Cairo_y2020.tif,2680,1.0,0.41903917910447763,Cairo,0,19667,3902.0
Cairo_y2020.tif,9852,0.25334957369062117,0.13795726755988633,Cairo,0,19696,3902.0
Cairo_y2020.tif,2455,1.0,0.41860692464358457,Cairo,0,19681,3902.0
Cairo_y2020.tif,2675,1.0,0.4207570093457944,Cairo,0,19687,3902.0
Cairo_y2020.tif,3550,0.9112676056338028,0.3534985915492958,Cairo,0,19709,3902.0
Cairo_y2020.tif,2065,1.0,0.39684745762711865,Cairo,0,19707,3902.0
Cairo_y2020.tif,1317,1.0,0.41358390280941537,Cairo,0,19706,3902.0
Cairo_y2020.tif,3230,0.9996904024767802,0.4000526315789474,Cairo,0,19697,3902.0
Cairo_y2020.tif,3346,1.0,0.41013299462044234,Cairo,0,19711,3902.0
Cairo_y2020.tif,1880,0.8148936170212766,0.2892579787234043,Cairo,0,19770,3902.0
Cairo_y2020.tif,1041,0.48799231508165225,0.19327569644572526,Cairo,0,19769,3902.0
Cairo_y2020.tif,1837,0.7316276537833424,0.2728307022318998,Cairo,0,19775,3902.0
Cairo_y2020.tif,2592,0.48726851851851855,0.18293788580246914,Cairo,0,19786,3902.0
Cairo_y2020.tif,1642,0.30267965895249693,0.13870584652862364,Cairo,0,19789,3902.0
Cairo_y2020.tif,1297,0.4456437933693138,0.1634502698535081,Cairo,0,19800,3902.0
Cairo_y2020.tif,2340,0.5423076923076923,0.20888034188034188,Cairo,0,19798,3902.0
Cairo_y2020.tif,1085,0.3142857142857143,0.17963133640552995,Cairo,0,19815,3902.0
Cairo_y2020.tif,21795,0.4206010552879101,0.17318536361550813,Cairo,0,19856,3902.0
Cairo_y2020.tif,14789,0.16444654811008183,0.09268104672391642,Cairo,0,19875,3902.0
Cairo_y2020.tif,392806,0.014253855592837176,0.011365495944562966,Cairo,0,19757,3902.0
Cairo_y2020.tif,79327,0.03570032901786277,0.04536513419138503,Cairo,0,19870,3902.0
Cairo_y2020.tif,31539,0.02308253273724595,0.02498335394273757,Cairo,0,19955,3902.0
Cairo_y2020.tif,105308,0.010587989516465985,0.016473819652827897,Cairo,0,20022,3902.0
Cairo_y2020.tif,7024,0.0,0.026187357630979503,Cairo,0,20034,3902.0
Cairo_y2020.tif,12094,0.0661485033901108,0.06301347775756574,Cairo,0,20040,3902.0
Cairo_y2020.tif,33028,0.05577086108756207,0.06033062855758751,Cairo,0,20082,3902.0
Cairo_y2020.tif,4679,0.048728360760846336,0.09390574909168625,Cairo,0,20074,3902.0
Cairo_y2020.tif,6707,0.2424332786640823,0.12407782913374085,Cairo,0,20073,3902.0
Cairo_y2020.tif,31280,0.014546035805626599,0.01554955242966752,Cairo,0,20117,3902.0
Cairo_y2020.tif,14367,0.4323101552168163,0.18101830583977166,Cairo,0,19858,3902.0
Cairo_y2020.tif,7466,0.5108491829627645,0.20350790249129386,Cairo,0,19885,3902.0
Cairo_y2020.tif,2020,0.9975247524752475,0.3892450495049505,Cairo,0,19869,3902.0
Cairo_y2020.tif,5786,0.03715865883166263,0.06341341168337367,Cairo,0,19887,3902.0
Cairo_y2020.tif,1278,1.0,0.3664241001564945,Cairo,0,19881,3902.0
Cairo_y2020.tif,1315,0.0,0.02380228136882129,Cairo,0,19900,3902.0
Cairo_y2020.tif,2940,0.03503401360544218,0.07461904761904761,Cairo,0,19904,3902.0
Cairo_y2020.tif,3457,0.13335261787677177,0.08913219554527047,Cairo,0,19914,3902.0
Cairo_y2020.tif,3304,0.28753026634382567,0.16791918886198548,Cairo,0,19916,3902.0
Cairo_y2020.tif,1650,0.0,0.025642424242424244,Cairo,0,19917,3902.0
Cairo_y2020.tif,14757,0.2491698854780782,0.134086874025886,Cairo,0,19882,3902.0
Cairo_y2020.tif,25466,0.3482682792743266,0.14165612974161626,Cairo,0,19959,3902.0
Cairo_y2020.tif,43197,0.06745838831400329,0.06383614602865942,Cairo,0,19967,3902.0
Cairo_y2020.tif,17102,0.38814173780844347,0.1666541924921062,Cairo,0,19940,3902.0
Cairo_y2020.tif,944,0.9936440677966102,0.39336864406779665,Cairo,0,19947,3902.0
Cairo_y2020.tif,2786,0.9206748025843503,0.3490559942569993,Cairo,0,19958,3902.0
Cairo_y2020.tif,3146,0.845518118245391,0.3468626827717737,Cairo,1,19954,3902.0
Cairo_y2020.tif,1967,0.9974580579562786,0.4140925266903914,Cairo,1,19972,3902.0
Cairo_y2020.tif,1057,0.8136234626300851,0.3242147587511826,Cairo,0,19970,3902.0
Cairo_y2020.tif,5384,0.5391901931649331,0.24173476968796434,Cairo,0,19971,3902.0
Cairo_y2020.tif,2349,0.020859940400170286,0.06906130268199233,Cairo,0,19918,3902.0
Cairo_y2020.tif,4062,0.2668636139832595,0.15885647464303299,Cairo,0,19923,3902.0
Cairo_y2020.tif,110718,9.031955056991637e-06,0.005240611282718256,Cairo,0,20026,3902.0
Cairo_y2020.tif,5359,0.33495055047583505,0.15933289792871805,Cairo,0,19933,3902.0
Cairo_y2020.tif,4988,0.6764234161988774,0.2609663191659984,Cairo,0,19951,3902.0
Cairo_y2020.tif,3481,0.5920712438954323,0.2424389543234703,Cairo,0,19946,3902.0
Cairo_y2020.tif,2060,0.9825242718446602,0.3637645631067961,Cairo,0,19948,3902.0
Cairo_y2020.tif,2177,0.9990813045475425,0.3966467615985301,Cairo,0,19963,3902.0
Cairo_y2020.tif,4271,0.12268789510653243,0.06598805900257551,Cairo,0,20025,3902.0
Cairo_y2020.tif,18618,0.411214953271028,0.1700590826082286,Cairo,0,19992,3902.0
Cairo_y2020.tif,11023,0.04717409053796607,0.08898847863558015,Cairo,0,19938,3902.0
Cairo_y2020.tif,2229,0.2642440556303275,0.12397263346792285,Cairo,0,19908,3902.0
Cairo_y2020.tif,20262,0.11356233343204027,0.07830347448425624,Cairo,0,19957,3902.0
Cairo_y2020.tif,4965,0.07472306143001008,0.10729808660624371,Cairo,0,19906,3902.0
Cairo_y2020.tif,3769,0.061820111435394,0.09249668347041656,Cairo,0,19937,3902.0
Cairo_y2020.tif,20595,0.0,0.003655498907501821,Cairo,0,20011,3902.0
Cairo_y2020.tif,52291,0.049702625690845464,0.0438075385821652,Cairo,0,20027,3902.0
Cairo_y2020.tif,30064,0.004922831293241086,0.02549893560404471,Cairo,0,20033,3902.0
Cairo_y2020.tif,15419,0.0,0.02720701731629808,Cairo,0,20059,3902.0
Cairo_y2020.tif,27303,0.017726989708090685,0.045664212723876496,Cairo,0,20075,3902.0
Cairo_y2020.tif,1942,1.0,0.41934346035015446,Cairo,1,19969,3902.0
Cairo_y2020.tif,1928,0.6753112033195021,0.25671680497925314,Cairo,0,19974,3902.0
Cairo_y2020.tif,3470,0.9446685878962536,0.37757348703170024,Cairo,0,19984,3902.0
Cairo_y2020.tif,2911,1.0,0.40290278254895223,Cairo,0,19990,3902.0
Cairo_y2020.tif,1284,1.0,0.3993107476635514,Cairo,0,20002,3902.0
Cairo_y2020.tif,12167,0.23497986356538178,0.09115229719733706,Cairo,0,20021,3902.0
Cairo_y2020.tif,64074,0.09518681524487312,0.04807410181977089,Cairo,0,20060,3902.0
Cairo_y2020.tif,18902,0.0,0.0011308327161146969,Cairo,0,20110,3902.0
Cairo_y2020.tif,125319,0.04624997007636512,0.027105506746782217,Cairo,0,20160,3902.0
Cairo_y2020.tif,28586,0.0,0.005323235150073463,Cairo,0,20264,3902.0
Cairo_y2020.tif,1344,0.0,0.0,Cairo,0,20016,3902.0
Cairo_y2020.tif,635,0.0,0.0,Cairo,0,20014,3902.0
Cairo_y2020.tif,830,0.0,0.0,Cairo,0,20020,3902.0
Cairo_y2020.tif,7184,0.0,0.0,Cairo,0,20031,3902.0
Cairo_y2020.tif,11086,0.0,0.0,Cairo,0,20032,3902.0
Cairo_y2020.tif,5638,0.0,0.0,Cairo,0,20050,3902.0
Cairo_y2020.tif,6105,0.0,0.0,Cairo,0,20064,3902.0
Cairo_y2020.tif,950,0.0,0.0,Cairo,1,20057,3902.0
Cairo_y2020.tif,727,0.0,0.0,Cairo,0,20063,3902.0
Cairo_y2020.tif,827,0.0,0.0,Cairo,1,20065,3902.0
Cairo_y2020.tif,605,0.0,0.0,Cairo,0,20070,3902.0
Cairo_y2020.tif,725,0.0,0.0,Cairo,0,20071,3902.0
Cairo_y2020.tif,2707,0.0,0.0,Cairo,1,20077,3902.0
Cairo_y2020.tif,603,0.0,0.0,Cairo,1,20076,3902.0
Cairo_y2020.tif,1156,0.0,0.0,Cairo,0,20080,3902.0
Cairo_y2020.tif,1535,0.0,0.0,Cairo,1,20078,3902.0
Cairo_y2020.tif,728,0.0,0.0,Cairo,0,20088,3902.0
Cairo_y2020.tif,1024,0.0,0.0,Cairo,1,20092,3902.0
Cairo_y2020.tif,14224,0.0,0.0,Cairo,0,20115,3902.0
Cairo_y2020.tif,4861,0.0,0.0,Cairo,0,20112,3902.0
Cairo_y2020.tif,6473,0.0,0.0,Cairo,0,20096,3902.0
Cairo_y2020.tif,6484,0.0,0.0,Cairo,0,20107,3902.0
Cairo_y2020.tif,1310,0.0,0.0,Cairo,0,20111,3902.0
Cairo_y2020.tif,1588,0.0,0.0,Cairo,0,20106,3902.0
Cairo_y2020.tif,1655,0.0,0.0,Cairo,0,20118,3902.0
Cairo_y2020.tif,571,0.0,0.0,Cairo,0,20109,3902.0
Cairo_y2020.tif,1362,0.0,0.0,Cairo,0,20114,3902.0
Cairo_y2020.tif,1623,0.0,0.0,Cairo,0,20121,3902.0
Cairo_y2020.tif,1866,0.0,0.0,Cairo,0,20119,3902.0
Cairo_y2020.tif,649,0.0,0.0,Cairo,0,20123,3902.0
Cairo_y2020.tif,1627,0.0,0.0,Cairo,0,20127,3902.0
Cairo_y2020.tif,526,0.0,0.0,Cairo,0,20124,3902.0
Cairo_y2020.tif,4217,0.0,0.0,Cairo,1,20133,3902.0
Cairo_y2020.tif,427,0.0,0.0,Cairo,1,20129,3902.0
Cairo_y2020.tif,1227,0.0,0.0,Cairo,0,20131,3902.0
Cairo_y2020.tif,1565,0.0,0.0,Cairo,1,20136,3902.0
Cairo_y2020.tif,520,0.0,0.0,Cairo,0,20139,3902.0
Cairo_y2020.tif,1989,0.0,0.0,Cairo,0,20143,3902.0
Cairo_y2020.tif,1138,0.0,0.0,Cairo,0,20144,3902.0
Cairo_y2020.tif,554,0.0,0.0,Cairo,0,20146,3902.0
Cairo_y2020.tif,3765,0.0,0.0,Cairo,0,20120,3902.0
Cairo_y2020.tif,3220,0.0,0.0,Cairo,0,20126,3902.0
Cairo_y2020.tif,620,0.0,0.0,Cairo,1,20134,3902.0
Cairo_y2020.tif,739,0.0,0.0,Cairo,0,20132,3902.0
Cairo_y2020.tif,3721,0.0,0.0,Cairo,0,20135,3902.0
Cairo_y2020.tif,1770,0.0,0.0,Cairo,0,20138,3902.0
Cairo_y2020.tif,24609,0.0,0.0,Cairo,0,20198,3902.0
Cairo_y2020.tif,1437,0.0,0.0,Cairo,1,20196,3902.0
Cairo_y2020.tif,1118,0.0,0.0,Cairo,0,20201,3902.0
Cairo_y2020.tif,676,0.0,0.0,Cairo,0,20203,3902.0
Cairo_y2020.tif,651,0.0,0.0,Cairo,0,20149,3902.0
Cairo_y2020.tif,9770,0.0,0.0,Cairo,0,20177,3902.0
Cairo_y2020.tif,26761,0.0,0.0,Cairo,0,20191,3902.0
Cairo_y2020.tif,31256,0.0,0.0,Cairo,0,20236,3902.0
Cairo_y2020.tif,2749,0.0,0.0,Cairo,0,20226,3902.0
Cairo_y2020.tif,651,0.0,0.0,Cairo,1,20238,3902.0
Cairo_y2020.tif,723,0.0,0.0,Cairo,0,20239,3902.0
Cairo_y2020.tif,938,0.0,0.0,Cairo,0,20243,3902.0
Cairo_y2020.tif,2155,0.0,0.0,Cairo,1,20253,3902.0
Cairo_y2020.tif,2072,0.0,0.0,Cairo,0,20255,3902.0
Cairo_y2020.tif,523,0.0,0.0,Cairo,0,20204,3902.0
Cairo_y2020.tif,648,0.0,0.0,Cairo,1,20209,3902.0
Cairo_y2020.tif,1053,0.0,0.0,Cairo,1,20205,3902.0
Cairo_y2020.tif,941,0.0,0.0,Cairo,0,20213,3902.0
Cairo_y2020.tif,639,0.0,0.0,Cairo,1,20212,3902.0
Cairo_y2020.tif,1090,0.0,0.0,Cairo,1,20216,3902.0
Cairo_y2020.tif,1235,0.0,0.0,Cairo,0,20233,3902.0
Cairo_y2020.tif,2032,0.0,0.0,Cairo,1,20224,3902.0
Cairo_y2020.tif,1133,0.0,0.0,Cairo,1,20218,3902.0
Cairo_y2020.tif,557,0.0,0.0,Cairo,1,20228,3902.0
Cairo_y2020.tif,11273,0.0,0.0,Cairo,0,20150,3902.0
Cairo_y2020.tif,1222,0.0,0.0,Cairo,0,20254,3902.0
Cairo_y2020.tif,3886,0.0,0.0,Kafr al Dayr,0,1,3947.0
Cairo_y2020.tif,12720,0.0,0.0,Kafr al Dayr,0,11,3947.0
Cairo_y2020.tif,3469,0.0,0.0,Kafr al Dayr,0,6,3947.0
Cairo_y2020.tif,1422,0.0,0.0,Kafr al Dayr,0,4,3947.0
Cairo_y2020.tif,1038,0.0,0.0,Kafr al Dayr,0,10,3947.0
Cairo_y2020.tif,1578,0.0,0.0,Kafr al Dayr,0,13,3947.0
Cairo_y2020.tif,1119,0.0,0.0,Kafr al Dayr,0,14,3947.0
Cairo_y2020.tif,2724,0.0,0.0,Kafr al Dayr,0,16,3947.0
Cairo_y2020.tif,1438,0.0,0.0,Cairo,0,20235,3902.0
Cairo_y2020.tif,1304,0.0,0.0,Cairo,1,20240,3902.0
Cairo_y2020.tif,1417,0.0,0.0,Cairo,1,20247,3902.0
Cairo_y2020.tif,741,0.0,0.0,Cairo,0,20245,3902.0
Cairo_y2020.tif,1257,0.0,0.0,Cairo,1,20257,3902.0
Cairo_y2020.tif,1141,0.0,0.0,Cairo,1,20249,3902.0
Cairo_y2020.tif,1163,0.0,0.0,Cairo,0,20258,3902.0
Cairo_y2020.tif,1122,0.0,0.0,Cairo,0,20260,3902.0
Cairo_y2020.tif,1471,0.0,0.0,Cairo,0,20266,3902.0
Cairo_y2020.tif,1077,0.0,0.0,Cairo,0,20269,3902.0
Cairo_y2020.tif,452,0.0,0.0,Cairo,1,20265,3902.0
Cairo_y2020.tif,1362,0.0,0.0,Cairo,0,20278,3902.0
Cairo_y2020.tif,1473,0.0,0.0,Cairo,0,20277,3902.0
Cairo_y2020.tif,1691,0.0,0.0,Cairo,0,20305,3902.0
Cairo_y2020.tif,4484,0.0,0.0,Cairo,0,20290,3902.0
Cairo_y2020.tif,21982,0.011190974433627513,0.00771858793558366,Cairo,0,20345,3902.0
Cairo_y2020.tif,10573,0.04823607301617327,0.030063841861344937,Cairo,0,20371,3902.0
Cairo_y2020.tif,8714,0.16364470966261188,0.07351675464769336,Cairo,0,20393,3902.0
Cairo_y2020.tif,2695,0.21298701298701297,0.09736178107606679,Cairo,0,20410,3902.0
Cairo_y2020.tif,12706,0.005351802298126869,0.00899260192035259,Cairo,0,20414,3902.0
Cairo_y2020.tif,450,1.0,0.3338333333333333,Cairo,1,20178,3902.0
Cairo_y2020.tif,3364,0.9319262782401903,0.3189001189060642,Cairo,0,20192,3902.0
Cairo_y2020.tif,464,1.0,0.3617887931034483,Cairo,0,20183,3902.0
Cairo_y2020.tif,1134,1.0,0.3554805996472663,Cairo,1,20186,3902.0
Cairo_y2020.tif,642,1.0,0.3557242990654206,Cairo,0,20185,3902.0
Cairo_y2020.tif,605,1.0,0.344305785123967,Cairo,0,20187,3902.0
Cairo_y2020.tif,15150,0.219009900990099,0.09552706270627064,Cairo,0,20250,3902.0
Cairo_y2020.tif,19564,0.04917194847679411,0.025601870783070947,Cairo,0,20297,3902.0
Cairo_y2020.tif,4689,0.26978033695883985,0.1363286415013862,Cairo,0,20289,3902.0
Cairo_y2020.tif,4249,0.39797599435161213,0.15764768180748412,Cairo,0,20302,3902.0
Cairo_y2020.tif,707,0.8274398868458275,0.2785077793493635,Cairo,1,20175,3902.0
Cairo_y2020.tif,825,0.9769696969696969,0.3263090909090909,Cairo,1,20181,3902.0
Cairo_y2020.tif,870,0.9758620689655172,0.36761494252873556,Cairo,0,20193,3902.0
Cairo_y2020.tif,11130,0.22875112309074574,0.09234501347708894,Cairo,0,20231,3902.0
Cairo_y2020.tif,13427,0.016682803306769942,0.010195873985253593,Cairo,0,20293,3902.0
Cairo_y2020.tif,2549,0.0011769321302471558,0.011229894076108278,Cairo,0,20310,3902.0
Cairo_y2020.tif,4468,0.23030438675022383,0.12423455684870187,Cairo,0,20315,3902.0
Cairo_y2020.tif,1494,0.3534136546184739,0.19037483266398933,Cairo,0,20318,3902.0
Cairo_y2020.tif,1924,0.4688149688149688,0.19481808731808734,Cairo,0,20333,3902.0
Cairo_y2020.tif,1396,0.7722063037249284,0.28587750716332383,Cairo,0,20331,3902.0
Cairo_y2020.tif,4135,0.6556227327690447,0.23517775090689239,Cairo,0,20301,3902.0
Cairo_y2020.tif,1203,0.8470490440565254,0.2656026600166251,Cairo,0,20295,3902.0
Cairo_y2020.tif,1285,0.6785992217898833,0.22425680933852138,Cairo,0,20308,3902.0
Cairo_y2020.tif,1094,0.1380255941499086,0.16854661791590494,Cairo,0,20307,3902.0
Cairo_y2020.tif,628,0.31687898089171973,0.20812101910828024,Cairo,0,20313,3902.0
Cairo_y2020.tif,1395,0.7720430107526882,0.2524193548387097,Cairo,0,20314,3902.0
Cairo_y2020.tif,508,0.7598425196850394,0.30658464566929133,Cairo,1,20312,3902.0
Cairo_y2020.tif,929,0.9537136706135629,0.38439181916038745,Cairo,1,20317,3902.0
Cairo_y2020.tif,8880,0.15833333333333333,0.08282826576576577,Cairo,0,20330,3902.0
Cairo_y2020.tif,534,0.6610486891385767,0.2526310861423221,Cairo,0,20319,3902.0
Cairo_y2020.tif,9652,0.0,0.0,Cairo,0,20294,3902.0
Cairo_y2020.tif,22247,0.15790893154133143,0.06490785274419024,Cairo,0,20324,3902.0
Cairo_y2020.tif,419,1.0,0.3393794749403341,Cairo,0,20322,3902.0
Cairo_y2020.tif,6162,0.247809152872444,0.09611408633560532,Cairo,0,20337,3902.0
Cairo_y2020.tif,685,0.9138686131386862,0.32059124087591245,Cairo,0,20326,3902.0
Cairo_y2020.tif,498,0.8473895582329317,0.2916566265060241,Cairo,0,20327,3902.0
Cairo_y2020.tif,1091,0.8395967002749771,0.31789184234647117,Cairo,0,20336,3902.0
Cairo_y2020.tif,824,1.0,0.38202669902912617,Cairo,1,20346,3902.0
Cairo_y2020.tif,5565,0.801078167115903,0.2762093441150045,Cairo,0,20362,3902.0
Cairo_y2020.tif,872,0.9128440366972477,0.28013188073394496,Cairo,0,20373,3902.0
Cairo_y2020.tif,1885,0.9994694960212201,0.3891220159151193,Cairo,1,20325,3902.0
Cairo_y2020.tif,747,0.8768406961178046,0.3397657295850067,Cairo,1,20323,3902.0
Cairo_y2020.tif,2881,0.8788615064213815,0.30561089899340504,Cairo,0,20328,3902.0
Cairo_y2020.tif,2370,0.9919831223628692,0.38495569620253167,Cairo,0,20339,3902.0
Cairo_y2020.tif,1370,0.7,0.2913467153284672,Cairo,0,20335,3902.0
Cairo_y2020.tif,928,1.0,0.40313577586206895,Cairo,0,20341,3902.0
Cairo_y2020.tif,1612,0.9336228287841191,0.3380428039702233,Cairo,0,20349,3902.0
Cairo_y2020.tif,571,1.0,0.4104203152364273,Cairo,1,20344,3902.0
Cairo_y2020.tif,1184,1.0,0.41066722972972974,Cairo,1,20347,3902.0
Cairo_y2020.tif,996,1.0,0.39843875502008036,Cairo,1,20353,3902.0
Cairo_y2020.tif,1240,0.9637096774193549,0.37315322580645166,Cairo,1,20329,3902.0
Cairo_y2020.tif,1543,1.0,0.38632858068697346,Cairo,1,20332,3902.0
Cairo_y2020.tif,1063,0.5936030103480715,0.2803198494825964,Cairo,1,20340,3902.0
Cairo_y2020.tif,641,1.0,0.3474180967238689,Cairo,0,20338,3902.0
Cairo_y2020.tif,577,0.3934142114384749,0.20643847487001735,Cairo,0,20342,3902.0
Cairo_y2020.tif,1086,0.8554327808471455,0.31146869244935543,Cairo,0,20348,3902.0
Cairo_y2020.tif,1193,0.3352891869237217,0.13439228834870073,Cairo,0,20355,3902.0
Cairo_y2020.tif,3174,0.6194076874606175,0.26262287334593576,Cairo,1,20359,3902.0
Cairo_y2020.tif,2142,0.480859010270775,0.19654295051353873,Cairo,0,20368,3902.0
Cairo_y2020.tif,1101,0.8192552225249773,0.3428156221616712,Cairo,1,20367,3902.0
Cairo_y2020.tif,802,1.0,0.4066271820448878,Cairo,1,20356,3902.0
Cairo_y2020.tif,1298,0.9984591679506933,0.39670261941448387,Cairo,0,20358,3902.0
Cairo_y2020.tif,3269,0.8886509635974305,0.3300520036708473,Cairo,0,20365,3902.0
Cairo_y2020.tif,1077,0.9925719591457753,0.3503621169916435,Cairo,1,20369,3902.0
Cairo_y2020.tif,757,0.8348745046235139,0.26822985468956406,Cairo,0,20372,3902.0
Cairo_y2020.tif,609,0.9244663382594417,0.3392692939244663,Cairo,1,20377,3902.0
Cairo_y2020.tif,1524,0.7716535433070866,0.28348753280839895,Cairo,0,20385,3902.0
Cairo_y2020.tif,9256,0.29969749351771824,0.15016097666378567,Cairo,0,20405,3902.0
Cairo_y2020.tif,719,0.5173852573018081,0.2432823365785814,Cairo,1,20387,3902.0
Cairo_y2020.tif,3300,0.7075757575757575,0.25487878787878787,Cairo,0,20402,3902.0
Cairo_y2020.tif,8303,0.3024208117547874,0.12700289052149827,Cairo,0,20383,3902.0
Cairo_y2020.tif,564,0.9946808510638298,0.3190514184397163,Cairo,0,20380,3902.0
Cairo_y2020.tif,1147,0.916303400174368,0.2840976460331299,Cairo,0,20389,3902.0
Cairo_y2020.tif,441,0.9773242630385488,0.2977437641723356,Cairo,0,20390,3902.0
Cairo_y2020.tif,1148,0.7299651567944251,0.2785801393728223,Cairo,0,20394,3902.0
Cairo_y2020.tif,760,0.9578947368421052,0.28011842105263157,Cairo,0,20395,3902.0
Cairo_y2020.tif,464,0.9094827586206896,0.2943103448275862,Cairo,0,20396,3902.0
Cairo_y2020.tif,716,0.7206703910614525,0.25460195530726254,Cairo,0,20406,3902.0
Cairo_y2020.tif,499,0.4749498997995992,0.20357715430861725,Cairo,0,20404,3902.0
Cairo_y2020.tif,886,0.4221218961625282,0.20678893905191875,Cairo,0,20408,3902.0
Cairo_y2020.tif,1952,0.711577868852459,0.2560297131147541,Cairo,0,20381,3902.0
Cairo_y2020.tif,1314,0.4079147640791476,0.15778538812785387,Cairo,0,20398,3902.0
Cairo_y2020.tif,801,0.13358302122347065,0.07586142322097379,Cairo,0,20397,3902.0
Cairo_y2020.tif,5711,0.4888811066363159,0.2106478725267029,Cairo,0,20391,3902.0
Cairo_y2020.tif,483,0.7060041407867494,0.18740165631469982,Cairo,0,20382,3902.0
Cairo_y2020.tif,721,1.0,0.28391816920943136,Cairo,0,20384,3902.0
Cairo_y2020.tif,1051,0.6784015223596574,0.22507611798287347,Cairo,0,20399,3902.0
Cairo_y2020.tif,1677,0.9451401311866429,0.29199463327370306,Cairo,0,20400,3902.0
Cairo_y2020.tif,6677,0.12520593080724876,0.06005466526883332,Cairo,0,20413,3902.0
Cairo_y2020.tif,8755,0.12998286693318103,0.04932895488292404,Cairo,0,20415,3902.0
Cairo_y2020.tif,2736,0.7785087719298246,0.3271673976608187,Cairo,0,20354,3902.0
Cairo_y2020.tif,1038,1.0,0.40323699421965326,Cairo,0,20361,3902.0
Cairo_y2020.tif,1064,1.0,0.39950187969924816,Cairo,0,20366,3902.0
Cairo_y2020.tif,1190,0.9613445378151261,0.3174789915966387,Cairo,0,20376,3902.0
Cairo_y2020.tif,12904,0.1370117792932424,0.05855316181029139,Cairo,0,20409,3902.0
Cairo_y2020.tif,3321,0.2713038241493526,0.13748870822041553,Cairo,0,20392,3902.0
Cairo_y2020.tif,6175,0.0,0.0,Cairo,0,20418,3902.0
Cairo_y2020.tif,11791,0.006275973199898227,0.00956577050292596,Cairo,0,20419,3902.0
Cairo_y2020.tif,7756,0.0,0.0,Cairo,0,20421,3902.0
Cairo_y2020.tif,368,0.0,0.0,Cairo,0,20420,3902.0
Cairo_y2020.tif,1453,0.7474191328286304,0.28391259463179624,Cairo,0,20019,3902.0
Cairo_y2020.tif,34150,0.17900439238653001,0.09752957540263543,Cairo,0,20051,3902.0
Cairo_y2020.tif,11333,0.003970705020735904,0.026482837730521486,Cairo,0,20046,3902.0
Cairo_y2020.tif,41358,0.08010542095846028,0.048525920015474636,Cairo,0,20108,3902.0
Cairo_y2020.tif,133842,0.0779501202910895,0.046704397722687946,Cairo,0,20197,3902.0
Cairo_y2020.tif,3207,0.7652011225444341,0.30021671343935147,Cairo,0,20188,3902.0
Cairo_y2020.tif,2037,1.0,0.3940844378988709,Cairo,0,20210,3902.0
Cairo_y2020.tif,2118,0.8857412653446648,0.3320420207743154,Cairo,0,20211,3902.0
Cairo_y2020.tif,6061,0.26365286256393333,0.12966507177033493,Cairo,0,20223,3902.0
Cairo_y2020.tif,2785,0.29658886894075404,0.12794614003590665,Cairo,0,20220,3902.0
Cairo_y2020.tif,16674,0.36122106273239774,0.1634685738275159,Cairo,1,20089,3902.0
Cairo_y2020.tif,2708,0.9996307237813885,0.3772581240768095,Cairo,0,20101,3902.0
Cairo_y2020.tif,4730,0.008456659619450317,0.011479915433403804,Cairo,0,20104,3902.0
Cairo_y2020.tif,6453,0.4411901441190144,0.19343793584379357,Cairo,0,20113,3902.0
Cairo_y2020.tif,2790,0.7236559139784946,0.30727060931899647,Cairo,0,20170,3902.0
Cairo_y2020.tif,7859,0.4905204224456038,0.21063366840564957,Cairo,0,20179,3902.0
Cairo_y2020.tif,2578,0.5674941815360744,0.23054305663304883,Cairo,0,20199,3902.0
Cairo_y2020.tif,4314,0.7934631432545202,0.3260083449235049,Cairo,0,20208,3902.0
Cairo_y2020.tif,1334,1.0,0.39581709145427285,Cairo,0,20219,3902.0
Cairo_y2020.tif,1642,1.0,0.40056638246041415,Cairo,0,20221,3902.0
Cairo_y2020.tif,12026,0.0,0.012826376184932648,Cairo,0,19964,3902.0
Cairo_y2020.tif,62105,0.04524595443201031,0.01892399967796474,Cairo,0,20084,3902.0
Cairo_y2020.tif,3978,0.444947209653092,0.17348039215686276,Cairo,0,20091,3902.0
Cairo_y2020.tif,12262,0.34015658130810633,0.14529073560593705,Cairo,0,20125,3902.0
Cairo_y2020.tif,34126,0.153314188595206,0.0668956221063119,Cairo,0,20130,3902.0
Cairo_y2020.tif,8191,0.14772311073129044,0.07194298620437066,Cairo,0,20156,3902.0
Cairo_y2020.tif,133604,0.026548606329151823,0.014608469806293226,Cairo,0,20303,3902.0
Cairo_y2020.tif,80310,0.02213921055908355,0.009929772132984684,Cairo,0,20364,3902.0
Cairo_y2020.tif,2231,0.9636934110264456,0.368614970865083,Cairo,0,20214,3902.0
Cairo_y2020.tif,2473,1.0,0.40005661140315407,Cairo,0,20232,3902.0
Cairo_y2020.tif,1112,0.5836330935251799,0.25361061151079134,Cairo,0,20234,3902.0
Cairo_y2020.tif,2711,0.9258576171154556,0.34755994098118775,Cairo,0,20242,3902.0
Cairo_y2020.tif,1658,0.991556091676719,0.40433655006031355,Cairo,0,20241,3902.0
Cairo_y2020.tif,694,1.0,0.420886167146974,Cairo,1,20248,3902.0
Cairo_y2020.tif,1278,1.0,0.3706259780907668,Cairo,0,20251,3902.0
Cairo_y2020.tif,1318,0.9650986342943855,0.3941919575113809,Cairo,0,20261,3902.0
Cairo_y2020.tif,4496,0.9786476868327402,0.38499332740213527,Cairo,0,20274,3902.0
Cairo_y2020.tif,702,1.0,0.4145299145299146,Cairo,0,20263,3902.0
Cairo_y2020.tif,3101,1.0,0.4121122218639149,Cairo,0,20273,3902.0
Cairo_y2020.tif,8516,0.14631282292155942,0.1107239314232034,Cairo,1,20283,3902.0
Cairo_y2020.tif,3197,0.9615264310290897,0.38461213637785424,Cairo,0,20275,3902.0
Cairo_y2020.tif,1062,0.967984934086629,0.3990065913370998,Cairo,0,20272,3902.0
Cairo_y2020.tif,717,1.0,0.4136401673640167,Cairo,0,20276,3902.0
Cairo_y2020.tif,1097,0.8596171376481313,0.33792616226071104,Cairo,0,20282,3902.0
Cairo_y2020.tif,626,1.0,0.41445686900958467,Cairo,0,20280,3902.0
Cairo_y2020.tif,1314,0.9984779299847792,0.3986377473363774,Cairo,0,20284,3902.0
Cairo_y2020.tif,1332,0.8228228228228228,0.3350187687687688,Cairo,0,20281,3902.0
Cairo_y2020.tif,1127,0.9538598047914818,0.37717391304347825,Cairo,0,20286,3902.0
Cairo_y2020.tif,441,0.0,0.0,Cairo,1,20425,3902.0
Cairo_y2020.tif,1367,1.0,0.4054754937820044,Cairo,1,20222,3902.0
Cairo_y2020.tif,1195,1.0,0.39482008368200844,Cairo,1,20230,3902.0
Cairo_y2020.tif,542,1.0,0.406669741697417,Cairo,0,20229,3902.0
Cairo_y2020.tif,2149,1.0,0.4004490460679386,Cairo,0,20237,3902.0
Cairo_y2020.tif,1626,1.0,0.410639606396064,Cairo,1,20244,3902.0
Cairo_y2020.tif,1593,0.6541117388575016,0.28224733207784053,Cairo,0,20268,3902.0
Cairo_y2020.tif,7833,0.1732414145282778,0.07840291076216009,Cairo,0,20285,3902.0
Cairo_y2020.tif,55562,0.0,0.0,Al Ayyat,0,100,3972.0
Cairo_y2020.tif,40147,0.0,0.0,Cairo,0,47,3902.0
Cairo_y2020.tif,1080,0.0,0.0,Cairo,1,46,3902.0
Cairo_y2020.tif,1028,0.0,0.0,Cairo,1,55,3902.0
Cairo_y2020.tif,953,0.0,0.0,Cairo,1,51,3902.0
Cairo_y2020.tif,4110,0.0,0.0,Cairo,1,60,3902.0
Cairo_y2020.tif,1841,0.0,0.0,Cairo,0,63,3902.0
Cairo_y2020.tif,5827,0.0,0.0,Cairo,0,69,3902.0
Cairo_y2020.tif,404,0.0,0.0,Al Ayyat,0,75,3972.0
Cairo_y2020.tif,30224,0.0,0.0,Al Ayyat,0,112,3972.0
Cairo_y2020.tif,32260,0.0,0.0,Cairo,0,71,3902.0
Cairo_y2020.tif,6775,0.0,0.0,Cairo,0,83,3902.0
Cairo_y2020.tif,1601,0.0,0.0,Cairo,0,87,3902.0
Cairo_y2020.tif,1135,0.0,0.0,Cairo,0,86,3902.0
Cairo_y2020.tif,1636,0.0,0.0,Cairo,1,89,3902.0
Cairo_y2020.tif,3106,0.0,0.0,Cairo,0,93,3902.0
Cairo_y2020.tif,1534,0.0,0.0,Cairo,0,96,3902.0
Cairo_y2020.tif,3657,0.0,0.0,Cairo,0,101,3902.0
Cairo_y2020.tif,578,0.0,0.0,Al Ayyat,0,85,3972.0
Cairo_y2020.tif,70700,0.0,0.0,Al Ayyat,0,127,3972.0
Cairo_y2020.tif,2685,0.0,0.0,Al Ayyat,0,97,3972.0
Cairo_y2020.tif,2834,0.0,0.0,Al Ayyat,0,101,3972.0
Cairo_y2020.tif,1144,0.0,0.0,Al Ayyat,0,106,3972.0
Cairo_y2020.tif,1278,0.0,0.0,Al Ayyat,0,109,3972.0
Cairo_y2020.tif,3254,0.0,0.0,Al Ayyat,0,113,3972.0
Cairo_y2020.tif,598,0.0,0.0,Al Ayyat,0,83,3972.0
Cairo_y2020.tif,11820,0.0,0.0,Al Ayyat,0,99,3972.0
Cairo_y2020.tif,1017,0.0,0.0,Al Ayyat,1,102,3972.0
Cairo_y2020.tif,1848,0.0,0.0,Al Ayyat,0,103,3972.0
Cairo_y2020.tif,2073,0.0,0.0,Al Ayyat,0,115,3972.0
Cairo_y2020.tif,2447,0.0,0.0,Al Ayyat,0,125,3972.0
Cairo_y2020.tif,24300,0.0,0.0,Al Ayyat,0,124,3972.0
Cairo_y2020.tif,8912,0.0,0.0,Cairo,0,29,3902.0
Cairo_y2020.tif,754,0.0,0.0,Cairo,1,32,3902.0
Cairo_y2020.tif,2159,0.0,0.0,Al Ayyat,0,114,3972.0
Cairo_y2020.tif,797,0.0,0.0,Al Ayyat,1,116,3972.0
Cairo_y2020.tif,1643,0.0,0.0,Al Ayyat,0,118,3972.0
Cairo_y2020.tif,641,0.0,0.0,Al Ayyat,1,119,3972.0
Cairo_y2020.tif,2538,0.0,0.0,Al Ayyat,1,120,3972.0
Cairo_y2020.tif,1855,0.0,0.0,Al Ayyat,1,121,3972.0
Cairo_y2020.tif,2613,0.0,0.0,Al Ayyat,0,122,3972.0
Cairo_y2020.tif,1848,0.0,0.0,Al Ayyat,1,123,3972.0
Cairo_y2020.tif,6491,0.0,0.0,Al Ayyat,0,126,3972.0
Cairo_y2020.tif,2473,0.0,0.0,Cairo,0,36,3902.0
Cairo_y2020.tif,1872,0.0,0.0,Al Ayyat,0,81,3972.0
Cairo_y2020.tif,0,,,Al Ayyat,0,76,3972.0
Cairo_y2020.tif,4357,0.0,0.0,Al Ayyat,0,92,3972.0
Cairo_y2020.tif,1057,0.0,0.0,Al Ayyat,0,93,3972.0
Cairo_y2020.tif,221,0.0,0.0,Al Ayyat,0,80,3972.0
Cairo_y2020.tif,3017,0.0,0.0,Al Ayyat,0,89,3972.0
Cairo_y2020.tif,1243,0.0,0.0,Al Ayyat,0,88,3972.0
Cairo_y2020.tif,708,0.0,0.0,Al Ayyat,0,96,3972.0
Cairo_y2020.tif,646,0.0,0.0,Al Ayyat,0,95,3972.0
Cairo_y2020.tif,14930,0.0,0.0,Al Ayyat,0,107,3972.0
Cairo_y2020.tif,739,0.0,0.0,Al Ayyat,0,86,3972.0
Cairo_y2020.tif,2850,0.0,0.0,Al Ayyat,0,110,3972.0
Cairo_y2020.tif,13132,0.0,0.0,Al Ayyat,0,111,3972.0
Cairo_y2020.tif,2484,0.0,0.0,Cairo,0,53,3902.0
Cairo_y2020.tif,29120,0.0,0.0,Cairo,0,70,3902.0
Cairo_y2020.tif,19244,0.0,0.0,Cairo,0,84,3902.0
Cairo_y2020.tif,11995,0.0,0.0,Cairo,0,81,3902.0
Cairo_y2020.tif,1109,0.0,0.0,Cairo,0,79,3902.0
Cairo_y2020.tif,951,0.0,0.0,Cairo,0,82,3902.0
Cairo_y2020.tif,3723,0.0,0.0,Cairo,0,94,3902.0
Cairo_y2020.tif,7587,0.0,0.0,Al Ayyat,0,105,3972.0
Cairo_y2020.tif,4397,0.0,0.0,Al Ayyat,0,108,3972.0
Cairo_y2020.tif,9593,0.0,0.0,Cairo,0,155,3902.0
Cairo_y2020.tif,11934,0.0,0.0,Cairo,0,164,3902.0
Cairo_y2020.tif,7990,0.0,0.0,Cairo,0,170,3902.0
Cairo_y2020.tif,8782,0.0,0.0,Cairo,0,181,3902.0
Cairo_y2020.tif,22683,0.0,0.0,Cairo,0,187,3902.0
Cairo_y2020.tif,18672,0.0,0.0,Cairo,0,208,3902.0
Cairo_y2020.tif,1253,0.0,0.0,Cairo,0,202,3902.0
Cairo_y2020.tif,89571,0.0,0.0,Cairo,0,246,3902.0
Cairo_y2020.tif,22563,0.0,0.0,Cairo,0,119,3902.0
Cairo_y2020.tif,47416,0.0,0.0,Cairo,0,157,3902.0
Cairo_y2020.tif,4249,0.0,0.0,Cairo,0,166,3902.0
Cairo_y2020.tif,4149,0.0,0.0,Cairo,0,176,3902.0
Cairo_y2020.tif,43968,0.0,0.0,Cairo,0,209,3902.0
Cairo_y2020.tif,87498,0.0,0.0,Cairo,0,263,3902.0
Cairo_y2020.tif,637,0.0,0.0,Cairo,0,265,3902.0
Cairo_y2020.tif,1088,0.0,0.0,Cairo,0,266,3902.0
Cairo_y2020.tif,1611,0.0,0.0,Cairo,0,268,3902.0
Cairo_y2020.tif,1014,0.0,0.0,Cairo,0,276,3902.0
Cairo_y2020.tif,950,0.0,0.0,Cairo,1,109,3902.0
Cairo_y2020.tif,652,0.0,0.0,Cairo,1,105,3902.0
Cairo_y2020.tif,1598,0.0,0.0,Cairo,1,110,3902.0
Cairo_y2020.tif,868,0.0,0.0,Cairo,0,115,3902.0
Cairo_y2020.tif,12283,0.0,0.0,Cairo,0,139,3902.0
Cairo_y2020.tif,42299,0.0,0.0,Cairo,0,158,3902.0
Cairo_y2020.tif,15361,0.0,0.0,Cairo,0,179,3902.0
Cairo_y2020.tif,10631,0.0,0.0,Cairo,0,264,3902.0
Cairo_y2020.tif,6692,0.0,0.0,Cairo,0,297,3902.0
Cairo_y2020.tif,2351,0.0,0.0,Cairo,0,301,3902.0
Cairo_y2020.tif,20739,0.0,0.0,Cairo,0,255,3902.0
Cairo_y2020.tif,4161,0.0,0.0,Cairo,0,231,3902.0
Cairo_y2020.tif,18510,0.0,0.0,Cairo,0,273,3902.0
Cairo_y2020.tif,1340,0.0,0.0,Cairo,0,242,3902.0
Cairo_y2020.tif,920,0.0,0.0,Cairo,0,249,3902.0
Cairo_y2020.tif,2168,0.0,0.0,Cairo,0,257,3902.0
Cairo_y2020.tif,1300,0.0,0.0,Cairo,0,259,3902.0
Cairo_y2020.tif,2124,0.0,0.0,Cairo,0,278,3902.0
Cairo_y2020.tif,1850,0.0,0.0,Cairo,0,272,3902.0
Cairo_y2020.tif,2461,0.0,0.0,Cairo,0,279,3902.0
Cairo_y2020.tif,1071,0.0,0.0,Cairo,0,290,3902.0
Cairo_y2020.tif,822,0.0,0.0,Cairo,1,283,3902.0
Cairo_y2020.tif,1046,0.0,0.0,Cairo,0,285,3902.0
Cairo_y2020.tif,835,0.0,0.0,Cairo,0,286,3902.0
Cairo_y2020.tif,832,0.0,0.0,Cairo,0,296,3902.0
Cairo_y2020.tif,913,0.0,0.0,Cairo,1,300,3902.0
Cairo_y2020.tif,1286,0.0,0.0,Cairo,1,302,3902.0
Cairo_y2020.tif,2153,0.0,0.0,Cairo,0,317,3902.0
Cairo_y2020.tif,1661,0.0,0.0,Cairo,0,313,3902.0
Cairo_y2020.tif,993,0.0,0.0,Cairo,0,309,3902.0
Cairo_y2020.tif,1012,0.0,0.0,Cairo,0,275,3902.0
Cairo_y2020.tif,3474,0.0,0.0,Cairo,0,292,3902.0
Cairo_y2020.tif,1578,0.0,0.0,Cairo,0,293,3902.0
Cairo_y2020.tif,1236,0.0,0.0,Cairo,0,287,3902.0
Cairo_y2020.tif,1206,0.0,0.0,Cairo,0,303,3902.0
Cairo_y2020.tif,553,0.0,0.0,Cairo,1,307,3902.0
Cairo_y2020.tif,6933,0.0,0.0,Cairo,0,315,3902.0
Cairo_y2020.tif,1773,0.0,0.0,Cairo,0,314,3902.0
Cairo_y2020.tif,2249,0.0,0.0,Cairo,0,322,3902.0
Cairo_y2020.tif,2129,0.0,0.0,Cairo,0,321,3902.0
Cairo_y2020.tif,3065,0.0,0.0,Cairo,0,312,3902.0
Cairo_y2020.tif,962,0.0,0.0,Cairo,0,319,3902.0
Cairo_y2020.tif,2748,0.0,0.0,Cairo,0,323,3902.0
Cairo_y2020.tif,30816,0.0,0.0,Cairo,0,362,3902.0
Cairo_y2020.tif,15876,0.0,0.0,Cairo,0,475,3902.0
Cairo_y2020.tif,1644,0.0,0.0,Cairo,1,454,3902.0
Cairo_y2020.tif,5156,0.0,0.0,Cairo,0,458,3902.0
Cairo_y2020.tif,2032,0.0,0.0,Cairo,1,470,3902.0
Cairo_y2020.tif,1033,0.0,0.0,Cairo,0,472,3902.0
Cairo_y2020.tif,1164,0.0,0.0,Cairo,1,474,3902.0
Cairo_y2020.tif,7654,0.0,0.0,Cairo,0,330,3902.0
Cairo_y2020.tif,108292,0.0,0.0,Cairo,0,442,3902.0
Cairo_y2020.tif,10727,0.0,0.0,Cairo,0,445,3902.0
Cairo_y2020.tif,2479,0.0,0.0,Cairo,0,444,3902.0
Cairo_y2020.tif,802,0.0,0.0,Cairo,0,451,3902.0
Cairo_y2020.tif,12811,0.0,0.0,Cairo,0,467,3902.0
Cairo_y2020.tif,1757,0.0,0.0,Cairo,1,463,3902.0
Cairo_y2020.tif,629,0.0,0.0,Cairo,0,471,3902.0
Cairo_y2020.tif,726,0.0,0.0,Cairo,1,469,3902.0
Cairo_y2020.tif,1068,0.0,0.0,Cairo,0,478,3902.0
Cairo_y2020.tif,1799,0.0,0.0,Al Ayyat,0,90,3972.0
Cairo_y2020.tif,1078,0.0,0.0,Al Ayyat,1,84,3972.0
Cairo_y2020.tif,454,0.0,0.0,Al Ayyat,0,94,3972.0
Cairo_y2020.tif,1395,0.0,0.0,Al Ayyat,0,98,3972.0
Cairo_y2020.tif,14572,0.0,0.0,Al Ayyat,0,104,3972.0
Cairo_y2020.tif,21643,0.0,0.0,Cairo,0,43,3902.0
Cairo_y2020.tif,994,0.0,0.0,Cairo,0,38,3902.0
Cairo_y2020.tif,6100,0.0,0.0,Cairo,0,49,3902.0
Cairo_y2020.tif,36974,0.0,0.0,Cairo,0,73,3902.0
Cairo_y2020.tif,31935,0.0,0.0,Cairo,0,91,3902.0
Cairo_y2020.tif,3077,0.0,0.0,Cairo,0,33,3902.0
Cairo_y2020.tif,2303,0.0,0.0,Cairo,0,44,3902.0
Cairo_y2020.tif,1690,0.0,0.0,Cairo,1,48,3902.0
Cairo_y2020.tif,17992,0.0,0.0,Cairo,0,65,3902.0
Cairo_y2020.tif,8497,0.0,0.0,Cairo,0,68,3902.0
Cairo_y2020.tif,157979,0.007931433924762152,0.005255856791092487,Cairo,0,197,3902.0
Cairo_y2020.tif,2054,0.0,0.0,Cairo,0,168,3902.0
Cairo_y2020.tif,2520,0.0,0.0,Cairo,0,177,3902.0
Cairo_y2020.tif,2087,0.9865836128413992,0.3152635361763297,Cairo,0,226,3902.0
Cairo_y2020.tif,2347,0.9769919045590115,0.3586237750319557,Cairo,1,228,3902.0
Cairo_y2020.tif,1788,0.0,0.0,Cairo,0,88,3902.0
Cairo_y2020.tif,1214,0.0,0.0,Cairo,1,95,3902.0
Cairo_y2020.tif,2161,0.0,0.0,Cairo,0,103,3902.0
Cairo_y2020.tif,23503,0.0,0.0,Cairo,0,126,3902.0
Cairo_y2020.tif,28657,0.0,0.0,Cairo,0,150,3902.0
Cairo_y2020.tif,2150,0.0,0.0,Cairo,0,161,3902.0
Cairo_y2020.tif,4876,0.21821164889253486,0.09858285479901559,Cairo,0,316,3902.0
Cairo_y2020.tif,5769,0.2359161033107991,0.14254810192407696,Cairo,0,333,3902.0
Cairo_y2020.tif,1666,0.460984393757503,0.21106842737094836,Cairo,0,335,3902.0
Cairo_y2020.tif,3441,0.1987794245858762,0.11294536471955828,Cairo,0,344,3902.0
Cairo_y2020.tif,1180,0.0,0.0,Cairo,1,34,3902.0
Cairo_y2020.tif,695,0.0,0.0,Cairo,0,40,3902.0
Cairo_y2020.tif,2403,0.0,0.0,Cairo,0,50,3902.0
Cairo_y2020.tif,3235,0.0,0.0,Cairo,0,59,3902.0
Cairo_y2020.tif,9603,0.0,0.0,Cairo,0,75,3902.0
Cairo_y2020.tif,10729,0.0,0.0,Cairo,0,85,3902.0
Cairo_y2020.tif,28775,0.0,0.0,Cairo,0,106,3902.0
Cairo_y2020.tif,3572,0.0,0.0,Cairo,0,99,3902.0
Cairo_y2020.tif,26749,0.0895734419978317,0.0433313394893267,Cairo,0,229,3902.0
Cairo_y2020.tif,306725,0.037385279973918,0.018933670225772276,Cairo,0,459,3902.0
Cairo_y2020.tif,27063,0.16417248642057422,0.07312899530724606,Cairo,0,348,3902.0
Cairo_y2020.tif,10717,0.09396286274143884,0.08341606792945787,Cairo,0,367,3902.0
Cairo_y2020.tif,587,1.0,0.3618568994889268,Cairo,0,359,3902.0
Cairo_y2020.tif,1903,0.9984235417761429,0.40843142406726224,Cairo,1,364,3902.0
Cairo_y2020.tif,1660,0.9596385542168675,0.39129819277108435,Cairo,0,363,3902.0
Cairo_y2020.tif,1830,1.0,0.41550819672131156,Cairo,1,370,3902.0
Cairo_y2020.tif,2059,0.9669742593491987,0.3750679941719281,Cairo,1,372,3902.0
Cairo_y2020.tif,493,1.0,0.4317444219066937,Cairo,1,374,3902.0
Cairo_y2020.tif,922,1.0,0.4136876355748373,Cairo,0,376,3902.0
Cairo_y2020.tif,682,1.0,0.39473607038123165,Cairo,0,381,3902.0
Cairo_y2020.tif,1814,0.5633958103638368,0.22855292171995592,Cairo,0,345,3902.0
Cairo_y2020.tif,2570,0.5206225680933853,0.21410311284046693,Cairo,0,350,3902.0
Cairo_y2020.tif,1674,0.36260454002389486,0.19037933094384707,Cairo,0,352,3902.0
Cairo_y2020.tif,2838,0.9661733615221987,0.3362491190979563,Cairo,0,356,3902.0
Cairo_y2020.tif,1353,0.9068736141906873,0.33688100517368813,Cairo,0,358,3902.0
Cairo_y2020.tif,1578,0.982256020278834,0.3589226869455006,Cairo,0,361,3902.0
Cairo_y2020.tif,2680,0.010447761194029851,0.038654850746268656,Cairo,0,377,3902.0
Cairo_y2020.tif,2104,0.48098859315589354,0.2092110266159696,Cairo,0,373,3902.0
Cairo_y2020.tif,1090,1.0,0.41994495412844035,Cairo,1,365,3902.0
Cairo_y2020.tif,3374,0.4202726733847066,0.18406342620035565,Cairo,0,378,3902.0
Cairo_y2020.tif,1037,0.9903567984570878,0.414493731918997,Cairo,0,368,3902.0
Cairo_y2020.tif,917,1.0,0.4223118865866957,Cairo,1,371,3902.0
Cairo_y2020.tif,1520,0.7796052631578947,0.29148355263157893,Cairo,1,369,3902.0
Cairo_y2020.tif,1132,0.9973498233215548,0.3853268551236749,Cairo,0,379,3902.0
Cairo_y2020.tif,900,1.0,0.41349444444444444,Cairo,1,382,3902.0
Cairo_y2020.tif,1502,0.9513981358189081,0.353025965379494,Cairo,0,385,3902.0
Cairo_y2020.tif,1862,0.7975295381310419,0.277250268528464,Cairo,0,387,3902.0
Cairo_y2020.tif,675,0.9318518518518518,0.32937777777777777,Cairo,0,394,3902.0
Cairo_y2020.tif,725,0.9917241379310345,0.3084344827586207,Cairo,1,396,3902.0
Cairo_y2020.tif,1495,0.8655518394648829,0.2433979933110368,Cairo,1,395,3902.0
Cairo_y2020.tif,5739,0.46227565778010105,0.2065237846314689,Cairo,0,390,3902.0
Cairo_y2020.tif,659,1.0,0.3902427921092564,Cairo,0,386,3902.0
Cairo_y2020.tif,1471,1.0,0.3984228416043508,Cairo,1,389,3902.0
Cairo_y2020.tif,4501,0.8218173739169073,0.30908020439902245,Cairo,0,400,3902.0
Cairo_y2020.tif,2170,0.9889400921658986,0.38534101382488484,Cairo,1,399,3902.0
Cairo_y2020.tif,5492,0.6294610342316096,0.24304898033503278,Cairo,0,403,3902.0
Cairo_y2020.tif,1147,1.0,0.35800784655623363,Cairo,0,409,3902.0
Cairo_y2020.tif,988,1.0,0.41273785425101217,Cairo,1,412,3902.0
Cairo_y2020.tif,3929,0.6976329854924918,0.25347798421990325,Cairo,0,418,3902.0
Cairo_y2020.tif,2380,0.934453781512605,0.3159705882352941,Cairo,0,426,3902.0
Cairo_y2020.tif,699,0.9957081545064378,0.36506437768240346,Cairo,0,405,3902.0
Cairo_y2020.tif,739,1.0,0.3993031123139377,Cairo,0,406,3902.0
Cairo_y2020.tif,1762,1.0,0.3755051078320091,Cairo,0,414,3902.0
Cairo_y2020.tif,1262,0.9635499207606973,0.3768026941362916,Cairo,0,415,3902.0
Cairo_y2020.tif,2148,0.9958100558659218,0.38947392923649904,Cairo,1,410,3902.0
Cairo_y2020.tif,1542,0.9993514915693904,0.38236705577172503,Cairo,0,419,3902.0
Cairo_y2020.tif,1495,0.9177257525083612,0.3303578595317726,Cairo,0,424,3902.0
Cairo_y2020.tif,5107,0.5872332093205405,0.22699334247111805,Cairo,0,440,3902.0
Cairo_y2020.tif,7106,0.17027863777089783,0.0975823247959471,Cairo,0,456,3902.0
Cairo_y2020.tif,3327,0.45055605650736397,0.21058010219416892,Cairo,0,464,3902.0
Cairo_y2020.tif,1388,0.8602305475504323,0.3272946685878963,Cairo,0,404,3902.0
Cairo_y2020.tif,1633,0.8138395590936925,0.3196693202694427,Cairo,0,413,3902.0
Cairo_y2020.tif,3453,0.05357660005792065,0.07086736171445121,Cairo,0,452,3902.0
Cairo_y2020.tif,1079,0.8980537534754403,0.3135727525486562,Cairo,1,422,3902.0
Cairo_y2020.tif,5265,0.15612535612535614,0.07173884140550807,Cairo,0,453,3902.0
Cairo_y2020.tif,1589,0.9118942731277533,0.3214663310258024,Cairo,0,436,3902.0
Cairo_y2020.tif,24293,0.03585394969744371,0.01832750174947516,Cairo,0,457,3902.0
Cairo_y2020.tif,26107,0.0,0.0008085953958708392,Cairo,0,496,3902.0
Cairo_y2020.tif,28365,0.0,0.0,Cairo,0,499,3902.0
Cairo_y2020.tif,9011,0.0,0.0,Cairo,0,503,3902.0
Cairo_y2020.tif,0,,,Al Ayyat,0,77,3972.0
Cairo_y2020.tif,612,0.0,0.0,Al Ayyat,0,82,3972.0
Cairo_y2020.tif,1486,0.0,0.0,Al Ayyat,0,91,3972.0
Cairo_y2020.tif,3205,0.0,0.0,Cairo,0,58,3902.0
Cairo_y2020.tif,4515,0.0,0.0,Cairo,0,64,3902.0
Cairo_y2020.tif,10709,0.0,0.0,Cairo,0,117,3902.0
Cairo_y2020.tif,5286,0.0,0.0,Cairo,0,114,3902.0
Cairo_y2020.tif,2408,0.0,0.0,Cairo,0,121,3902.0
Cairo_y2020.tif,2611,0.0,0.0,Cairo,0,123,3902.0
Cairo_y2020.tif,7700,0.0,0.0,Cairo,0,56,3902.0
Cairo_y2020.tif,5580,0.0,0.0,Cairo,0,67,3902.0
Cairo_y2020.tif,3768,0.0,0.0,Cairo,0,100,3902.0
Cairo_y2020.tif,20393,0.0,0.0,Cairo,0,98,3902.0
Cairo_y2020.tif,1345,0.0,0.0,Cairo,0,92,3902.0
Cairo_y2020.tif,732,0.0,0.0,Cairo,0,97,3902.0
Cairo_y2020.tif,743,0.0,0.0,Cairo,1,107,3902.0
Cairo_y2020.tif,1301,0.0,0.0,Cairo,0,112,3902.0
Cairo_y2020.tif,695,0.0,0.0,Cairo,0,111,3902.0
Cairo_y2020.tif,2203,0.0,0.0,Cairo,0,116,3902.0
Cairo_y2020.tif,28110,0.0,0.0,Cairo,0,108,3902.0
Cairo_y2020.tif,788,0.0,0.0,Cairo,0,104,3902.0
Cairo_y2020.tif,26230,0.0,0.0,Cairo,0,128,3902.0
Cairo_y2020.tif,13596,0.0,0.0,Cairo,0,138,3902.0
Cairo_y2020.tif,36246,0.0,0.0,Cairo,0,171,3902.0
Cairo_y2020.tif,3971,0.0,0.0,Cairo,0,163,3902.0
Cairo_y2020.tif,1118,0.0,0.0,Cairo,1,165,3902.0
Cairo_y2020.tif,14504,0.0,0.0,Cairo,0,192,3902.0
Cairo_y2020.tif,39617,0.00025241689173839514,0.0015076860943534342,Cairo,0,230,3902.0
Cairo_y2020.tif,19662,0.06713457430576747,0.03601185026955549,Cairo,0,252,3902.0
Cairo_y2020.tif,2328,0.0,0.0,Cairo,0,120,3902.0
Cairo_y2020.tif,18212,0.0,0.0,Cairo,0,174,3902.0
Cairo_y2020.tif,9897,0.0,0.0,Cairo,0,169,3902.0
Cairo_y2020.tif,2055,0.0,0.0,Cairo,0,178,3902.0
Cairo_y2020.tif,13088,0.0,0.0,Cairo,0,262,3902.0
Cairo_y2020.tif,651,0.0,0.0,Cairo,1,180,3902.0
Cairo_y2020.tif,1094,0.0,0.0,Cairo,1,184,3902.0
Cairo_y2020.tif,704,0.0,0.0,Cairo,0,185,3902.0
Cairo_y2020.tif,856,0.0,0.0,Cairo,0,186,3902.0
Cairo_y2020.tif,1733,0.0,0.0,Cairo,0,189,3902.0
Cairo_y2020.tif,991,0.0,0.0,Cairo,0,153,3902.0
Cairo_y2020.tif,2575,0.0,0.0,Cairo,0,156,3902.0
Cairo_y2020.tif,1697,0.0,0.0,Cairo,1,160,3902.0
Cairo_y2020.tif,901,0.0,0.0,Cairo,1,162,3902.0
Cairo_y2020.tif,26429,0.0,0.0,Cairo,0,194,3902.0
Cairo_y2020.tif,9048,0.006852343059239611,0.014288793103448275,Cairo,0,220,3902.0
Cairo_y2020.tif,2926,0.7706766917293233,0.2740345181134655,Cairo,0,233,3902.0
Cairo_y2020.tif,830,1.0,0.4155421686746988,Cairo,1,232,3902.0
Cairo_y2020.tif,742,1.0,0.42504716981132074,Cairo,1,240,3902.0
Cairo_y2020.tif,733,1.0,0.3939768076398362,Cairo,1,245,3902.0
Cairo_y2020.tif,1451,0.9869055823569952,0.3955892487939352,Cairo,0,247,3902.0
Cairo_y2020.tif,984,0.9939024390243902,0.3821747967479675,Cairo,0,258,3902.0
Cairo_y2020.tif,781,1.0,0.4110819462227912,Cairo,0,256,3902.0
Cairo_y2020.tif,1734,0.4688581314878893,0.18386101499423296,Cairo,0,277,3902.0
Cairo_y2020.tif,1164,0.5713058419243986,0.21788659793814433,Cairo,0,282,3902.0
Cairo_y2020.tif,2518,0.35941223193010324,0.1371803018268467,Cairo,0,299,3902.0
Cairo_y2020.tif,18807,0.10847025043866645,0.04371244749295475,Cairo,0,325,3902.0
Cairo_y2020.tif,3198,0.020637898686679174,0.04782520325203253,Cairo,0,351,3902.0
Cairo_y2020.tif,7743,0.14826294717809635,0.08464225752292392,Cairo,0,353,3902.0
Cairo_y2020.tif,2523,0.7407847800237812,0.28748711850971065,Cairo,0,334,3902.0
Cairo_y2020.tif,29036,0.0,0.0,Cairo,0,261,3902.0
Cairo_y2020.tif,27016,0.0,0.0,Cairo,0,260,3902.0
Cairo_y2020.tif,22160,0.0,0.0,Cairo,0,310,3902.0
Cairo_y2020.tif,34436,0.0,0.0,Cairo,0,347,3902.0
Cairo_y2020.tif,28458,0.0,0.0,Cairo,0,491,3902.0
Cairo_y2020.tif,46188,0.0,0.0,Cairo,0,504,3902.0
Cairo_y2020.tif,15028,0.0,0.0,Cairo,0,571,3902.0
Cairo_y2020.tif,146798,0.00014305372007793023,0.00014693660676575975,Cairo,0,978,3902.0
Cairo_y2020.tif,19439,0.0,0.0,Cairo,0,632,3902.0
Cairo_y2020.tif,1385,0.0,0.0,Cairo,1,603,3902.0
Cairo_y2020.tif,8244,0.28093158660844253,0.11547671033478894,Cairo,0,341,3902.0
Cairo_y2020.tif,850,0.831764705882353,0.3264000000000001,Cairo,1,336,3902.0
Cairo_y2020.tif,1045,0.9521531100478469,0.3444354066985646,Cairo,1,340,3902.0
Cairo_y2020.tif,1165,0.9974248927038627,0.3641673819742489,Cairo,1,339,3902.0
Cairo_y2020.tif,2514,0.29872712808273666,0.11656722354813047,Cairo,0,342,3902.0
Cairo_y2020.tif,16286,0.05814810266486553,0.04080160874370625,Cairo,0,355,3902.0
Cairo_y2020.tif,17592,0.2673942701227831,0.10808151432469305,Cairo,0,380,3902.0
Cairo_y2020.tif,2022,0.9060336300692384,0.34259149357072205,Cairo,1,383,3902.0
Cairo_y2020.tif,775,0.9561290322580646,0.34552903225806453,Cairo,1,384,3902.0
Cairo_y2020.tif,4650,0.0,0.0,Cairo,0,525,3902.0
Cairo_y2020.tif,2825,0.559646017699115,0.23062654867256638,Cairo,0,267,3902.0
Cairo_y2020.tif,597,1.0,0.387286432160804,Cairo,1,270,3902.0
Cairo_y2020.tif,1719,0.5904595695171612,0.2262332751599767,Cairo,0,280,3902.0
Cairo_y2020.tif,58846,6.797403391904293e-05,0.00047462869183971724,Cairo,0,360,3902.0
Cairo_y2020.tif,144118,0.009290997654699621,0.004731470045379481,Cairo,0,473,3902.0
Cairo_y2020.tif,15196,0.0,0.0,Cairo,0,490,3902.0
Cairo_y2020.tif,608,0.0,0.0,Cairo,1,533,3902.0
Cairo_y2020.tif,906,0.0,0.0,Cairo,0,548,3902.0
Cairo_y2020.tif,17696,0.0,0.0,Cairo,0,581,3902.0
Cairo_y2020.tif,592,0.0,0.0,Cairo,0,582,3902.0
Cairo_y2020.tif,957,0.0,0.0,Cairo,1,585,3902.0
Cairo_y2020.tif,965,0.0,0.0,Cairo,1,589,3902.0
Cairo_y2020.tif,903,0.0,0.0,Cairo,1,593,3902.0
Cairo_y2020.tif,1464,0.0,0.0,Cairo,0,590,3902.0
Cairo_y2020.tif,1341,0.0,0.0,Cairo,1,601,3902.0
Cairo_y2020.tif,3150,0.0,0.0,Cairo,0,619,3902.0
Cairo_y2020.tif,1092,0.0,0.0,Cairo,1,617,3902.0
Cairo_y2020.tif,734,0.0,0.0,Cairo,1,626,3902.0
Cairo_y2020.tif,1083,0.0,0.0,Cairo,0,635,3902.0
Cairo_y2020.tif,1036,0.0,0.0,Cairo,0,642,3902.0
Cairo_y2020.tif,2282,0.8422436459246275,0.3181617002629273,Cairo,0,239,3902.0
Cairo_y2020.tif,4486,0.8729380294248774,0.3286078912171199,Cairo,0,269,3902.0
Cairo_y2020.tif,2429,1.0,0.38064018114450393,Cairo,0,253,3902.0
Cairo_y2020.tif,3471,0.9236531259003169,0.3489628349178911,Cairo,0,295,3902.0
Cairo_y2020.tif,149658,0.10149808229429766,0.04385027863528845,Cairo,0,450,3902.0
Cairo_y2020.tif,6202,0.318445662689455,0.14661560786842956,Cairo,0,388,3902.0
Cairo_y2020.tif,1250,1.0,0.41635600000000006,Cairo,1,391,3902.0
Cairo_y2020.tif,733,1.0,0.4026603001364256,Cairo,1,393,3902.0
Cairo_y2020.tif,1343,1.0,0.41282576321667913,Cairo,1,392,3902.0
Cairo_y2020.tif,1712,1.0,0.3991705607476636,Cairo,0,402,3902.0
Cairo_y2020.tif,1292,0.9992260061919505,0.37969040247678015,Cairo,0,223,3902.0
Cairo_y2020.tif,3182,0.9962287869264613,0.38299654305468256,Cairo,0,235,3902.0
Cairo_y2020.tif,1082,0.9824399260628466,0.36100739371534196,Cairo,1,234,3902.0
Cairo_y2020.tif,1072,1.0,0.41531250000000003,Cairo,0,238,3902.0
Cairo_y2020.tif,1264,0.9359177215189873,0.36634493670886076,Cairo,1,243,3902.0
Cairo_y2020.tif,1565,0.5929712460063897,0.2225047923322684,Cairo,0,251,3902.0
Cairo_y2020.tif,5192,0.49441448382126346,0.2202253466872111,Cairo,0,274,3902.0
Cairo_y2020.tif,14156,0.1583074314778186,0.08238379485730432,Cairo,0,305,3902.0
Cairo_y2020.tif,14099,0.019079367331016384,0.030574154195333002,Cairo,0,326,3902.0
Cairo_y2020.tif,10396,0.2151789149672951,0.1085686802616391,Cairo,0,427,3902.0
Cairo_y2020.tif,1523,0.9730794484569928,0.3364018384766907,Cairo,1,332,3902.0
Cairo_y2020.tif,728,1.0,0.395570054945055,Cairo,0,398,3902.0
Cairo_y2020.tif,647,1.0,0.41193199381761986,Cairo,0,397,3902.0
Cairo_y2020.tif,1773,1.0,0.4131895093062606,Cairo,1,401,3902.0
Cairo_y2020.tif,1531,0.9804049640757675,0.39026453298497715,Cairo,1,407,3902.0
Cairo_y2020.tif,728,1.0,0.4157417582417583,Cairo,1,408,3902.0
Cairo_y2020.tif,1079,0.9397590361445783,0.38452270620945317,Cairo,1,411,3902.0
Cairo_y2020.tif,1034,0.9932301740812379,0.39911025145067697,Cairo,1,416,3902.0
Cairo_y2020.tif,706,0.9390934844192634,0.35226628895184137,Cairo,0,423,3902.0
Cairo_y2020.tif,1366,0.890190336749634,0.3618704245973645,Cairo,1,425,3902.0
Cairo_y2020.tif,12630,0.22232779097387173,0.10311995249406175,Cairo,0,421,3902.0
Cairo_y2020.tif,3708,0.7990830636461704,0.297514832793959,Cairo,0,428,3902.0
Cairo_y2020.tif,2117,0.8379782711384034,0.25515115729806326,Cairo,0,433,3902.0
Cairo_y2020.tif,2100,0.8161904761904762,0.2717,Cairo,0,438,3902.0
Cairo_y2020.tif,4937,0.9402471136317602,0.3367601782458983,Cairo,0,439,3902.0
Cairo_y2020.tif,8233,0.9195918863111867,0.32114356856552895,Cairo,0,448,3902.0
Cairo_y2020.tif,5489,0.3958826744397887,0.16516487520495535,Cairo,0,446,3902.0
Cairo_y2020.tif,5608,0.44115549215406563,0.1731740370898716,Cairo,0,460,3902.0
Cairo_y2020.tif,3501,0.4661525278491859,0.1917580691231077,Cairo,0,465,3902.0
Cairo_y2020.tif,6472,0.6268541409147095,0.21876004326328802,Cairo,0,468,3902.0
Cairo_y2020.tif,34215,0.19640508548882069,0.09756408008183544,Cairo,0,488,3902.0
Cairo_y2020.tif,12619,0.22347254140581663,0.11810920041207704,Cairo,0,502,3902.0
Cairo_y2020.tif,3682,0.38077131993481805,0.18699891363389462,Cairo,0,514,3902.0
Cairo_y2020.tif,2333,0.4024860694384912,0.19922631804543509,Cairo,0,513,3902.0
Cairo_y2020.tif,1592,0.8743718592964824,0.36944409547738694,Cairo,0,507,3902.0
Cairo_y2020.tif,1043,0.9894534995206136,0.42667785234899336,Cairo,0,509,3902.0
Cairo_y2020.tif,1021,0.9520078354554359,0.3379236043095005,Cairo,0,520,3902.0
Cairo_y2020.tif,1224,0.9215686274509803,0.3701674836601307,Cairo,1,516,3902.0
Cairo_y2020.tif,3160,0.9829113924050633,0.4076693037974684,Cairo,1,527,3902.0
Cairo_y2020.tif,991,0.941473259334006,0.3438799192734611,Cairo,1,531,3902.0
Cairo_y2020.tif,2579,1.0,0.36127181077937187,Cairo,0,430,3902.0
Cairo_y2020.tif,694,1.0,0.38347262247838615,Cairo,1,432,3902.0
Cairo_y2020.tif,408,1.0,0.37796568627450977,Cairo,1,431,3902.0
Cairo_y2020.tif,869,1.0,0.3602359033371692,Cairo,1,434,3902.0
Cairo_y2020.tif,9173,0.52283876594353,0.20614248337512264,Cairo,0,447,3902.0
Cairo_y2020.tif,8121,0.10380495012929442,0.06122152444280262,Cairo,0,466,3902.0
Cairo_y2020.tif,36199,0.0,0.0,Cairo,0,521,3902.0
Cairo_y2020.tif,18534,0.07024927160893493,0.028120481277651887,Cairo,0,588,3902.0
Cairo_y2020.tif,23515,0.06455453965553902,0.03210737826918988,Cairo,0,600,3902.0
Cairo_y2020.tif,710,1.0,0.4098732394366197,Cairo,1,599,3902.0
Cairo_y2020.tif,67062,0.004219975545018043,0.007930273478273837,Cairo,0,510,3902.0
Cairo_y2020.tif,56285,0.031002931509283113,0.012171715377098696,Cairo,0,587,3902.0
Cairo_y2020.tif,12724,0.2646966362779,0.11426477522791577,Cairo,0,620,3902.0
Cairo_y2020.tif,642,1.0,0.4217912772585669,Cairo,1,598,3902.0
Cairo_y2020.tif,875,1.0,0.4093828571428571,Cairo,0,609,3902.0
Cairo_y2020.tif,793,1.0,0.4174274905422446,Cairo,1,621,3902.0
Cairo_y2020.tif,1149,1.0,0.4143820713664056,Cairo,1,618,3902.0
Cairo_y2020.tif,516,1.0,0.40650193798449613,Cairo,1,630,3902.0
Cairo_y2020.tif,1962,0.9836901121304791,0.38061926605504587,Cairo,0,633,3902.0
Cairo_y2020.tif,1241,0.9991941982272361,0.404911361804996,Cairo,0,643,3902.0
Cairo_y2020.tif,21554,0.012016331075438433,0.012276607590238471,Cairo,0,343,3902.0
Cairo_y2020.tif,20603,0.1729359801970587,0.08035941367761976,Cairo,0,346,3902.0
Cairo_y2020.tif,19140,0.0002089864158829676,0.020868599791013586,Cairo,0,354,3902.0
Cairo_y2020.tif,2418,0.036393713813068655,0.03525227460711332,Cairo,0,1036,3902.0
Cairo_y2020.tif,18361,0.17575295463210064,0.07584554218179838,Cairo,0,1145,3902.0
Cairo_y2020.tif,8579,0.20841589928896143,0.09416598671173795,Cairo,0,1159,3902.0
Cairo_y2020.tif,1353,0.9992609016999261,0.37088322246858835,Cairo,0,1177,3902.0
Cairo_y2020.tif,1211,0.9636663914120561,0.3898843930635838,Cairo,0,1180,3902.0
Cairo_y2020.tif,1680,0.22976190476190475,0.18048511904761907,Cairo,0,1187,3902.0
Cairo_y2020.tif,720,0.075,0.14945138888888887,Cairo,0,1190,3902.0
Cairo_y2020.tif,1096,0.927007299270073,0.3017609489051095,Cairo,0,543,3902.0
Cairo_y2020.tif,1518,0.9703557312252964,0.3839393939393939,Cairo,1,546,3902.0
Cairo_y2020.tif,1482,0.9757085020242915,0.4055937921727395,Cairo,1,537,3902.0
Cairo_y2020.tif,2588,0.7789799072642968,0.30001738794435856,Cairo,0,547,3902.0
Cairo_y2020.tif,1086,0.9990791896869244,0.39110497237569064,Cairo,1,551,3902.0
Cairo_y2020.tif,948,0.26582278481012656,0.13477320675105486,Cairo,0,556,3902.0
Cairo_y2020.tif,763,0.8623853211009175,0.30384665792922677,Cairo,1,557,3902.0
Cairo_y2020.tif,6861,0.4204926395569159,0.19081839382014282,Cairo,0,563,3902.0
Cairo_y2020.tif,4206,0.21944840703756538,0.12179624346172134,Cairo,0,572,3902.0
Cairo_y2020.tif,4435,0.2656144306651635,0.15768320180383313,Cairo,0,583,3902.0
Cairo_y2020.tif,10968,0.12919401896425967,0.08641001094091903,Cairo,0,606,3902.0
Cairo_y2020.tif,3483,0.6347975882859603,0.21990956072351422,Cairo,0,627,3902.0
Cairo_y2020.tif,7332,0.5519639934533551,0.21620430987452263,Cairo,0,645,3902.0
Cairo_y2020.tif,2317,0.918429003021148,0.3122183858437635,Cairo,0,655,3902.0
Cairo_y2020.tif,3212,0.9072229140722291,0.3437173100871731,Cairo,0,662,3902.0
Cairo_y2020.tif,2131,0.993899577663069,0.39634678554669167,Cairo,1,677,3902.0
Cairo_y2020.tif,1145,0.7353711790393013,0.2505327510917031,Cairo,0,679,3902.0
Cairo_y2020.tif,1405,0.40711743772241993,0.19072597864768684,Cairo,0,694,3902.0
Cairo_y2020.tif,2176,0.8106617647058824,0.35351792279411764,Cairo,0,683,3902.0
Cairo_y2020.tif,1780,0.33370786516853934,0.2121769662921348,Cairo,1,689,3902.0
Cairo_y2020.tif,16725,0.30068759342301943,0.1333255605381166,Cairo,0,443,3902.0
Cairo_y2020.tif,9969,0.19560637977730966,0.09560487511284983,Cairo,0,449,3902.0
Cairo_y2020.tif,734,0.6771117166212534,0.2395640326975477,Cairo,0,455,3902.0
Cairo_y2020.tif,38827,0.036649754037139104,0.023415278028176268,Cairo,0,495,3902.0
Cairo_y2020.tif,5478,0.0,0.0,Cairo,0,519,3902.0
Cairo_y2020.tif,822,0.0,0.0,Cairo,0,524,3902.0
Cairo_y2020.tif,6750,0.010222222222222223,0.013857037037037036,Cairo,0,881,3902.0
Cairo_y2020.tif,12800,0.0471875,0.024077734375,Cairo,0,884,3902.0
Cairo_y2020.tif,1091,0.923923006416132,0.3313473877176902,Cairo,0,653,3902.0
Cairo_y2020.tif,782,0.7966751918158568,0.27713554987212274,Cairo,1,656,3902.0
Cairo_y2020.tif,2686,0.0,0.0,Cairo,1,505,3902.0
Cairo_y2020.tif,1203,0.0,0.0,Cairo,0,511,3902.0
Cairo_y2020.tif,2482,0.0,0.0,Cairo,0,526,3902.0
Cairo_y2020.tif,1119,0.0,0.0,Cairo,0,517,3902.0
Cairo_y2020.tif,1065,0.0,0.0,Cairo,1,522,3902.0
Cairo_y2020.tif,2507,0.0,0.0,Cairo,1,530,3902.0
Cairo_y2020.tif,1643,0.0,0.0,Cairo,0,534,3902.0
Cairo_y2020.tif,3138,0.0,0.0,Cairo,0,540,3902.0
Cairo_y2020.tif,1285,0.0,0.0,Cairo,0,541,3902.0
Cairo_y2020.tif,67136,0.0011469256434699713,0.002003619518589133,Cairo,0,650,3902.0
Cairo_y2020.tif,2129,0.6951620479098168,0.24248238609675904,Cairo,0,654,3902.0
Cairo_y2020.tif,1111,0.7254725472547254,0.27925742574257423,Cairo,0,651,3902.0
Cairo_y2020.tif,5786,0.6019702730729347,0.23060231593501554,Cairo,0,672,3902.0
Cairo_y2020.tif,17206,0.07660118563291875,0.04112693246541904,Cairo,0,785,3902.0
Cairo_y2020.tif,12504,0.12819897632757518,0.07061860204734485,Cairo,0,833,3902.0
Cairo_y2020.tif,1472,0.9891304347826086,0.4003125,Cairo,0,822,3902.0
Cairo_y2020.tif,1393,0.9956927494615937,0.4107860732232591,Cairo,1,859,3902.0
Cairo_y2020.tif,850,0.9905882352941177,0.40668823529411763,Cairo,0,863,3902.0
Cairo_y2020.tif,1429,0.9818054583624912,0.41333799860041986,Cairo,1,869,3902.0
Cairo_y2020.tif,575,0.8678260869565217,0.3624086956521739,Cairo,1,904,3902.0
Cairo_y2020.tif,4038,0.0,0.0,Cairo,0,535,3902.0
Cairo_y2020.tif,1946,0.0,0.0,Cairo,0,538,3902.0
Cairo_y2020.tif,7588,0.0,0.0,Cairo,0,561,3902.0
Cairo_y2020.tif,12641,0.0,0.0,Cairo,0,586,3902.0
Cairo_y2020.tif,13943,0.0,0.0,Cairo,0,638,3902.0
Cairo_y2020.tif,3445,0.0,0.0,Cairo,0,639,3902.0
Cairo_y2020.tif,66679,0.05226533091378095,0.026223623629628524,Cairo,0,942,3902.0
Cairo_y2020.tif,6553,0.19288875324278956,0.0925537921562643,Cairo,0,971,3902.0
Cairo_y2020.tif,20402,0.03793745711204784,0.044255220076463105,Cairo,0,1142,3902.0
Cairo_y2020.tif,5529,0.11955145595948634,0.08727618014107434,Cairo,0,1157,3902.0
Cairo_y2020.tif,20149,0.1484937217727927,0.06165442453719788,Cairo,0,793,3902.0
Cairo_y2020.tif,1105,0.6877828054298643,0.23302714932126697,Cairo,0,805,3902.0
Cairo_y2020.tif,512,0.826171875,0.28564453125,Cairo,0,798,3902.0
Cairo_y2020.tif,813,0.958179581795818,0.30793357933579335,Cairo,0,834,3902.0
Cairo_y2020.tif,1692,0.7157210401891253,0.2353191489361702,Cairo,0,827,3902.0
Cairo_y2020.tif,2245,0.6846325167037862,0.2535167037861915,Cairo,0,861,3902.0
Cairo_y2020.tif,1536,1.0,0.40073893229166674,Cairo,0,870,3902.0
Cairo_y2020.tif,555,1.0,0.3112522522522523,Cairo,0,882,3902.0
Cairo_y2020.tif,1281,0.8220140515222483,0.2795472287275566,Cairo,0,894,3902.0
Cairo_y2020.tif,487,1.0,0.3974229979466119,Cairo,0,887,3902.0
Cairo_y2020.tif,3416,0.16247072599531617,0.05884074941451991,Cairo,0,647,3902.0
Cairo_y2020.tif,15687,0.018104162682475937,0.011465863453815263,Cairo,0,780,3902.0
Cairo_y2020.tif,1770,0.12768361581920903,0.09874293785310734,Cairo,0,951,3902.0
Cairo_y2020.tif,751,1.0,0.3906990679094541,Cairo,1,965,3902.0
Cairo_y2020.tif,624,0.9855769230769231,0.36917467948717947,Cairo,1,986,3902.0
Cairo_y2020.tif,1134,0.9964726631393298,0.3916931216931217,Cairo,1,972,3902.0
Cairo_y2020.tif,1269,1.0,0.3722025216706068,Cairo,1,993,3902.0
Cairo_y2020.tif,585,1.0,0.3879401709401709,Cairo,1,1017,3902.0
Cairo_y2020.tif,1785,0.9971988795518207,0.4103305322128851,Cairo,1,1035,3902.0
Cairo_y2020.tif,953,0.9884575026232949,0.3944858342077649,Cairo,1,1034,3902.0
Cairo_y2020.tif,1203,0.9758935993349959,0.3408935993349958,Cairo,0,911,3902.0
Cairo_y2020.tif,1081,1.0,0.35541628122109165,Cairo,1,923,3902.0
Cairo_y2020.tif,1870,0.9807486631016042,0.39490909090909093,Cairo,1,928,3902.0
Cairo_y2020.tif,1474,1.0,0.4147727272727273,Cairo,0,931,3902.0
Cairo_y2020.tif,597,1.0,0.3805946398659966,Cairo,1,927,3902.0
Cairo_y2020.tif,409,1.0,0.39611246943765277,Cairo,1,940,3902.0
Cairo_y2020.tif,795,1.0,0.4391509433962264,Cairo,1,957,3902.0
Cairo_y2020.tif,720,1.0,0.41344444444444445,Cairo,1,962,3902.0
Cairo_y2020.tif,1165,1.0,0.39990128755364807,Cairo,1,954,3902.0
Cairo_y2020.tif,1164,1.0,0.42218213058419246,Cairo,1,998,3902.0
Cairo_y2020.tif,4109,0.77804818690679,0.34679240691165736,Cairo,0,949,3902.0
Cairo_y2020.tif,466,1.0,0.39726394849785407,Cairo,1,918,3902.0
Cairo_y2020.tif,499,1.0,0.44790581162324655,Cairo,1,924,3902.0
Cairo_y2020.tif,702,1.0,0.42245014245014245,Cairo,1,944,3902.0
Cairo_y2020.tif,1410,0.37659574468085105,0.18686524822695036,Cairo,0,960,3902.0
Cairo_y2020.tif,704,1.0,0.3966264204545455,Cairo,1,952,3902.0
Cairo_y2020.tif,5391,0.8690409942496754,0.3297894639213504,Cairo,0,1020,3902.0
Cairo_y2020.tif,1645,0.7027355623100304,0.2734133738601824,Cairo,0,1044,3902.0
Cairo_y2020.tif,1244,0.6382636655948553,0.25616961414790995,Cairo,1,1055,3902.0
Cairo_y2020.tif,877,0.9680729760547321,0.39273090079817563,Cairo,1,1069,3902.0
Cairo_y2020.tif,1910,1.0,0.4182984293193718,Cairo,1,1012,3902.0
Cairo_y2020.tif,1295,1.0,0.420015444015444,Cairo,1,1030,3902.0
Cairo_y2020.tif,756,1.0,0.4332208994708995,Cairo,1,1023,3902.0
Cairo_y2020.tif,790,1.0,0.42437974683544305,Cairo,1,1018,3902.0
Cairo_y2020.tif,676,1.0,0.4349556213017751,Cairo,1,1037,3902.0
Cairo_y2020.tif,1553,0.9987121699935608,0.41187379265936896,Cairo,1,1043,3902.0
Cairo_y2020.tif,1934,1.0,0.4331204756980352,Cairo,1,1058,3902.0
Cairo_y2020.tif,1715,1.0,0.3813381924198251,Cairo,1,1061,3902.0
Cairo_y2020.tif,975,1.0,0.4237897435897436,Cairo,1,1054,3902.0
Cairo_y2020.tif,557,1.0,0.4345870736086176,Cairo,1,1068,3902.0
Cairo_y2020.tif,433,0.08083140877598152,0.15825635103926095,Cairo,1,1074,3902.0
Cairo_y2020.tif,952,0.42331932773109243,0.19824054621848738,Cairo,1,1063,3902.0
Cairo_y2020.tif,1025,0.9746341463414634,0.4037219512195122,Cairo,1,1077,3902.0
Cairo_y2020.tif,614,0.9820846905537459,0.4029478827361564,Cairo,1,1084,3902.0
Cairo_y2020.tif,993,0.7009063444108762,0.26220040281973817,Cairo,1,1092,3902.0
Cairo_y2020.tif,705,0.9886524822695035,0.39787943262411346,Cairo,1,1091,3902.0
Cairo_y2020.tif,833,0.9099639855942377,0.35015606242497,Cairo,1,1100,3902.0
Cairo_y2020.tif,565,0.6194690265486725,0.25175221238938056,Cairo,1,1104,3902.0
Cairo_y2020.tif,11113,0.1768199406100963,0.07969225231710608,Cairo,0,1153,3902.0
Cairo_y2020.tif,6568,0.11281973203410475,0.06415956151035324,Cairo,0,1165,3902.0
Cairo_y2020.tif,14139,0.0,0.018896315156658888,Cairo,0,159,3902.0
Cairo_y2020.tif,69035,0.01144347070326646,0.014063735786195408,Cairo,0,188,3902.0
Cairo_y2020.tif,193731,0.03009327366296566,0.03354525088911945,Cairo,0,349,3902.0
Cairo_y2020.tif,69164,0.05147186397547857,0.06217562604823319,Cairo,0,441,3902.0
Cairo_y2020.tif,12963,0.2149965285813469,0.0995514155673841,Cairo,0,2,3902.0
Cairo_y2020.tif,40448,0.025365901898734177,0.030014957476265824,Cairo,0,21,3902.0
Cairo_y2020.tif,12796,0.00031259768677711783,0.022751641137855584,Cairo,0,30,3902.0
Cairo_y2020.tif,5310,0.02862523540489642,0.0864491525423729,Cairo,0,31,3902.0
Cairo_y2020.tif,2872,0.29909470752089135,0.15269150417827299,Cairo,0,35,3902.0
Cairo_y2020.tif,38100,0.10047244094488189,0.06194475065616799,Cairo,0,57,3902.0
Cairo_y2020.tif,12347,0.09824248805377825,0.04232202154369482,Cairo,0,4,3902.0
Cairo_y2020.tif,6689,0.29615787113170877,0.13519808641052472,Cairo,0,3,3902.0
Cairo_y2020.tif,14929,0.17871257284479872,0.08840846674258154,Cairo,0,9,3902.0
Cairo_y2020.tif,2889,0.7930079612322603,0.33036171685704396,Cairo,0,16,3902.0
Cairo_y2020.tif,12021,0.23833291739455953,0.10939397720655518,Cairo,0,22,3902.0
Cairo_y2020.tif,2607,0.8622938243191408,0.33357307249712315,Cairo,0,18,3902.0
Cairo_y2020.tif,19620,0.07191641182466871,0.03966666666666667,Cairo,0,28,3902.0
Cairo_y2020.tif,1939,1.0,0.37737235688499227,Cairo,0,25,3902.0
Cairo_y2020.tif,5916,0.0,0.0,Cairo,0,37,3902.0
Cairo_y2020.tif,10489,0.1245113928877872,0.053838306797597484,Cairo,0,1,3902.0
Cairo_y2020.tif,4361,0.35496445769318963,0.1491458381105251,Cairo,0,0,3902.0
Cairo_y2020.tif,4027,1.0,0.37509436304941646,Cairo,1,6,3902.0
Cairo_y2020.tif,1652,0.9897094430992736,0.36833232445520575,Cairo,1,5,3902.0
Cairo_y2020.tif,3282,0.9783668494820231,0.3428702010968922,Cairo,0,7,3902.0
Cairo_y2020.tif,10430,0.33489932885906043,0.14920038350910836,Cairo,0,10,3902.0
Cairo_y2020.tif,7423,0.7308365889801967,0.2726606493331537,Cairo,0,11,3902.0
Cairo_y2020.tif,2860,0.9234265734265734,0.36570454545454545,Cairo,0,14,3902.0
Cairo_y2020.tif,2359,0.9970326409495549,0.37280203476049173,Cairo,1,15,3902.0
Cairo_y2020.tif,2912,0.9230769230769231,0.33073317307692307,Cairo,0,13,3902.0
Cairo_y2020.tif,4048,0.5662055335968379,0.2541576086956522,Cairo,0,20,3902.0
Cairo_y2020.tif,2655,0.991713747645951,0.3726271186440678,Cairo,0,19,3902.0
Cairo_y2020.tif,2807,0.8888493053081582,0.33719451371571074,Cairo,0,23,3902.0
Cairo_y2020.tif,2741,0.9959868661072602,0.3758755928493251,Cairo,1,24,3902.0
Cairo_y2020.tif,4207,0.852864273829332,0.3307772759686237,Cairo,0,27,3902.0
Cairo_y2020.tif,4436,0.8884129846708747,0.32596257889990976,Cairo,1,26,3902.0
Cairo_y2020.tif,20589,0.08980523580552723,0.06781703822429452,Cairo,0,90,3902.0
Cairo_y2020.tif,4263,0.46235045742434905,0.22992493549143797,Cairo,0,113,3902.0
Cairo_y2020.tif,1724,0.8996519721577726,0.3314298143851508,Cairo,1,118,3902.0
Cairo_y2020.tif,14465,0.34372623574144484,0.1434414103007259,Cairo,0,127,3902.0
Cairo_y2020.tif,105662,0.012918551607957449,0.007397030152751225,Cairo,0,77,3902.0
Cairo_y2020.tif,17262,0.10995249681381068,0.0722277256401344,Cairo,0,143,3902.0
Cairo_y2020.tif,27345,0.08703602121045895,0.06332528798683489,Cairo,0,152,3902.0
Cairo_y2020.tif,7022,0.06878382227285673,0.09334804898889205,Cairo,0,148,3902.0
Cairo_y2020.tif,3702,0.4119394921663965,0.15950567260940032,Cairo,0,193,3902.0
Cairo_y2020.tif,8429,0.2194803654051489,0.13124866532210228,Cairo,0,198,3902.0
Cairo_y2020.tif,4422,0.952962460425147,0.36251922207146087,Cairo,0,203,3902.0
Cairo_y2020.tif,1224,0.6405228758169934,0.2606903594771242,Cairo,0,199,3902.0
Cairo_y2020.tif,4315,0.9645422943221321,0.3500938586326768,Cairo,0,211,3902.0
Cairo_y2020.tif,9313,0.5386019542574896,0.23483732417051434,Cairo,0,215,3902.0
Cairo_y2020.tif,1629,0.8612645794966237,0.2802731737262124,Cairo,0,622,3902.0
Cairo_y2020.tif,8771,0.7552160529016075,0.2746602439858626,Cairo,1,669,3902.0
Cairo_y2020.tif,1529,0.9254414650098103,0.2995323741007194,Cairo,0,658,3902.0
Cairo_y2020.tif,20335,0.0,0.013644455372510451,Cairo,0,560,3902.0
Cairo_y2020.tif,10907,0.10332813789309618,0.06638030622535986,Cairo,0,578,3902.0
Cairo_y2020.tif,1929,0.9051321928460342,0.2746241575946086,Cairo,0,591,3902.0
Cairo_y2020.tif,6832,0.6713992974238876,0.2141737412177986,Cairo,0,614,3902.0
Cairo_y2020.tif,2688,0.8578869047619048,0.2927139136904762,Cairo,0,597,3902.0
Cairo_y2020.tif,1099,0.8707916287534122,0.2762602365787079,Cairo,0,595,3902.0
Cairo_y2020.tif,1601,0.5171767645221736,0.1702841973766396,Cairo,0,610,3902.0
Cairo_y2020.tif,3040,0.6996710526315789,0.23403947368421052,Cairo,0,613,3902.0
Cairo_y2020.tif,1613,0.8493490390576566,0.25963422194668323,Cairo,0,607,3902.0
Cairo_y2020.tif,269466,0.060935331359058285,0.049920528007243954,Cairo,0,553,3902.0
Cairo_y2020.tif,356080,0.025477420804313637,0.030235677375870594,Cairo,0,741,3902.0
Cairo_y2020.tif,1411,0.9943302622253721,0.38351169383416017,Cairo,1,670,3902.0
Cairo_y2020.tif,2252,1.0,0.3897935168738899,Cairo,0,685,3902.0
Cairo_y2020.tif,954,0.9884696016771488,0.3412526205450734,Cairo,0,688,3902.0
Cairo_y2020.tif,1583,0.8862918509159823,0.2666708780795957,Cairo,0,698,3902.0
Cairo_y2020.tif,8457,0.1643608844743999,0.09037010760316898,Cairo,0,773,3902.0
Cairo_y2020.tif,644,0.0,0.048555900621118,Cairo,0,738,3902.0
Cairo_y2020.tif,411,0.0,0.10354014598540145,Cairo,1,749,3902.0
Cairo_y2020.tif,2534,0.0,0.027788082083662197,Cairo,0,779,3902.0
Cairo_y2020.tif,9497,0.0,0.014360850794987893,Cairo,0,549,3902.0
Cairo_y2020.tif,7567,0.11100832562442182,0.0661589797806264,Cairo,0,554,3902.0
Cairo_y2020.tif,9118,0.23184908971265628,0.10428767273524896,Cairo,0,558,3902.0
Cairo_y2020.tif,1986,0.5025176233635448,0.1870568982880161,Cairo,0,552,3902.0
Cairo_y2020.tif,4572,0.2521872265966754,0.11763451443569554,Cairo,0,564,3902.0
Cairo_y2020.tif,5492,0.32611070648215584,0.13983703568827383,Cairo,0,559,3902.0
Cairo_y2020.tif,3197,0.35157960588051296,0.13296527994995308,Cairo,0,566,3902.0
Cairo_y2020.tif,3807,0.43997898607827685,0.17591673233517205,Cairo,0,567,3902.0
Cairo_y2020.tif,3283,0.4020712762717027,0.1316722509899482,Cairo,0,570,3902.0
Cairo_y2020.tif,8955,0.2977107761027359,0.13836627582356228,Cairo,0,574,3902.0
Cairo_y2020.tif,2263,0.08837825894829872,0.08743482103402564,Cairo,0,573,3902.0
Cairo_y2020.tif,2774,0.00829127613554434,0.025675919250180243,Cairo,0,579,3902.0
Cairo_y2020.tif,12552,0.19407265774378585,0.09474147546207777,Cairo,0,592,3902.0
Cairo_y2020.tif,2744,0.9817784256559767,0.33913265306122453,Cairo,0,580,3902.0
Cairo_y2020.tif,12208,0.1731651376146789,0.07725999344692006,Cairo,0,634,3902.0
Cairo_y2020.tif,14540,0.0,0.02171148555708391,Cairo,0,608,3902.0
Cairo_y2020.tif,2436,0.3866995073891626,0.1579392446633826,Cairo,0,594,3902.0
Cairo_y2020.tif,1637,0.1148442272449603,0.07185705558949297,Cairo,0,596,3902.0
Cairo_y2020.tif,9046,0.19257130223303118,0.08678531947822242,Cairo,0,646,3902.0
Cairo_y2020.tif,3888,0.001800411522633745,0.03206147119341564,Cairo,0,644,3902.0
Cairo_y2020.tif,1154,0.5155979202772963,0.18765597920277297,Cairo,0,623,3902.0
Cairo_y2020.tif,14086,0.11309101235269062,0.07500638932273179,Cairo,0,637,3902.0
Cairo_y2020.tif,1405,0.017793594306049824,0.1098185053380783,Cairo,0,652,3902.0
Cairo_y2020.tif,1077,0.34447539461467036,0.1915877437325905,Cairo,0,661,3902.0
Cairo_y2020.tif,1802,0.19311875693673697,0.12109045504994449,Cairo,0,666,3902.0
Cairo_y2020.tif,1642,0.7728380024360536,0.26416869671132764,Cairo,0,671,3902.0
Cairo_y2020.tif,6304,0.1833756345177665,0.07970732868020305,Cairo,0,692,3902.0
Cairo_y2020.tif,2134,0.3416119962511715,0.1723945641986879,Cairo,0,681,3902.0
Cairo_y2020.tif,1286,0.4432348367029549,0.1773289269051322,Cairo,0,686,3902.0
Cairo_y2020.tif,1748,0.16590389016018306,0.10573512585812359,Cairo,0,693,3902.0
Cairo_y2020.tif,2047,0.6140693698094772,0.22664142647777236,Cairo,0,667,3902.0
Cairo_y2020.tif,1363,0.8151137197358768,0.24325752017608218,Cairo,0,675,3902.0
Cairo_y2020.tif,1347,0.7542687453600594,0.2579064587973274,Cairo,0,682,3902.0
Cairo_y2020.tif,11438,0.29305822696275574,0.12985705542927084,Cairo,0,699,3902.0
Cairo_y2020.tif,2085,0.7371702637889688,0.2708537170263789,Cairo,0,707,3902.0
Cairo_y2020.tif,1931,0.7607457276022787,0.23631538063179702,Cairo,0,708,3902.0
Cairo_y2020.tif,2123,0.6490814884597268,0.20923457371643903,Cairo,0,729,3902.0
Cairo_y2020.tif,1128,0.8040780141843972,0.27939273049645386,Cairo,0,725,3902.0
Cairo_y2020.tif,559,0.4329159212880143,0.2007334525939177,Cairo,0,727,3902.0
Cairo_y2020.tif,1343,0.9865971705137752,0.3350595681310499,Cairo,0,726,3902.0
Cairo_y2020.tif,5148,0.08255633255633256,0.05892482517482518,Cairo,0,539,3902.0
Cairo_y2020.tif,4649,0.02581200258120026,0.04276403527640353,Cairo,0,542,3902.0
Cairo_y2020.tif,8026,0.07238973336655868,0.06666645900822328,Cairo,0,550,3902.0
Cairo_y2020.tif,5836,0.07230980123372173,0.046828307059629884,Cairo,0,555,3902.0
Cairo_y2020.tif,6746,0.02949896234805811,0.05010005929439669,Cairo,0,562,3902.0
Cairo_y2020.tif,6358,0.006134004403900598,0.024670493865995593,Cairo,0,569,3902.0
Cairo_y2020.tif,20187,4.953683063357606e-05,0.027154604448407393,Cairo,0,577,3902.0
Cairo_y2020.tif,50751,0.01241354850150736,0.017690291816910016,El Showeifat District,0,0,3989.0
Cairo_y2020.tif,21627,0.06348545799232441,0.04324478660933093,El Showeifat District,0,1,3989.0
Cairo_y2020.tif,41014,0.0,0.009168454674013752,Cairo,0,711,3902.0
Cairo_y2020.tif,5321,0.0,0.03487878218380004,Cairo,0,710,3902.0
Cairo_y2020.tif,6910,0.1175108538350217,0.061746020260492036,El Showeifat District,0,2,3989.0
Cairo_y2020.tif,5761,0.12376323554938379,0.10164815136261066,El Showeifat District,0,25,3989.0
Cairo_y2020.tif,13541,0.19378184772173399,0.10119968983088397,El Showeifat District,0,27,3989.0
Cairo_y2020.tif,7162,0.23108070371404635,0.11314786372521642,El Showeifat District,0,26,3989.0
Cairo_y2020.tif,19685,0.032969265938531875,0.03482702565405132,El Showeifat District,0,31,3989.0
Cairo_y2020.tif,1512,0.6646825396825397,0.24028439153439154,Cairo,0,6880,3902.0
Cairo_y2020.tif,22099,0.007964161274265804,0.012875921987420247,Cairo,0,7229,3902.0
Cairo_y2020.tif,2953,0.04808669150016932,0.06515577378936675,Cairo,0,568,3902.0
Cairo_y2020.tif,5246,0.08292032024399543,0.06290792985131528,Cairo,0,576,3902.0
Cairo_y2020.tif,1664,0.010216346153846154,0.05414963942307693,Cairo,0,575,3902.0
Cairo_y2020.tif,6728,0.02809155766944114,0.042923602853745545,Cairo,0,584,3902.0
Cairo_y2020.tif,15961,0.01522460998684293,0.03341144038594073,Cairo,0,625,3902.0
Cairo_y2020.tif,29758,0.0066536729618926005,0.024075542711203712,Cairo,0,663,3902.0
Cairo_y2020.tif,2008,0.0,0.020505478087649406,Cairo,0,636,3902.0
Cairo_y2020.tif,9954,0.0008036970062286518,0.023270042194092833,Cairo,0,659,3902.0
Cairo_y2020.tif,3080,0.0,0.02245292207792208,Cairo,0,665,3902.0
Cairo_y2020.tif,1559,0.0,0.03202052597819115,Cairo,0,657,3902.0
Cairo_y2020.tif,23547,0.08153904956045356,0.03533889667473564,Cairo,0,8,3902.0
Cairo_y2020.tif,3006,0.8107119095143047,0.2932534930139721,Cairo,0,12,3902.0
Cairo_y2020.tif,3337,0.8825292178603537,0.28130356607731494,Cairo,0,17,3902.0
Cairo_y2020.tif,605,0.0,0.0,Al Ayyat,1,117,3972.0
Cairo_y2020.tif,27585,0.0,0.0,Cairo,0,42,3902.0
Cairo_y2020.tif,113341,0.0,0.0,Cairo,0,78,3902.0
Cairo_y2020.tif,2870,0.7564459930313588,0.2929947735191638,Cairo,0,124,3902.0
Cairo_y2020.tif,50543,0.003581109154581248,0.002742021644935995,Cairo,0,80,3902.0
Cairo_y2020.tif,46702,0.0,0.0,Cairo,0,76,3902.0
Cairo_y2020.tif,32950,0.08664643399089529,0.04044764795144158,Cairo,0,131,3902.0
Cairo_y2020.tif,6996,0.582904516866781,0.24339908519153805,Cairo,0,135,3902.0
Cairo_y2020.tif,1510,1.0,0.40012582781456957,Cairo,0,132,3902.0
Cairo_y2020.tif,14031,0.0,0.0013808709286579717,Cairo,0,39,3902.0
Cairo_y2020.tif,2459,0.0,0.0,Cairo,0,41,3902.0
Cairo_y2020.tif,2258,0.0,0.0,Cairo,0,45,3902.0
Cairo_y2020.tif,7731,0.0,0.0,Cairo,0,62,3902.0
Cairo_y2020.tif,79480,0.014481630598892804,0.014616570206341217,Cairo,0,125,3902.0
Cairo_y2020.tif,31436,0.09050133604784323,0.04266191627433515,Cairo,0,133,3902.0
Cairo_y2020.tif,3066,0.9494455316373125,0.35814416177429875,Cairo,0,136,3902.0
Cairo_y2020.tif,2221,0.895092300765421,0.35240432237730757,Cairo,0,141,3902.0
Cairo_y2020.tif,2148,1.0,0.42067737430167595,Cairo,0,144,3902.0
Cairo_y2020.tif,2877,0.9683698296836983,0.33636426833507127,Cairo,0,145,3902.0
Cairo_y2020.tif,1294,0.9976816074188563,0.3628941267387944,Cairo,0,129,3902.0
Cairo_y2020.tif,1726,1.0,0.39439745075318655,Cairo,1,130,3902.0
Cairo_y2020.tif,1430,0.9979020979020979,0.39113636363636367,Cairo,0,134,3902.0
Cairo_y2020.tif,3827,0.827279853671283,0.31283773190488634,Cairo,1,137,3902.0
Cairo_y2020.tif,2169,1.0,0.4001567542646381,Cairo,0,140,3902.0
Cairo_y2020.tif,3656,0.8057986870897156,0.3231605579868709,Cairo,0,142,3902.0
Cairo_y2020.tif,2996,0.9035380507343124,0.32129506008010683,Cairo,0,146,3902.0
Cairo_y2020.tif,29481,0.06804382483633527,0.028947288083850616,Cairo,0,172,3902.0
Cairo_y2020.tif,11280,0.0399822695035461,0.024004432624113472,Cairo,0,173,3902.0
Cairo_y2020.tif,5380,0.0,0.0,Cairo,0,183,3902.0
Cairo_y2020.tif,5237,0.572083253771243,0.24278976513270953,Cairo,0,149,3902.0
Cairo_y2020.tif,32738,0.0858940680554707,0.042270602969026815,Cairo,0,195,3902.0
Cairo_y2020.tif,2890,0.9107266435986159,0.3425847750865052,Cairo,0,190,3902.0
Cairo_y2020.tif,8837,0.40239900418694124,0.19485345705556184,Cairo,0,205,3902.0
Cairo_y2020.tif,2776,0.9589337175792507,0.3788526657060519,Cairo,0,201,3902.0
Cairo_y2020.tif,2381,0.992440151196976,0.34935111297774046,Cairo,0,207,3902.0
Cairo_y2020.tif,2053,0.939113492450073,0.33361909400876766,Cairo,0,213,3902.0
Cairo_y2020.tif,5085,0.8064896755162242,0.31370993117010815,Cairo,0,216,3902.0
Cairo_y2020.tif,1915,0.5859007832898172,0.236668407310705,Cairo,0,217,3902.0
Cairo_y2020.tif,33814,0.0715384160406932,0.05288312533270243,Cairo,0,225,3902.0
Cairo_y2020.tif,42175,0.12893894487255483,0.05780486069946651,Cairo,0,167,3902.0
Cairo_y2020.tif,63156,0.03644942681613782,0.019274811577680663,Cairo,0,191,3902.0
Cairo_y2020.tif,11198,0.23647079835684945,0.10465931416324342,Cairo,0,219,3902.0
Cairo_y2020.tif,10257,0.41649605147704005,0.17872672321341526,Cairo,0,221,3902.0
Cairo_y2020.tif,28152,0.14716538789428815,0.06402511366865586,Cairo,0,237,3902.0
Cairo_y2020.tif,3494,0.5002862049227247,0.22575558099599313,Cairo,0,241,3902.0
Cairo_y2020.tif,11081,0.09105676382997924,0.03760761664109737,Cairo,0,306,3902.0
Cairo_y2020.tif,18080,0.19856194690265486,0.0922303650442478,Cairo,0,311,3902.0
Cairo_y2020.tif,7848,0.4274974515800204,0.17271980122324157,Cairo,0,324,3902.0
Cairo_y2020.tif,5665,0.4706090026478376,0.16389938217122685,Cairo,0,329,3902.0
Cairo_y2020.tif,78008,0.00026920315865039483,0.0006648036098861655,Cairo,0,214,3902.0
Cairo_y2020.tif,61211,0.04909248337717077,0.024329287219617385,Cairo,0,227,3902.0
Cairo_y2020.tif,11846,0.2433732905622151,0.10737548539591421,Cairo,0,244,3902.0
Cairo_y2020.tif,2217,1.0,0.401150202976996,Cairo,0,254,3902.0
Cairo_y2020.tif,2309,1.0,0.3917886530965786,Cairo,0,271,3902.0
Cairo_y2020.tif,4875,0.9665641025641025,0.3772615384615385,Cairo,0,291,3902.0
Cairo_y2020.tif,3608,0.7996119733924612,0.30646341463414634,Cairo,0,308,3902.0
Cairo_y2020.tif,7568,0.796115221987315,0.31117005813953486,Cairo,0,318,3902.0
Cairo_y2020.tif,3205,0.9042121684867395,0.3462215288611544,Cairo,1,320,3902.0
Cairo_y2020.tif,1522,0.9960578186596584,0.3744250985545335,Cairo,1,328,3902.0
Cairo_y2020.tif,3360,0.3636904761904762,0.15994494047619046,Cairo,0,54,3902.0
Cairo_y2020.tif,4224,0.5809659090909091,0.23743726325757575,Cairo,0,52,3902.0
Cairo_y2020.tif,2273,0.6436427628684558,0.25649582050153974,Cairo,0,61,3902.0
Cairo_y2020.tif,17406,0.0059749511662645065,0.03561789038262669,Cairo,0,74,3902.0
Cairo_y2020.tif,2198,0.6483166515013649,0.25004094631483165,Cairo,0,66,3902.0
Cairo_y2020.tif,3530,0.22691218130311613,0.1333031161473088,Cairo,0,72,3902.0
Cairo_y2020.tif,4709,0.19706944149500955,0.16912295604162242,Cairo,0,102,3902.0
Cairo_y2020.tif,13886,0.19984156704594555,0.08554551346680112,Cairo,0,122,3902.0
Cairo_y2020.tif,9875,0.0,0.0004182278481012659,Cairo,0,154,3902.0
Cairo_y2020.tif,6732,0.18924539512774807,0.09436497326203208,Cairo,0,210,3902.0
Cairo_y2020.tif,27657,0.0952019380265394,0.04828289402321293,Cairo,0,147,3902.0
Cairo_y2020.tif,6232,0.011553273427471117,0.03639040436456996,Cairo,0,151,3902.0
Cairo_y2020.tif,25995,0.007886131948451626,0.012179072898634355,Cairo,0,175,3902.0
Cairo_y2020.tif,9148,0.30312636641888935,0.14619698294709227,Cairo,0,182,3902.0
Cairo_y2020.tif,15483,0.18923981140605825,0.0974604404831105,Cairo,0,196,3902.0
Cairo_y2020.tif,1569,0.8451242829827916,0.33800191204588914,Cairo,0,204,3902.0
Cairo_y2020.tif,2832,0.9837570621468926,0.3661370056497176,Cairo,0,200,3902.0
Cairo_y2020.tif,3205,0.982839313572543,0.37340249609984394,Cairo,0,206,3902.0
Cairo_y2020.tif,4802,0.8721366097459392,0.349667846730529,Cairo,0,212,3902.0
Cairo_y2020.tif,5441,0.7235802242234883,0.2571365557801875,Cairo,0,218,3902.0
Cairo_y2020.tif,9784,0.08800081766148814,0.05948078495502862,Cairo,0,222,3902.0
Cairo_y2020.tif,1431,0.9951083158630328,0.38038784067085957,Cairo,0,248,3902.0
Cairo_y2020.tif,34160,0.2766393442622951,0.14384060304449647,Cairo,0,294,3902.0
Cairo_y2020.tif,2662,0.9988730277986476,0.40083771600300533,Cairo,0,281,3902.0
Cairo_y2020.tif,1259,0.9992057188244639,0.4138641779189834,Cairo,0,289,3902.0
Cairo_y2020.tif,4620,0.9246753246753247,0.37589935064935065,Cairo,0,304,3902.0
Cairo_y2020.tif,214759,0.026904576758133535,0.03824654612845096,Cairo,0,461,3902.0
Cairo_y2020.tif,2020,0.9331683168316832,0.2650173267326733,Cairo,0,417,3902.0
Cairo_y2020.tif,3450,0.826376811594203,0.2996173913043478,Cairo,0,420,3902.0
Cairo_y2020.tif,7115,0.7546029515108925,0.25560084328882643,Cairo,0,429,3902.0
Cairo_y2020.tif,7965,0.04130571249215317,0.044794726930320154,Cairo,0,224,3902.0
Cairo_y2020.tif,3602,0.5591338145474736,0.24125069405885616,Cairo,0,236,3902.0
Cairo_y2020.tif,2413,1.0,0.41601947782842935,Cairo,0,250,3902.0
Cairo_y2020.tif,3461,0.847442935567755,0.31518636232302805,Cairo,0,288,3902.0
Cairo_y2020.tif,3050,0.7773770491803279,0.304227868852459,Cairo,0,298,3902.0
Cairo_y2020.tif,227399,0.020971947985699145,0.036280480564998094,Cairo,0,366,3902.0
Cairo_y2020.tif,1216,1.0,0.4240254934210526,Cairo,1,512,3902.0
Cairo_y2020.tif,1426,1.0,0.3627559607293127,Cairo,1,523,3902.0
Cairo_y2020.tif,1281,0.9172521467603435,0.3830952380952381,Cairo,1,536,3902.0
Cairo_y2020.tif,1639,1.0,0.42195851128737044,Cairo,1,673,3902.0
Cairo_y2020.tif,15777,0.13798567535019332,0.0924456487291627,Cairo,0,284,3902.0
Cairo_y2020.tif,412,0.0,0.042924757281553406,Cairo,0,734,3902.0
Cairo_y2020.tif,3154,0.3414711477488903,0.14699270767279646,Cairo,0,736,3902.0
Cairo_y2020.tif,2080,0.34326923076923077,0.13530769230769232,Cairo,0,757,3902.0
Cairo_y2020.tif,442,0.0,0.035079185520361995,Cairo,1,746,3902.0
Cairo_y2020.tif,1664,0.29927884615384615,0.12751802884615385,Cairo,0,762,3902.0
Cairo_y2020.tif,918,0.528322440087146,0.1639488017429194,Cairo,0,748,3902.0
Cairo_y2020.tif,506,0.0,0.05276679841897234,Cairo,0,763,3902.0
Cairo_y2020.tif,2514,0.2947494033412888,0.1328400954653938,Cairo,0,794,3902.0
Cairo_y2020.tif,1022,0.8277886497064579,0.2279109589041096,Cairo,0,777,3902.0
Cairo_y2020.tif,5494,0.5622497269748817,0.2146687295231161,Cairo,0,435,3902.0
Cairo_y2020.tif,1658,0.9903498190591074,0.3393455971049457,Cairo,0,437,3902.0
Cairo_y2020.tif,7118,0.3899971902219725,0.16745293621803878,Cairo,0,462,3902.0
Cairo_y2020.tif,4840,0.7266528925619835,0.2711931818181818,Cairo,0,487,3902.0
Cairo_y2020.tif,10690,0.5011225444340505,0.20843592142188963,Cairo,0,492,3902.0
Cairo_y2020.tif,5211,0.7647284590289771,0.26647860295528686,Cairo,0,493,3902.0
Cairo_y2020.tif,1376,1.0,0.43163880813953487,Cairo,1,498,3902.0
Cairo_y2020.tif,2264,0.38162544169611307,0.18695229681978798,Cairo,0,500,3902.0
Cairo_y2020.tif,1718,1.0,0.42215075669382995,Cairo,1,497,3902.0
Cairo_y2020.tif,1539,1.0,0.4255100714749837,Cairo,1,506,3902.0
Cairo_y2020.tif,1601,1.0,0.42764834478450964,Cairo,1,508,3902.0
Cairo_y2020.tif,1902,1.0,0.4135068349106204,Cairo,1,515,3902.0
Cairo_y2020.tif,2135,1.0,0.41691569086651054,Cairo,1,518,3902.0
Cairo_y2020.tif,1065,1.0,0.4358356807511737,Cairo,1,528,3902.0
Cairo_y2020.tif,1219,0.9827727645611156,0.36757588187038553,Cairo,1,529,3902.0
Cairo_y2020.tif,1359,0.9985283296541575,0.4155997056659308,Cairo,0,532,3902.0
Cairo_y2020.tif,6470,0.5825347758887172,0.2596831530139104,Cairo,1,545,3902.0
Cairo_y2020.tif,1126,1.0,0.4326554174067495,Cairo,1,544,3902.0
Cairo_y2020.tif,41525,0.07549668874172186,0.055007465382299815,Cairo,0,631,3902.0
Cairo_y2020.tif,28004,0.1128767318954435,0.06166136980431367,Cairo,0,701,3902.0
Cairo_y2020.tif,1783,0.9489624228827819,0.3423387549074594,Cairo,1,664,3902.0
Cairo_y2020.tif,1176,0.8571428571428571,0.3253401360544218,Cairo,1,697,3902.0
Cairo_y2020.tif,3522,0.3151618398637138,0.16059341283361728,Cairo,0,715,3902.0
Cairo_y2020.tif,5113,0.21083512614903188,0.1208957559162918,Cairo,0,709,3902.0
Cairo_y2020.tif,2526,0.3606492478226445,0.19110649247822645,Cairo,1,728,3902.0
Cairo_y2020.tif,1528,0.9456806282722513,0.294342277486911,Cairo,0,743,3902.0
Cairo_y2020.tif,1408,0.4041193181818182,0.18437855113636362,Cairo,0,735,3902.0
Cairo_y2020.tif,1122,0.393048128342246,0.17751336898395723,Cairo,0,775,3902.0
Cairo_y2020.tif,1510,0.8490066225165563,0.25856622516556294,Cairo,0,759,3902.0
Cairo_y2020.tif,6094,0.41138825073843127,0.1839013784049885,Cairo,0,806,3902.0
Cairo_y2020.tif,1293,0.9690641918020109,0.36412993039443153,Cairo,1,674,3902.0
Cairo_y2020.tif,4647,0.9343662578007317,0.33586937809339357,Cairo,1,719,3902.0
Cairo_y2020.tif,3549,0.3637644406875176,0.17214003944773174,Cairo,1,747,3902.0
Cairo_y2020.tif,9912,0.18462469733656175,0.09832778450363196,Cairo,0,836,3902.0
Cairo_y2020.tif,3807,0.11242448121880746,0.08321907013396375,Cairo,0,902,3902.0
Cairo_y2020.tif,1320,0.27045454545454545,0.16106060606060604,Cairo,1,858,3902.0
Cairo_y2020.tif,2604,0.8352534562211982,0.31855030721966204,Cairo,1,899,3902.0
Cairo_y2020.tif,1302,0.7219662058371735,0.2417665130568356,Cairo,0,933,3902.0
Cairo_y2020.tif,5414,0.7789065386036202,0.2934235315847802,Cairo,0,989,3902.0
Cairo_y2020.tif,3603,0.6300305301137941,0.24158895364973632,Cairo,0,984,3902.0
Cairo_y2020.tif,468,0.1987179487179487,0.17561965811965816,Cairo,0,765,3902.0
Cairo_y2020.tif,1040,0.0028846153846153848,0.0668798076923077,Cairo,0,772,3902.0
Cairo_y2020.tif,824,0.0,0.04595266990291262,Cairo,0,778,3902.0
Cairo_y2020.tif,752,0.0,0.055644946808510634,Cairo,0,781,3902.0
Cairo_y2020.tif,1784,0.1743273542600897,0.11750280269058297,Cairo,0,797,3902.0
Cairo_y2020.tif,504,0.08333333333333333,0.15319444444444447,Cairo,0,799,3902.0
Cairo_y2020.tif,509,0.003929273084479371,0.07778978388998035,Cairo,0,800,3902.0
Cairo_y2020.tif,512,0.0,0.05875000000000001,Cairo,0,801,3902.0
Cairo_y2020.tif,1231,0.0016246953696181965,0.08580422420796101,Cairo,0,803,3902.0
Cairo_y2020.tif,1114,0.0,0.03546229802513465,Cairo,1,831,3902.0
Cairo_y2020.tif,1512,0.1474867724867725,0.13560185185185186,Cairo,0,690,3902.0
Cairo_y2020.tif,4429,0.5211108602393317,0.20700609618424023,Cairo,0,696,3902.0
Cairo_y2020.tif,2569,0.15764889061891788,0.11039898793304788,Cairo,0,703,3902.0
Cairo_y2020.tif,1946,0.8052415210688592,0.2794141829393628,Cairo,0,702,3902.0
Cairo_y2020.tif,729,0.3868312757201646,0.17471879286694098,Cairo,0,713,3902.0
Cairo_y2020.tif,2133,0.47913736521331457,0.18579231129864043,Cairo,0,723,3902.0
Cairo_y2020.tif,4123,0.2277467863206403,0.09218894009216591,Cairo,0,752,3902.0
Cairo_y2020.tif,956,0.20920502092050208,0.12615062761506277,Cairo,0,731,3902.0
Cairo_y2020.tif,844,0.580568720379147,0.18412914691943127,Cairo,0,730,3902.0
Cairo_y2020.tif,2293,0.03750545137374618,0.10846053205407762,Cairo,0,744,3902.0
Cairo_y2020.tif,1153,0.7311361665221162,0.30294882914137033,Cairo,0,724,3902.0
Cairo_y2020.tif,1327,0.49660889223813115,0.173654860587792,Cairo,0,745,3902.0
Cairo_y2020.tif,769,0.5084525357607282,0.19750975292587775,Cairo,0,751,3902.0
Cairo_y2020.tif,928,0.25862068965517243,0.14304418103448277,Cairo,0,758,3902.0
Cairo_y2020.tif,2226,0.2394429469901168,0.11079739442946991,Cairo,0,764,3902.0
Cairo_y2020.tif,1203,0.4463840399002494,0.16055694098088114,Cairo,0,767,3902.0
Cairo_y2020.tif,1942,0.09989701338825953,0.08688208032955717,Cairo,0,768,3902.0
Cairo_y2020.tif,991,0.0,0.07044904137235115,Cairo,0,789,3902.0
Cairo_y2020.tif,883,0.0,0.04404869762174406,Cairo,0,782,3902.0
Cairo_y2020.tif,891,0.0,0.03601571268237935,Cairo,0,784,3902.0
Cairo_y2020.tif,921,0.4169381107491857,0.1761672095548317,Cairo,0,740,3902.0
Cairo_y2020.tif,2022,0.2789317507418398,0.13566023738872404,Cairo,0,737,3902.0
Cairo_y2020.tif,1393,0.5857860732232592,0.2166762383345298,Cairo,0,739,3902.0
Cairo_y2020.tif,1125,0.0,0.06733333333333333,Cairo,0,755,3902.0
Cairo_y2020.tif,1275,0.3050980392156863,0.12438039215686275,Cairo,0,760,3902.0
Cairo_y2020.tif,782,0.0,0.09901534526854221,Cairo,0,761,3902.0
Cairo_y2020.tif,1606,0.05105853051058531,0.08643835616438356,Cairo,0,783,3902.0
Cairo_y2020.tif,1546,0.43919793014230274,0.16298835705045278,Cairo,0,790,3902.0
Cairo_y2020.tif,675,0.6607407407407407,0.21556296296296296,Cairo,0,791,3902.0
Cairo_y2020.tif,2553,0.34782608695652173,0.13836466901684294,Cairo,0,792,3902.0
Cairo_y2020.tif,573,0.0,0.032198952879581154,Cairo,0,786,3902.0
Cairo_y2020.tif,711,0.28551336146272854,0.1682208157524613,Cairo,0,795,3902.0
Cairo_y2020.tif,1728,0.6793981481481481,0.2347800925925926,Cairo,0,813,3902.0
Cairo_y2020.tif,875,0.0,0.10857714285714287,Cairo,0,807,3902.0
Cairo_y2020.tif,1186,0.0,0.040484822934232716,Cairo,0,808,3902.0
Cairo_y2020.tif,572,0.0,0.044903846153846155,Cairo,0,809,3902.0
Cairo_y2020.tif,994,0.014084507042253521,0.11332997987927566,Cairo,0,811,3902.0
Cairo_y2020.tif,656,0.0,0.06396341463414633,Cairo,0,810,3902.0
Cairo_y2020.tif,583,0.9005145797598628,0.24245283018867925,Cairo,0,815,3902.0
Cairo_y2020.tif,600,0.0,0.043175,Cairo,0,837,3902.0
Cairo_y2020.tif,3426,0.030939871570344425,0.07396964389959136,Cairo,0,814,3902.0
Cairo_y2020.tif,981,0.07339449541284404,0.11470438328236494,Cairo,0,816,3902.0
Cairo_y2020.tif,1480,0.5831081081081081,0.2139358108108108,Cairo,0,832,3902.0
Cairo_y2020.tif,567,0.4021164021164021,0.16334215167548502,Cairo,0,845,3902.0
Cairo_y2020.tif,899,0.09454949944382647,0.11031701890989991,Cairo,0,846,3902.0
Cairo_y2020.tif,2736,0.10855263157894737,0.14181652046783624,Cairo,0,872,3902.0
Cairo_y2020.tif,1320,0.2143939393939394,0.12948106060606063,Cairo,0,848,3902.0
Cairo_y2020.tif,2794,0.48568360773085184,0.15316929133858265,Cairo,0,877,3902.0
Cairo_y2020.tif,1490,0.0006711409395973154,0.0721744966442953,Cairo,0,873,3902.0
Cairo_y2020.tif,1181,0.7502116850127011,0.21488569009314137,Cairo,0,900,3902.0
Cairo_y2020.tif,579,0.03626943005181347,0.1306476683937824,Cairo,0,825,3902.0
Cairo_y2020.tif,581,0.0,0.11473321858864027,Cairo,0,826,3902.0
Cairo_y2020.tif,590,0.0,0.08100000000000002,Cairo,0,828,3902.0
Cairo_y2020.tif,575,0.0,0.046443478260869565,Cairo,0,829,3902.0
Cairo_y2020.tif,1188,0.015993265993265993,0.11853535353535354,Cairo,0,835,3902.0
Cairo_y2020.tif,865,0.0,0.056341040462427744,Cairo,0,857,3902.0
Cairo_y2020.tif,584,0.0,0.08887842465753425,Cairo,0,852,3902.0
Cairo_y2020.tif,579,0.0,0.07607081174438687,Cairo,0,853,3902.0
Cairo_y2020.tif,584,0.0,0.11255136986301369,Cairo,0,854,3902.0
Cairo_y2020.tif,582,0.0,0.07547250859106529,Cairo,0,855,3902.0
Cairo_y2020.tif,541,0.0,0.05117375231053605,Cairo,0,839,3902.0
Cairo_y2020.tif,532,0.0,0.042678571428571434,Cairo,0,840,3902.0
Cairo_y2020.tif,1030,0.0,0.05020873786407768,Cairo,0,841,3902.0
Cairo_y2020.tif,643,0.00933125972006221,0.06219284603421462,Cairo,0,842,3902.0
Cairo_y2020.tif,812,0.4248768472906404,0.15485837438423647,Cairo,0,843,3902.0
Cairo_y2020.tif,1511,0.0,0.06344804765056254,Cairo,0,862,3902.0
Cairo_y2020.tif,585,0.0,0.03781196581196581,Cairo,0,864,3902.0
Cairo_y2020.tif,613,0.0,0.04091353996737357,Cairo,0,865,3902.0
Cairo_y2020.tif,696,0.0,0.03387212643678161,Cairo,0,867,3902.0
Cairo_y2020.tif,1208,0.0,0.04484685430463576,Cairo,0,866,3902.0
Cairo_y2020.tif,579,0.0,0.041088082901554406,Cairo,0,856,3902.0
Cairo_y2020.tif,1858,0.0005382131324004305,0.04899354144241119,Cairo,0,891,3902.0
Cairo_y2020.tif,413,0.0,0.07426150121065375,Cairo,0,874,3902.0
Cairo_y2020.tif,584,0.0,0.05457191780821918,Cairo,0,883,3902.0
Cairo_y2020.tif,578,0.0,0.0809083044982699,Cairo,0,885,3902.0
Cairo_y2020.tif,576,0.0,0.04060763888888889,Cairo,0,886,3902.0
Cairo_y2020.tif,1166,0.0,0.03484133790737564,Cairo,0,888,3902.0
Cairo_y2020.tif,1091,0.0,0.08094408799266728,Cairo,0,906,3902.0
Cairo_y2020.tif,596,0.0,0.08156040268456376,Cairo,0,907,3902.0
Cairo_y2020.tif,575,0.0,0.03269565217391304,Cairo,0,908,3902.0
Cairo_y2020.tif,765,0.0,0.06350980392156864,Cairo,0,868,3902.0
Cairo_y2020.tif,311,0.0,0.05356913183279741,Cairo,1,892,3902.0
Cairo_y2020.tif,577,0.0,0.023206239168110918,Cairo,0,895,3902.0
Cairo_y2020.tif,915,0.0,0.05020218579234973,Cairo,0,896,3902.0
Cairo_y2020.tif,1191,0.0,0.05725860621326616,Cairo,0,917,3902.0
Cairo_y2020.tif,2364,0.0,0.03562182741116752,Cairo,0,947,3902.0
Cairo_y2020.tif,895,0.0,0.04228491620111732,Cairo,0,945,3902.0
Cairo_y2020.tif,890,0.010112359550561797,0.10439887640449437,Cairo,0,946,3902.0
Cairo_y2020.tif,910,0.0,0.053670329670329676,Cairo,0,948,3902.0
Cairo_y2020.tif,562,0.0,0.033887900355871886,Cairo,0,974,3902.0
Cairo_y2020.tif,601,0.0,0.04658901830282862,Cairo,0,909,3902.0
Cairo_y2020.tif,909,0.0,0.035286028602860287,Cairo,0,912,3902.0
Cairo_y2020.tif,879,0.0,0.05293515358361775,Cairo,0,915,3902.0
Cairo_y2020.tif,583,0.0,0.05856775300171526,Cairo,1,935,3902.0
Cairo_y2020.tif,594,0.0,0.04752525252525252,Cairo,0,936,3902.0
Cairo_y2020.tif,582,0.0,0.034536082474226806,Cairo,0,937,3902.0
Cairo_y2020.tif,599,0.0,0.038447412353923203,Cairo,0,939,3902.0
Cairo_y2020.tif,581,0.0,0.0777538726333907,Cairo,0,941,3902.0
Cairo_y2020.tif,594,0.0,0.045547138047138044,Cairo,0,943,3902.0
Cairo_y2020.tif,1566,0.0,0.04731800766283525,Cairo,0,968,3902.0
Cairo_y2020.tif,598,1.0,0.43113712374581936,Cairo,1,604,3902.0
Cairo_y2020.tif,1795,0.7069637883008356,0.2985348189415042,Cairo,0,612,3902.0
Cairo_y2020.tif,545,1.0,0.4397064220183486,Cairo,1,611,3902.0
Cairo_y2020.tif,975,1.0,0.4078923076923076,Cairo,0,615,3902.0
Cairo_y2020.tif,652,1.0,0.43812116564417175,Cairo,1,616,3902.0
Cairo_y2020.tif,2166,0.9773776546629732,0.38302631578947366,Cairo,0,629,3902.0
Cairo_y2020.tif,922,1.0,0.43560195227765725,Cairo,1,628,3902.0
Cairo_y2020.tif,1212,1.0,0.40977722772277225,Cairo,1,640,3902.0
Cairo_y2020.tif,2306,0.6682567215958369,0.24237207285342582,Cairo,0,668,3902.0
Cairo_y2020.tif,2821,0.4636653668911733,0.1842449485997873,Cairo,0,687,3902.0
Cairo_y2020.tif,1552,1.0,0.41196198453608246,Cairo,1,695,3902.0
Cairo_y2020.tif,1239,0.8748991121872478,0.3294673123486683,Cairo,0,704,3902.0
Cairo_y2020.tif,1314,0.8333333333333334,0.2644558599695586,Cairo,0,714,3902.0
Cairo_y2020.tif,968,0.875,0.3312913223140496,Cairo,0,706,3902.0
Cairo_y2020.tif,1272,0.9732704402515723,0.39266902515723273,Cairo,1,712,3902.0
Cairo_y2020.tif,693,0.9062049062049062,0.35373015873015873,Cairo,0,718,3902.0
Cairo_y2020.tif,2725,0.8532110091743119,0.315302752293578,Cairo,1,716,3902.0
Cairo_y2020.tif,4031,0.8169188786901513,0.31936740262962043,Cairo,1,733,3902.0
Cairo_y2020.tif,1414,1.0,0.43421499292786425,Cairo,1,754,3902.0
Cairo_y2020.tif,2487,0.5291515882589465,0.23609971853638925,Cairo,0,774,3902.0
Cairo_y2020.tif,1560,0.45576923076923076,0.22060897435897434,Cairo,0,766,3902.0
Cairo_y2020.tif,3513,0.38713350412752634,0.20535866780529463,Cairo,0,804,3902.0
Cairo_y2020.tif,1196,0.979933110367893,0.4010451505016722,Cairo,1,776,3902.0
Cairo_y2020.tif,3042,0.9562787639710717,0.34705128205128205,Cairo,1,849,3902.0
Cairo_y2020.tif,10085,0.33901834407535947,0.14004809122459097,Cairo,0,961,3902.0
Cairo_y2020.tif,13197,0.14541183602333863,0.07798855800560735,Cairo,0,1029,3902.0
Cairo_y2020.tif,4637,0.4009057580332111,0.1776407159801596,Cairo,0,967,3902.0
Cairo_y2020.tif,2950,0.7776271186440677,0.32422542372881363,Cairo,0,985,3902.0
Cairo_y2020.tif,3922,0.7065272819989801,0.23936129525752167,Cairo,0,938,3902.0
Cairo_y2020.tif,3075,0.8009756097560976,0.3069317073170732,Cairo,0,1039,3902.0
Cairo_y2020.tif,2469,0.8987444309437019,0.34020251113811256,Cairo,0,1046,3902.0
Cairo_y2020.tif,1490,0.7597315436241611,0.2955906040268456,Cairo,0,1047,3902.0
Cairo_y2020.tif,1080,0.9666666666666667,0.35072222222222227,Cairo,0,1065,3902.0
Cairo_y2020.tif,6095,0.6190319934372437,0.2308859721082855,Cairo,0,1103,3902.0
Cairo_y2020.tif,5415,0.518005540166205,0.21505632502308403,Cairo,0,1140,3902.0
Cairo_y2020.tif,1401,0.960028551034975,0.33021413276231265,Cairo,0,1123,3902.0
Cairo_y2020.tif,2896,0.9585635359116023,0.31939226519337016,Cairo,0,1108,3902.0
Cairo_y2020.tif,2743,0.8242799854174262,0.30812613926358007,Cairo,0,1137,3902.0
Cairo_y2020.tif,3855,0.7725032425421531,0.3032464332036316,Cairo,1,1133,3902.0
Cairo_y2020.tif,2583,0.9454123112659698,0.35824622531939604,Cairo,1,1143,3902.0
Cairo_y2020.tif,2795,0.8282647584973166,0.3329516994633273,Cairo,0,1147,3902.0
Cairo_y2020.tif,1328,0.9909638554216867,0.36393072289156625,Cairo,1,1151,3902.0
Cairo_y2020.tif,2340,0.6376068376068376,0.2423632478632478,Cairo,0,1155,3902.0
Cairo_y2020.tif,919,1.0,0.42367247007616976,Cairo,1,1158,3902.0
Cairo_y2020.tif,1129,1.0,0.38668733392382637,Cairo,1,1161,3902.0
Cairo_y2020.tif,1590,1.0,0.4043176100628931,Cairo,1,1162,3902.0
Cairo_y2020.tif,2558,0.8162627052384676,0.3006293979671618,Cairo,1,1168,3902.0
Cairo_y2020.tif,92560,0.12293647363872083,0.08349162705272256,Cairo,0,1276,3902.0
Cairo_y2020.tif,3195,0.16118935837245696,0.10917683881064165,Cairo,0,1228,3902.0
Cairo_y2020.tif,3702,0.0008103727714748784,0.05605888708806052,Cairo,0,1233,3902.0
Cairo_y2020.tif,1964,0.0,0.06451374745417517,Cairo,0,1194,3902.0
Cairo_y2020.tif,952,0.0,0.04005252100840336,Cairo,0,1207,3902.0
Cairo_y2020.tif,1958,0.7272727272727273,0.30477783452502555,Cairo,0,1195,3902.0
Cairo_y2020.tif,4726,0.03152771900126957,0.07927845958527296,Cairo,0,1210,3902.0
Cairo_y2020.tif,590,0.0,0.0716864406779661,Cairo,1,1196,3902.0
Cairo_y2020.tif,1187,0.0,0.05079612468407751,Cairo,0,1206,3902.0
Cairo_y2020.tif,1374,0.019650655021834062,0.11546215429403203,Cairo,0,1208,3902.0
Cairo_y2020.tif,961,0.8231009365244537,0.29075962539021855,Cairo,0,1205,3902.0
Cairo_y2020.tif,874,0.2997711670480549,0.18574942791762017,Cairo,0,1219,3902.0
Cairo_y2020.tif,921,0.0,0.039571118349619974,Cairo,1,1222,3902.0
Cairo_y2020.tif,2399,0.0,0.02244060025010421,Cairo,0,1217,3902.0
Cairo_y2020.tif,2055,0.4982968369829684,0.18420924574209244,Cairo,0,1220,3902.0
Cairo_y2020.tif,945,0.6941798941798942,0.18797883597883597,Cairo,0,1231,3902.0
Cairo_y2020.tif,840,0.7392857142857143,0.22560119047619048,Cairo,0,1241,3902.0
Cairo_y2020.tif,800,0.63125,0.18713124999999997,Cairo,0,1242,3902.0
Cairo_y2020.tif,833,0.9915966386554622,0.3285714285714286,Cairo,0,1249,3902.0
Cairo_y2020.tif,2876,0.039638386648122394,0.07408205841446454,Cairo,0,1269,3902.0
Cairo_y2020.tif,770,0.08961038961038961,0.1018051948051948,Cairo,0,1251,3902.0
Cairo_y2020.tif,977,0.984646878198567,0.2847082906857728,Cairo,0,1270,3902.0
Cairo_y2020.tif,1138,0.07293497363796134,0.09183655536028118,Cairo,0,1262,3902.0
Cairo_y2020.tif,750,0.0,0.028113333333333334,Cairo,0,1221,3902.0
Cairo_y2020.tif,457,0.5842450765864332,0.25530634573304156,Cairo,0,1226,3902.0
Cairo_y2020.tif,502,0.0,0.04890438247011953,Cairo,0,1236,3902.0
Cairo_y2020.tif,722,0.004155124653739612,0.06894736842105263,Cairo,1,1237,3902.0
Cairo_y2020.tif,595,0.0033613445378151263,0.05592436974789917,Cairo,0,1245,3902.0
Cairo_y2020.tif,966,0.017598343685300208,0.07158385093167702,Cairo,0,1254,3902.0
Cairo_y2020.tif,597,0.0,0.05132328308207705,Cairo,0,1253,3902.0
Cairo_y2020.tif,421,0.10688836104513064,0.11864608076009502,Cairo,0,1261,3902.0
Cairo_y2020.tif,819,0.27472527472527475,0.14353479853479853,Cairo,0,1263,3902.0
Cairo_y2020.tif,706,0.7053824362606232,0.3201628895184136,Cairo,1,1275,3902.0
Cairo_y2020.tif,5641,0.11522779648998405,0.10132246055663889,Cairo,0,919,3902.0
Cairo_y2020.tif,789,0.08618504435994931,0.08254119138149556,Cairo,0,926,3902.0
Cairo_y2020.tif,3516,0.3159840728100114,0.1768970420932878,Cairo,0,1122,3902.0
Cairo_y2020.tif,947,0.8933474128827877,0.35565469904963043,Cairo,0,1472,3902.0
Cairo_y2020.tif,1326,0.803921568627451,0.31561463046757166,Cairo,0,1462,3902.0
Cairo_y2020.tif,1431,0.9510831586303284,0.3706219426974144,Cairo,0,1486,3902.0
Cairo_y2020.tif,2175,0.35954022988505746,0.1611448275862069,Cairo,0,1517,3902.0
Cairo_y2020.tif,2534,0.26874506708760854,0.16054459352801895,Cairo,0,1520,3902.0
Cairo_y2020.tif,8110,0.04500616522811344,0.0799734895191122,Cairo,0,1579,3902.0
Cairo_y2020.tif,2100,0.11428571428571428,0.10675714285714287,Cairo,0,1632,3902.0
Cairo_y2020.tif,2042,0.013712047012732615,0.09920176297747306,Cairo,0,1278,3902.0
Cairo_y2020.tif,1075,0.9525581395348838,0.3856790697674419,Cairo,1,1283,3902.0
Cairo_y2020.tif,1507,1.0,0.44144658261446584,Cairo,1,1287,3902.0
Cairo_y2020.tif,1820,0.08241758241758242,0.19716483516483518,Cairo,0,1284,3902.0
Cairo_y2020.tif,669,0.05829596412556054,0.18296711509715993,Cairo,1,1295,3902.0
Cairo_y2020.tif,1697,0.9516794342958161,0.40448438420742494,Cairo,1,1296,3902.0
Cairo_y2020.tif,1028,0.0,0.056473735408560315,Cairo,0,1303,3902.0
Cairo_y2020.tif,717,0.0,0.08928870292887028,Cairo,1,1302,3902.0
Cairo_y2020.tif,459,0.0,0.05721132897603487,Cairo,1,1301,3902.0
Cairo_y2020.tif,1371,0.6907366885485048,0.32941283734500365,Cairo,1,1306,3902.0
Cairo_y2020.tif,1213,0.5276174773289365,0.20094806265457543,Cairo,0,788,3902.0
Cairo_y2020.tif,1030,0.8330097087378641,0.2529174757281553,Cairo,0,817,3902.0
Cairo_y2020.tif,604,0.0,0.05217715231788079,Cairo,0,823,3902.0
Cairo_y2020.tif,1104,0.6159420289855072,0.2143840579710145,Cairo,0,820,3902.0
Cairo_y2020.tif,1795,0.0011142061281337048,0.047827298050139286,Cairo,0,850,3902.0
Cairo_y2020.tif,5275,0.15260663507109004,0.07861895734597157,Cairo,0,875,3902.0
Cairo_y2020.tif,1230,0.0,0.028455284552845527,Cairo,0,878,3902.0
Cairo_y2020.tif,601,0.0,0.06245424292845257,Cairo,0,879,3902.0
Cairo_y2020.tif,1423,0.3049894588896697,0.16069571328179902,Cairo,0,913,3902.0
Cairo_y2020.tif,1069,0.04490177736202058,0.07095884003741815,Cairo,1,889,3902.0
Cairo_y2020.tif,2081,0.8438250840941854,0.2756174915905814,Cairo,0,802,3902.0
Cairo_y2020.tif,1482,0.6464237516869096,0.23922402159244266,Cairo,0,824,3902.0
Cairo_y2020.tif,2341,0.9564288765484835,0.3323195215719778,Cairo,1,838,3902.0
Cairo_y2020.tif,1132,0.8719081272084805,0.26225706713780916,Cairo,0,847,3902.0
Cairo_y2020.tif,637,0.2260596546310832,0.11061224489795918,Cairo,0,860,3902.0
Cairo_y2020.tif,1237,0.9514955537590946,0.2696362166531932,Cairo,0,880,3902.0
Cairo_y2020.tif,2485,0.6728370221327968,0.2309034205231388,Cairo,0,921,3902.0
Cairo_y2020.tif,2221,0.9963980189104007,0.395141828005403,Cairo,1,903,3902.0
Cairo_y2020.tif,1332,0.9834834834834835,0.3402515015015015,Cairo,0,922,3902.0
Cairo_y2020.tif,706,0.7478753541076487,0.29938385269121814,Cairo,0,953,3902.0
Cairo_y2020.tif,395,0.0,0.03745569620253165,Cairo,0,901,3902.0
Cairo_y2020.tif,1174,0.0,0.03833901192504259,Cairo,0,905,3902.0
Cairo_y2020.tif,963,0.04153686396677051,0.10968328141225338,Cairo,0,910,3902.0
Cairo_y2020.tif,1240,0.00564516129032258,0.06310080645161291,Cairo,0,916,3902.0
Cairo_y2020.tif,632,0.41455696202531644,0.17670886075949369,Cairo,0,930,3902.0
Cairo_y2020.tif,606,0.0,0.04907590759075907,Cairo,0,934,3902.0
Cairo_y2020.tif,367,0.0,0.03839237057220708,Cairo,0,932,3902.0
Cairo_y2020.tif,1306,0.13093415007656967,0.12867534456355284,Cairo,0,956,3902.0
Cairo_y2020.tif,861,0.24041811846689895,0.15836817653890828,Cairo,0,959,3902.0
Cairo_y2020.tif,910,0.002197802197802198,0.04821428571428572,Cairo,0,964,3902.0
Cairo_y2020.tif,687,0.0,0.059163027656477435,Cairo,0,970,3902.0
Cairo_y2020.tif,1152,0.0,0.0591189236111111,Cairo,0,973,3902.0
Cairo_y2020.tif,858,0.0,0.06380536130536131,Cairo,0,1001,3902.0
Cairo_y2020.tif,587,0.0,0.05459965928449744,Cairo,0,1002,3902.0
Cairo_y2020.tif,578,0.0,0.07305363321799307,Cairo,0,1003,3902.0
Cairo_y2020.tif,579,0.0,0.04267702936096718,Cairo,0,1005,3902.0
Cairo_y2020.tif,971,0.0,0.04578784757981463,Cairo,0,1006,3902.0
Cairo_y2020.tif,851,0.0,0.0623207990599295,Cairo,0,1007,3902.0
Cairo_y2020.tif,569,0.0,0.06656414762741653,Cairo,0,1016,3902.0
Cairo_y2020.tif,1009,0.0,0.07933102081268581,Cairo,0,1024,3902.0
Cairo_y2020.tif,619,0.0,0.02455573505654281,Cairo,0,966,3902.0
Cairo_y2020.tif,2448,0.5171568627450981,0.18792892156862742,Cairo,0,994,3902.0
Cairo_y2020.tif,625,0.0,0.033920000000000006,Cairo,0,1000,3902.0
Cairo_y2020.tif,843,0.44958481613285883,0.17397983392645316,Cairo,0,997,3902.0
Cairo_y2020.tif,1282,0.7223088923556942,0.22737519500780032,Cairo,0,999,3902.0
Cairo_y2020.tif,723,0.0,0.04085753803596128,Cairo,0,1021,3902.0
Cairo_y2020.tif,881,0.5437003405221339,0.19715096481271283,Cairo,0,1019,3902.0
Cairo_y2020.tif,4267,0.05507382235762831,0.06294117647058825,Cairo,0,1056,3902.0
Cairo_y2020.tif,854,0.3360655737704918,0.2073185011709602,Cairo,0,1087,3902.0
Cairo_y2020.tif,726,0.19559228650137742,0.13392561983471074,Cairo,0,1085,3902.0
Cairo_y2020.tif,1159,0.9905090595340811,0.4158498705780846,Cairo,1,963,3902.0
Cairo_y2020.tif,1188,1.0,0.4211237373737373,Cairo,0,1004,3902.0
Cairo_y2020.tif,2243,1.0,0.3959786000891663,Cairo,1,1042,3902.0
Cairo_y2020.tif,4299,0.793440334961619,0.3233065829262619,Cairo,0,1089,3902.0
Cairo_y2020.tif,10745,0.2534201954397394,0.11209306654257795,Cairo,0,1120,3902.0
Cairo_y2020.tif,1419,0.21987315010570824,0.14919309372797743,Cairo,0,1073,3902.0
Cairo_y2020.tif,3719,0.5237967195482657,0.20483194407098682,Cairo,0,1118,3902.0
Cairo_y2020.tif,657,0.9649923896499238,0.32151445966514464,Cairo,0,1095,3902.0
Cairo_y2020.tif,1136,1.0,0.4161443661971831,Cairo,1,1101,3902.0
Cairo_y2020.tif,1941,0.9763008758371973,0.3825888717156105,Cairo,1,1119,3902.0
Cairo_y2020.tif,1104,1.0,0.3999320652173913,Cairo,1,1026,3902.0
Cairo_y2020.tif,2402,0.9371357202331391,0.3494233971690258,Cairo,1,1040,3902.0
Cairo_y2020.tif,2418,0.9698097601323408,0.36642886683209264,Cairo,1,1053,3902.0
Cairo_y2020.tif,3087,0.9604794298671849,0.3797133138969874,Cairo,1,1079,3902.0
Cairo_y2020.tif,1912,1.0,0.42724633891213387,Cairo,1,1071,3902.0
Cairo_y2020.tif,1596,1.0,0.4096553884711779,Cairo,1,1072,3902.0
Cairo_y2020.tif,2139,1.0,0.40390135577372605,Cairo,1,1106,3902.0
Cairo_y2020.tif,4489,0.8367119625751838,0.35956894631321007,Cairo,0,1109,3902.0
Cairo_y2020.tif,2150,1.0,0.4124488372093023,Cairo,1,1127,3902.0
Cairo_y2020.tif,1367,0.9765910753474762,0.3928383321141185,Cairo,1,1132,3902.0
Cairo_y2020.tif,3479,0.4164989939637827,0.1622722046565105,Cairo,0,1096,3902.0
Cairo_y2020.tif,803,0.9601494396014943,0.37298256537982566,Cairo,0,1098,3902.0
Cairo_y2020.tif,4712,0.13200339558573854,0.08557088285229203,Cairo,0,1124,3902.0
Cairo_y2020.tif,761,0.018396846254927726,0.08993429697766096,Cairo,0,1112,3902.0
Cairo_y2020.tif,1309,0.9457601222307105,0.3549770817417876,Cairo,1,1125,3902.0
Cairo_y2020.tif,1703,0.553141514973576,0.17703170874926602,Cairo,0,1131,3902.0
Cairo_y2020.tif,641,0.6957878315132605,0.20893135725429018,Cairo,0,1130,3902.0
Cairo_y2020.tif,3435,0.14759825327510917,0.07120960698689957,Cairo,0,1138,3902.0
Cairo_y2020.tif,18483,0.032570470161770275,0.04257371638803225,Cairo,0,1186,3902.0
Cairo_y2020.tif,2858,0.0,0.014168999300209938,Cairo,0,1150,3902.0
Cairo_y2020.tif,1228,0.998371335504886,0.38680374592833877,Cairo,0,1134,3902.0
Cairo_y2020.tif,1151,0.9843614248479583,0.3945873153779322,Cairo,0,1135,3902.0
Cairo_y2020.tif,889,1.0,0.4005399325084365,Cairo,1,1139,3902.0
Cairo_y2020.tif,782,1.0,0.4007928388746803,Cairo,0,1141,3902.0
Cairo_y2020.tif,3243,1.0,0.39356768424298494,Cairo,0,1146,3902.0
Cairo_y2020.tif,31094,0.223612272464141,0.1069934714092751,Cairo,0,1201,3902.0
Cairo_y2020.tif,856,1.0,0.41240654205607474,Cairo,0,1209,3902.0
Cairo_y2020.tif,948,1.0,0.38868143459915616,Cairo,0,1216,3902.0
Cairo_y2020.tif,954,1.0,0.35945492662473794,Cairo,0,1218,3902.0
Cairo_y2020.tif,964,1.0,0.373609958506224,Cairo,0,1227,3902.0
Cairo_y2020.tif,1114,0.9874326750448833,0.3310906642728905,Cairo,0,1126,3902.0
Cairo_y2020.tif,74048,0.11356147363872084,0.07404048725151252,Cairo,0,1182,3902.0
Cairo_y2020.tif,9739,0.0,0.02806037580860458,Cairo,0,1372,3902.0
Cairo_y2020.tif,51787,0.00384266321663738,0.027906714040203145,Cairo,0,1479,3902.0
Cairo_y2020.tif,2169,0.010603964960811434,0.03944905486399263,Cairo,0,1410,3902.0
Cairo_y2020.tif,6924,0.0,0.017479058347775852,Cairo,0,1830,3902.0
Cairo_y2020.tif,1776,0.22353603603603603,0.11895833333333332,Cairo,0,1852,3902.0
Cairo_y2020.tif,3678,0.0,0.023781946710168575,Cairo,0,1883,3902.0
Cairo_y2020.tif,25371,0.0,0.018715856686768364,Cairo,0,2071,3902.0
Cairo_y2020.tif,2039,0.0,0.03711378126532615,Cairo,0,2062,3902.0
Cairo_y2020.tif,1259,0.003971405877680699,0.07427720413026212,Cairo,0,1282,3902.0
Cairo_y2020.tif,3399,0.2533097969991174,0.12484848484848485,Cairo,0,1294,3902.0
Cairo_y2020.tif,1538,1.0,0.4246618985695709,Cairo,1,1292,3902.0
Cairo_y2020.tif,637,0.03610675039246468,0.12313971742543171,Cairo,0,1288,3902.0
Cairo_y2020.tif,3088,0.029792746113989636,0.07149773316062177,Cairo,0,1307,3902.0
Cairo_y2020.tif,1718,0.9982537834691502,0.3893073341094295,Cairo,0,1291,3902.0
Cairo_y2020.tif,553,0.0,0.032386980108499094,Cairo,0,1290,3902.0
Cairo_y2020.tif,1744,0.0,0.04330275229357799,Cairo,0,1310,3902.0
Cairo_y2020.tif,1517,0.10678971654581411,0.0691232696110745,Cairo,0,1305,3902.0
Cairo_y2020.tif,906,0.0,0.03738962472406181,Cairo,0,1309,3902.0
Cairo_y2020.tif,998,0.9549098196392786,0.299003006012024,Cairo,0,1224,3902.0
Cairo_y2020.tif,1178,0.7563667232597623,0.23742359932088286,Cairo,0,1238,3902.0
Cairo_y2020.tif,1308,0.2874617737003058,0.10772935779816513,Cairo,0,1240,3902.0
Cairo_y2020.tif,1447,0.686247408431237,0.21154803040774017,Cairo,0,1246,3902.0
Cairo_y2020.tif,1929,0.1119751166407465,0.06633229652669778,Cairo,0,1258,3902.0
Cairo_y2020.tif,809,0.7663782447466008,0.23927688504326328,Cairo,0,1267,3902.0
Cairo_y2020.tif,1590,0.16981132075471697,0.12299685534591195,Cairo,0,1273,3902.0
Cairo_y2020.tif,556,0.039568345323741004,0.12866906474820142,Cairo,0,1277,3902.0
Cairo_y2020.tif,1008,0.003968253968253968,0.057475198412698415,Cairo,0,1293,3902.0
Cairo_y2020.tif,44678,0.06618469940462868,0.057561551546622514,Cairo,0,1482,3902.0
Cairo_y2020.tif,782,0.0,0.03696930946291561,Cairo,0,1318,3902.0
Cairo_y2020.tif,1649,1.0,0.4049818071558521,Cairo,0,1328,3902.0
Cairo_y2020.tif,584,0.0,0.06362157534246575,Cairo,0,1320,3902.0
Cairo_y2020.tif,783,0.0,0.04481481481481481,Cairo,0,1319,3902.0
Cairo_y2020.tif,1127,0.7080745341614907,0.3004569653948536,Cairo,1,1321,3902.0
Cairo_y2020.tif,982,0.0,0.056171079429735246,Cairo,0,1333,3902.0
Cairo_y2020.tif,744,0.9865591397849462,0.32578629032258066,Cairo,0,1337,3902.0
Cairo_y2020.tif,653,1.0,0.37169984686064317,Cairo,0,1336,3902.0
Cairo_y2020.tif,623,0.0,0.048338683788121985,Cairo,0,1335,3902.0
Cairo_y2020.tif,980,0.6204081632653061,0.2848775510204081,Cairo,0,1341,3902.0
Cairo_y2020.tif,3919,0.8708854299566215,0.2948520030620056,Cairo,0,1330,3902.0
Cairo_y2020.tif,800,0.86,0.26003125,Cairo,0,1313,3902.0
Cairo_y2020.tif,1652,0.009685230024213076,0.10319915254237287,Cairo,0,1325,3902.0
Cairo_y2020.tif,1532,0.21475195822454307,0.1437859007832898,Cairo,0,1332,3902.0
Cairo_y2020.tif,600,1.0,0.34548333333333336,Cairo,0,1329,3902.0
Cairo_y2020.tif,1945,0.24061696658097687,0.16967352185089973,Cairo,0,1340,3902.0
Cairo_y2020.tif,1944,0.23713991769547324,0.16252314814814814,Cairo,0,1343,3902.0
Cairo_y2020.tif,831,0.026474127557160047,0.12883273164861614,Cairo,0,1358,3902.0
Cairo_y2020.tif,1311,0.007627765064836003,0.09829138062547675,Cairo,0,1371,3902.0
Cairo_y2020.tif,1176,0.49489795918367346,0.21159438775510203,Cairo,0,1351,3902.0
Cairo_y2020.tif,2757,0.9920203119332608,0.39967718534639096,Cairo,0,1347,3902.0
Cairo_y2020.tif,1404,0.0,0.06552706552706553,Cairo,0,1360,3902.0
Cairo_y2020.tif,813,0.0,0.07138376383763838,Cairo,0,1350,3902.0
Cairo_y2020.tif,1341,0.035794183445190156,0.08276286353467562,Cairo,0,1359,3902.0
Cairo_y2020.tif,1245,0.7622489959839357,0.3437550200803213,Cairo,0,1363,3902.0
Cairo_y2020.tif,1961,0.898521162672106,0.37417134115247325,Cairo,0,1387,3902.0
Cairo_y2020.tif,598,0.3896321070234114,0.19964046822742476,Cairo,0,1381,3902.0
Cairo_y2020.tif,4489,0.4981064825128091,0.21673646691913567,Cairo,0,1418,3902.0
Cairo_y2020.tif,1938,0.0005159958720330237,0.06976006191950464,Cairo,0,1390,3902.0
Cairo_y2020.tif,2347,0.08138048572645931,0.10292927141031102,Cairo,0,1388,3902.0
Cairo_y2020.tif,561,0.19073083778966132,0.1767023172905526,Cairo,0,1367,3902.0
Cairo_y2020.tif,650,0.015384615384615385,0.1392,Cairo,0,1379,3902.0
Cairo_y2020.tif,1524,0.03280839895013123,0.1528477690288714,Cairo,0,1413,3902.0
Cairo_y2020.tif,2256,0.32358156028368795,0.17369902482269503,Cairo,0,1409,3902.0
Cairo_y2020.tif,2568,0.021417445482866043,0.15450545171339566,Cairo,0,1393,3902.0
Cairo_y2020.tif,892,0.07399103139013453,0.1515358744394619,Cairo,0,1424,3902.0
Cairo_y2020.tif,1007,0.005958291956305859,0.10822244289970209,Cairo,0,1442,3902.0
Cairo_y2020.tif,6362,0.20936812323168816,0.12045347375039296,Cairo,1,1475,3902.0
Cairo_y2020.tif,941,0.5313496280552603,0.2566259298618491,Cairo,0,1488,3902.0
Cairo_y2020.tif,2182,0.8611365719523373,0.3521104491292393,Cairo,1,1493,3902.0
Cairo_y2020.tif,1605,0.02866043613707165,0.1204361370716511,Cairo,0,1420,3902.0
Cairo_y2020.tif,1799,0.5319622012229016,0.2304252362423569,Cairo,0,1430,3902.0
Cairo_y2020.tif,720,0.8680555555555556,0.24301388888888892,Cairo,0,1428,3902.0
Cairo_y2020.tif,4467,0.31318558316543543,0.18607118871725992,Cairo,0,1446,3902.0
Cairo_y2020.tif,1235,0.9368421052631579,0.3074331983805668,Cairo,0,1435,3902.0
Cairo_y2020.tif,1164,0.3238831615120275,0.1344458762886598,Cairo,0,1453,3902.0
Cairo_y2020.tif,21969,0.30711457053120306,0.12392917292548589,Cairo,0,1508,3902.0
Cairo_y2020.tif,887,1.0,0.3740529875986471,Cairo,0,1494,3902.0
Cairo_y2020.tif,1178,1.0,0.3952376910016978,Cairo,0,1504,3902.0
Cairo_y2020.tif,1921,0.9864653826132223,0.41428162415408637,Cairo,1,1511,3902.0
Cairo_y2020.tif,1230,1.0,0.42848373983739835,Cairo,1,1518,3902.0
Cairo_y2020.tif,2762,1.0,0.40694786386676324,Cairo,1,1521,3902.0
Cairo_y2020.tif,1687,0.947243627741553,0.3270005927682277,Cairo,0,1526,3902.0
Cairo_y2020.tif,1514,0.9597093791281374,0.3825792602377807,Cairo,1,1519,3902.0
Cairo_y2020.tif,1640,1.0,0.4421219512195123,Cairo,1,1530,3902.0
Cairo_y2020.tif,861,0.11033681765389082,0.1584378629500581,Cairo,0,1536,3902.0
Cairo_y2020.tif,1004,0.999003984063745,0.360453187250996,Cairo,0,1538,3902.0
Cairo_y2020.tif,2067,0.996129656507015,0.43352443154329956,Cairo,1,1545,3902.0
Cairo_y2020.tif,1637,0.9853390348197923,0.3938637751985339,Cairo,1,1532,3902.0
Cairo_y2020.tif,626,0.9680511182108626,0.34239616613418533,Cairo,0,1553,3902.0
Cairo_y2020.tif,1416,1.0,0.4383827683615819,Cairo,1,1546,3902.0
Cairo_y2020.tif,1149,0.3072236727589208,0.1933637946040035,Cairo,0,1557,3902.0
Cairo_y2020.tif,1625,1.0,0.43378461538461544,Cairo,1,1556,3902.0
Cairo_y2020.tif,1034,0.9564796905222437,0.30031914893617023,Cairo,0,1564,3902.0
Cairo_y2020.tif,1048,0.9656488549618321,0.34218511450381683,Cairo,0,1554,3902.0
Cairo_y2020.tif,1501,0.9893404397068621,0.42834443704197206,Cairo,1,1563,3902.0
Cairo_y2020.tif,1197,0.9807852965747702,0.4091228070175439,Cairo,1,1570,3902.0
Cairo_y2020.tif,1802,0.8718091009988901,0.3515760266370699,Cairo,1,1572,3902.0
Cairo_y2020.tif,65598,0.1566206286777036,0.08874622701911644,Cairo,0,1663,3902.0
Cairo_y2020.tif,6700,0.2182089552238806,0.10140671641791046,Cairo,0,1625,3902.0
Cairo_y2020.tif,12137,0.0,0.015968525994891656,Cairo,0,1365,3902.0
Cairo_y2020.tif,827,0.0,0.03929262394195889,Cairo,0,1385,3902.0
Cairo_y2020.tif,951,0.0,0.045573080967402736,Cairo,0,1400,3902.0
Cairo_y2020.tif,460,0.0,0.029739130434782615,Cairo,0,1392,3902.0
Cairo_y2020.tif,713,0.029453015427769985,0.06802244039270686,Cairo,0,1402,3902.0
Cairo_y2020.tif,501,0.0,0.06080838323353294,Cairo,0,1397,3902.0
Cairo_y2020.tif,2295,0.5712418300653594,0.23004575163398688,Cairo,0,1485,3902.0
Cairo_y2020.tif,4139,0.06909881613916405,0.040089393573326894,Cairo,0,1871,3902.0
Cairo_y2020.tif,5973,0.06161058094759752,0.056129248283944416,Cairo,0,1888,3902.0
Cairo_y2020.tif,3400,0.0,0.031294117647058826,Cairo,0,1940,3902.0
Cairo_y2020.tif,442,0.0,0.0,Al Ayyat,0,78,3972.0
Cairo_y2020.tif,2171,0.0,0.0,Al Ayyat,0,87,3972.0
Cairo_y2020.tif,111,0.0,0.0,Al Ayyat,0,79,3972.0
Cairo_y2020.tif,14580,0.0,0.0,Cairo,0,1522,3902.0
Cairo_y2020.tif,36199,0.0,0.0,Cairo,0,1567,3902.0
Cairo_y2020.tif,11531,0.0,0.0,Cairo,0,1588,3902.0
Cairo_y2020.tif,10164,0.0,0.0,Cairo,0,1596,3902.0
Cairo_y2020.tif,2658,0.4616252821670429,0.185487208427389,Cairo,0,1735,3902.0
Cairo_y2020.tif,13463,0.18123746564658694,0.07977011067369828,Cairo,0,1802,3902.0
Cairo_y2020.tif,5173,0.0,0.0,Cairo,0,1562,3902.0
Cairo_y2020.tif,21378,0.010852278042847788,0.009598886705959398,Cairo,0,1727,3902.0
Cairo_y2020.tif,11494,0.16895771706977553,0.07740299286584304,Cairo,0,1745,3902.0
Cairo_y2020.tif,4639,0.30933390816986417,0.12805669325285624,Cairo,0,1781,3902.0
Cairo_y2020.tif,6896,0.736223897911833,0.2717800174013921,Cairo,0,1812,3902.0
Cairo_y2020.tif,10219,0.21929738721988454,0.11044524904589491,Cairo,0,1869,3902.0
Cairo_y2020.tif,2359,0.9749894022891056,0.3846672318779144,Cairo,1,1855,3902.0
Cairo_y2020.tif,2057,0.9961108410306271,0.35319397180359746,Cairo,1,1924,3902.0
Cairo_y2020.tif,14071,0.0,0.0,Cairo,0,1537,3902.0
Cairo_y2020.tif,311147,6.4278299324756465e-06,0.00012336612597903886,Cairo,0,1658,3902.0
Cairo_y2020.tif,6146,0.062479661568499836,0.035245688252521966,Cairo,0,1717,3902.0
Cairo_y2020.tif,1213,0.7609233305853257,0.26926628194558944,Cairo,0,1716,3902.0
Cairo_y2020.tif,2992,0.7653743315508021,0.28342580213903745,Cairo,0,1734,3902.0
Cairo_y2020.tif,2900,0.8386206896551724,0.33172413793103445,Cairo,0,1726,3902.0
Cairo_y2020.tif,4894,0.8814875357580712,0.36833571720474056,Cairo,0,1762,3902.0
Cairo_y2020.tif,16826,0.0123023891596339,0.02286342565077856,Cairo,0,1576,3902.0
Cairo_y2020.tif,20786,0.0166458193014529,0.0305431540459925,Cairo,0,1587,3902.0
Cairo_y2020.tif,28727,0.1349253315696035,0.0631165802206983,Cairo,0,1656,3902.0
Cairo_y2020.tif,4790,0.9881002087682672,0.3922974947807933,Cairo,0,1664,3902.0
Cairo_y2020.tif,1533,0.974559686888454,0.39081213307240703,Cairo,0,1673,3902.0
Cairo_y2020.tif,2247,0.9675122385402759,0.39872274143302183,Cairo,0,1682,3902.0
Cairo_y2020.tif,2249,0.9390840373499333,0.3899555357936861,Cairo,0,1684,3902.0
Cairo_y2020.tif,3185,0.8750392464678179,0.33724489795918366,Cairo,0,1694,3902.0
Cairo_y2020.tif,36269,0.0,0.0,Cairo,0,1607,3902.0
Cairo_y2020.tif,23272,0.0,0.00543077518047439,Cairo,0,1616,3902.0
Cairo_y2020.tif,6361,0.0,0.0243845307341613,Cairo,0,1624,3902.0
Cairo_y2020.tif,22703,0.0,0.0,Cairo,0,1495,3902.0
Cairo_y2020.tif,15405,0.0,0.0,Cairo,0,1533,3902.0
Cairo_y2020.tif,27940,0.002612741589119542,0.009013063707945598,Cairo,0,1654,3902.0
Cairo_y2020.tif,14041,0.2390855352182893,0.11984972580300549,Cairo,0,1737,3902.0
Cairo_y2020.tif,3246,0.9864448552064079,0.4093253234750462,Cairo,0,1761,3902.0
Cairo_y2020.tif,1704,0.9424882629107981,0.36210680751173707,Cairo,0,1774,3902.0
Cairo_y2020.tif,2225,0.9950561797752809,0.37413932584269666,Cairo,1,1775,3902.0
Cairo_y2020.tif,2159,0.7318202871699862,0.27780222325150533,Cairo,0,1800,3902.0
Cairo_y2020.tif,6523,0.6256323777403036,0.24619116970718993,Cairo,0,1665,3902.0
Cairo_y2020.tif,8695,0.34008050603795287,0.14246635997699827,Cairo,0,1683,3902.0
Cairo_y2020.tif,1532,0.6455613577023499,0.2802219321148825,Cairo,0,1689,3902.0
Cairo_y2020.tif,2769,0.6334416756951968,0.23705308775731315,Cairo,0,1699,3902.0
Cairo_y2020.tif,15010,0.04890073284477015,0.05310393071285809,Cairo,0,1748,3902.0
Cairo_y2020.tif,36099,0.06570819136264162,0.027625973018643175,Cairo,0,1845,3902.0
Cairo_y2020.tif,5495,0.4302092811646952,0.16443130118289354,Cairo,0,1954,3902.0
Cairo_y2020.tif,5145,0.3127308066083576,0.1510340136054422,Cairo,0,2114,3902.0
Cairo_y2020.tif,327,0.7522935779816514,0.2909785932721713,Cairo,0,2153,3902.0
Cairo_y2020.tif,421,1.0,0.39625890736342045,Cairo,1,2209,3902.0
Cairo_y2020.tif,20675,0.15037484885126964,0.08384304715840386,Cairo,0,1671,3902.0
Cairo_y2020.tif,2971,0.9252776842813868,0.3628407943453383,Cairo,1,1674,3902.0
Cairo_y2020.tif,7645,0.40065402223675606,0.16775408763897973,Cairo,0,1696,3902.0
Cairo_y2020.tif,7675,0.4751791530944625,0.20226449511400652,Cairo,0,1709,3902.0
Cairo_y2020.tif,4047,0.4361255250803064,0.1881578947368421,Cairo,0,1713,3902.0
Cairo_y2020.tif,2604,0.9907834101382489,0.40483102918586794,Cairo,1,1723,3902.0
Cairo_y2020.tif,2350,1.0,0.4192723404255319,Cairo,1,1724,3902.0
Cairo_y2020.tif,4151,0.5444471211756203,0.22407973982172966,Cairo,0,1788,3902.0
Cairo_y2020.tif,70925,0.0362354599929503,0.01642516743038421,Cairo,0,2024,3902.0
Cairo_y2020.tif,12085,0.12511377741001242,0.05783409184940009,Cairo,0,2576,3902.0
Cairo_y2020.tif,1658,0.8443908323281062,0.3270476477683957,Cairo,0,1692,3902.0
Cairo_y2020.tif,1814,1.0,0.4148842337375964,Cairo,0,1695,3902.0
Cairo_y2020.tif,2766,0.38503253796095444,0.16206073752711497,Cairo,0,1707,3902.0
Cairo_y2020.tif,10910,0.21411549037580202,0.09412648945921175,Cairo,0,1720,3902.0
Cairo_y2020.tif,20501,0.24628066923564704,0.10394322228183991,Cairo,0,1740,3902.0
Cairo_y2020.tif,27490,0.04354310658421244,0.02543233903237541,Cairo,0,2068,3902.0
Cairo_y2020.tif,7987,0.3809941154375861,0.15806310254163017,Cairo,0,2437,3902.0
Cairo_y2020.tif,13605,0.06181550900404263,0.03268540977581772,Cairo,0,2567,3902.0
Cairo_y2020.tif,1299,0.3887605850654349,0.1980331023864511,Cairo,0,2631,3902.0
Cairo_y2020.tif,1353,1.0,0.4091204730229121,Cairo,1,2677,3902.0
Cairo_y2020.tif,580,0.05172413793103448,0.12569827586206897,Cairo,0,2532,3902.0
Cairo_y2020.tif,463,1.0,0.4024730021598273,Cairo,1,2590,3902.0
Cairo_y2020.tif,324,0.9351851851851852,0.3364814814814815,Cairo,1,2587,3902.0
Cairo_y2020.tif,260,1.0,0.41780769230769227,Cairo,1,2593,3902.0
Cairo_y2020.tif,289,1.0,0.40351211072664356,Cairo,1,2597,3902.0
Cairo_y2020.tif,365,1.0,0.3693972602739726,Cairo,1,2600,3902.0
Cairo_y2020.tif,341,0.6686217008797654,0.3116715542521994,Cairo,1,2605,3902.0
Cairo_y2020.tif,365,0.5835616438356165,0.2862328767123288,Cairo,1,2611,3902.0
Cairo_y2020.tif,692,0.9754335260115607,0.3736777456647399,Cairo,1,2608,3902.0
Cairo_y2020.tif,508,1.0,0.423976377952756,Cairo,1,2632,3902.0
Cairo_y2020.tif,2097,0.9251311397234144,0.3682331902718169,Cairo,0,1766,3902.0
Cairo_y2020.tif,1635,1.0,0.4387859327217125,Cairo,1,1791,3902.0
Cairo_y2020.tif,1608,1.0,0.424443407960199,Cairo,1,1792,3902.0
Cairo_y2020.tif,2154,1.0,0.4262766945218199,Cairo,0,1807,3902.0
Cairo_y2020.tif,2308,1.0,0.4148071923743501,Cairo,0,1811,3902.0
Cairo_y2020.tif,2159,0.9791570171375636,0.3985803612783696,Cairo,1,1809,3902.0
Cairo_y2020.tif,2057,0.9990277102576568,0.3915556635877492,Cairo,0,1832,3902.0
Cairo_y2020.tif,2831,0.8096079123984458,0.298089014482515,Cairo,0,1858,3902.0
Cairo_y2020.tif,1837,0.854109961894393,0.33474414806750136,Cairo,1,1842,3902.0
Cairo_y2020.tif,4189,0.9279064215803294,0.36425280496538553,Cairo,0,1866,3902.0
Cairo_y2020.tif,20925,0.0699641577060932,0.02758542413381123,Cairo,0,1889,3902.0
Cairo_y2020.tif,19929,0.28476090119925734,0.11032741231371367,Cairo,0,1966,3902.0
Cairo_y2020.tif,1248,1.0,0.38763621794871794,Cairo,1,1965,3902.0
Cairo_y2020.tif,1864,1.0,0.41895386266094425,Cairo,1,2004,3902.0
Cairo_y2020.tif,2368,1.0,0.4220038006756757,Cairo,0,2008,3902.0
Cairo_y2020.tif,1963,0.9011716760061131,0.3683290881304126,Cairo,1,2057,3902.0
Cairo_y2020.tif,4410,0.29365079365079366,0.16148526077097505,Cairo,0,2085,3902.0
Cairo_y2020.tif,1950,1.0,0.4192128205128205,Cairo,1,2152,3902.0
Cairo_y2020.tif,1667,1.0,0.3885842831433713,Cairo,1,2162,3902.0
Cairo_y2020.tif,2393,0.9657333890513999,0.3445528625156707,Cairo,0,2169,3902.0
Cairo_y2020.tif,3258,0.6550030693677102,0.24611418047882133,Cairo,0,1795,3902.0
Cairo_y2020.tif,2532,0.4099526066350711,0.15902843601895733,Cairo,0,2103,3902.0
Cairo_y2020.tif,3092,0.43402328589909445,0.16265038809831825,Cairo,0,2188,3902.0
Cairo_y2020.tif,5448,0.3041483113069016,0.13273311306901614,Cairo,0,2291,3902.0
Cairo_y2020.tif,1864,0.5171673819742489,0.26136802575107293,Cairo,0,2399,3902.0
Cairo_y2020.tif,411,0.0,0.12523114355231144,Cairo,0,2428,3902.0
Cairo_y2020.tif,435,0.05747126436781609,0.20827586206896553,Cairo,1,2450,3902.0
Cairo_y2020.tif,445,0.0,0.085,Cairo,1,2453,3902.0
Cairo_y2020.tif,653,0.7901990811638591,0.28363705972434916,Cairo,0,2528,3902.0
Cairo_y2020.tif,479,0.697286012526096,0.27983298538622126,Cairo,1,2525,3902.0
Cairo_y2020.tif,2411,0.9987557030277893,0.3776835338034011,Cairo,0,1970,3902.0
Cairo_y2020.tif,1929,0.7713841368584758,0.2565655780196993,Cairo,0,2002,3902.0
Cairo_y2020.tif,9244,0.6347901341410644,0.2387597360450022,Cairo,0,2064,3902.0
Cairo_y2020.tif,2092,0.9636711281070746,0.3544144359464627,Cairo,1,2094,3902.0
Cairo_y2020.tif,3604,0.9675360710321864,0.37105854605993344,Cairo,0,2145,3902.0
Cairo_y2020.tif,880,0.8090909090909091,0.32648295454545456,Cairo,1,2163,3902.0
Cairo_y2020.tif,998,1.0,0.4036472945891783,Cairo,1,2144,3902.0
Cairo_y2020.tif,1290,1.0,0.3874031007751938,Cairo,0,2195,3902.0
Cairo_y2020.tif,760,1.0,0.4348618421052632,Cairo,1,2229,3902.0
Cairo_y2020.tif,1013,0.7453109575518263,0.3002467917077986,Cairo,1,2303,3902.0
Cairo_y2020.tif,1173,0.8414322250639387,0.3133930093776641,Cairo,0,2078,3902.0
Cairo_y2020.tif,2743,0.6828290193219103,0.2601203062340503,Cairo,0,2109,3902.0
Cairo_y2020.tif,363,0.44077134986225897,0.20028925619834714,Cairo,1,2119,3902.0
Cairo_y2020.tif,387,1.0,0.43904392764857886,Cairo,1,2158,3902.0
Cairo_y2020.tif,1341,0.9761372110365399,0.38687173750932136,Cairo,1,2166,3902.0
Cairo_y2020.tif,957,1.0,0.43495297805642635,Cairo,1,2216,3902.0
Cairo_y2020.tif,651,1.0,0.43543010752688177,Cairo,1,2231,3902.0
Cairo_y2020.tif,1026,0.9152046783625731,0.33439083820662774,Cairo,1,2362,3902.0
Cairo_y2020.tif,870,1.0,0.40649425287356317,Cairo,1,2296,3902.0
Cairo_y2020.tif,319,1.0,0.43581504702194357,Cairo,1,2295,3902.0
Cairo_y2020.tif,1053,0.8347578347578347,0.3149477682811016,Cairo,1,2290,3902.0
Cairo_y2020.tif,1049,0.8360343183984748,0.3376406101048618,Cairo,1,2288,3902.0
Cairo_y2020.tif,729,0.5857338820301783,0.28594650205761313,Cairo,1,2217,3902.0
Cairo_y2020.tif,673,1.0,0.4075780089153047,Cairo,1,2313,3902.0
Cairo_y2020.tif,443,1.0,0.4357900677200903,Cairo,1,2318,3902.0
Cairo_y2020.tif,367,0.0,0.12580381471389646,Cairo,1,2376,3902.0
Cairo_y2020.tif,785,0.9592356687898089,0.3507707006369427,Cairo,1,2395,3902.0
Cairo_y2020.tif,592,0.0,0.11670608108108106,Cairo,0,2414,3902.0
Cairo_y2020.tif,893,1.0,0.4237569988801792,Cairo,1,2420,3902.0
Cairo_y2020.tif,2547,0.6650961915979584,0.2393050647820966,Cairo,0,2463,3902.0
Cairo_y2020.tif,3190,0.5833855799373041,0.2123150470219436,Cairo,0,2287,3902.0
Cairo_y2020.tif,3532,0.10390713476783692,0.14470554926387316,Cairo,0,2435,3902.0
Cairo_y2020.tif,4762,0.125367492650147,0.10611717765644688,Cairo,0,2549,3902.0
Cairo_y2020.tif,662,0.0,0.07947885196374622,Cairo,1,2459,3902.0
Cairo_y2020.tif,856,0.12266355140186916,0.11468457943925234,Cairo,0,2497,3902.0
Cairo_y2020.tif,404,0.0,0.06986386138613862,Cairo,1,2543,3902.0
Cairo_y2020.tif,319,0.0,0.10594043887147336,Cairo,0,2547,3902.0
Cairo_y2020.tif,920,0.9684782608695652,0.4089347826086957,Cairo,1,2651,3902.0
Cairo_y2020.tif,411,0.2846715328467153,0.22291970802919708,Cairo,1,2620,3902.0
Cairo_y2020.tif,341,1.0,0.4138123167155426,Cairo,1,2625,3902.0
Cairo_y2020.tif,509,1.0,0.3938015717092338,Cairo,1,2477,3902.0
Cairo_y2020.tif,444,1.0,0.34418918918918917,Cairo,1,2495,3902.0
Cairo_y2020.tif,260,0.4576923076923077,0.25661538461538463,Cairo,0,2478,3902.0
Cairo_y2020.tif,335,0.22388059701492538,0.1868955223880597,Cairo,1,2489,3902.0
Cairo_y2020.tif,444,1.0,0.41581081081081084,Cairo,1,2512,3902.0
Cairo_y2020.tif,331,0.9969788519637462,0.3092749244712991,Cairo,1,2529,3902.0
Cairo_y2020.tif,314,0.5286624203821656,0.28156050955414014,Cairo,1,2498,3902.0
Cairo_y2020.tif,257,0.0,0.11527237354085604,Cairo,1,2513,3902.0
Cairo_y2020.tif,205,0.848780487804878,0.29485365853658535,Cairo,1,2536,3902.0
Cairo_y2020.tif,415,0.8265060240963855,0.29792771084337355,Cairo,1,2589,3902.0
Cairo_y2020.tif,299,0.68561872909699,0.30331103678929766,Cairo,1,2569,3902.0
Cairo_y2020.tif,467,0.16059957173447537,0.18568522483940045,Cairo,1,2556,3902.0
Cairo_y2020.tif,495,0.9535353535353536,0.3582828282828282,Cairo,1,2539,3902.0
Cairo_y2020.tif,408,0.07598039215686274,0.13602941176470587,Cairo,1,2579,3902.0
Cairo_y2020.tif,547,0.5886654478976234,0.21928702010968923,Cairo,1,2635,3902.0
Cairo_y2020.tif,638,0.9231974921630094,0.3672413793103448,Cairo,1,2624,3902.0
Cairo_y2020.tif,397,1.0,0.4263224181360202,Cairo,1,2702,3902.0
Cairo_y2020.tif,353,0.9376770538243626,0.31852691218130313,Cairo,1,2751,3902.0
Cairo_y2020.tif,1902,0.14668769716088328,0.12240273396424817,Cairo,0,2772,3902.0
Cairo_y2020.tif,665,0.9383458646616541,0.3612406015037594,Cairo,1,2802,3902.0
Cairo_y2020.tif,505,0.0,0.17364356435643563,Cairo,1,2628,3902.0
Cairo_y2020.tif,518,0.9864864864864865,0.3761003861003861,Cairo,1,2645,3902.0
Cairo_y2020.tif,441,0.3786848072562358,0.2679138321995465,Cairo,1,2636,3902.0
Cairo_y2020.tif,267,0.5730337078651685,0.2697003745318352,Cairo,1,2685,3902.0
Cairo_y2020.tif,416,0.9663461538461539,0.37617788461538465,Cairo,0,2696,3902.0
Cairo_y2020.tif,390,1.0,0.43102564102564095,Cairo,1,2718,3902.0
Cairo_y2020.tif,529,1.0,0.4430434782608696,Cairo,1,2775,3902.0
Cairo_y2020.tif,544,0.9375,0.3780606617647059,Cairo,1,2784,3902.0
Cairo_y2020.tif,2153,0.3943334881560613,0.2172967951695309,Cairo,1,2886,3902.0
Cairo_y2020.tif,830,0.41325301204819276,0.2529096385542169,Cairo,1,2841,3902.0
Cairo_y2020.tif,4225,0.9578698224852071,0.3911680473372781,Cairo,0,1749,3902.0
Cairo_y2020.tif,1499,1.0,0.4207771847898599,Cairo,1,1759,3902.0
Cairo_y2020.tif,2520,0.9694444444444444,0.40155753968253965,Cairo,1,1784,3902.0
Cairo_y2020.tif,20325,0.0,0.005407380073800737,Cairo,0,2141,3902.0
Cairo_y2020.tif,24276,0.13062283737024222,0.07499958807052232,Cairo,0,2301,3902.0
Cairo_y2020.tif,372,0.9838709677419355,0.33416666666666667,Cairo,1,2187,3902.0
Cairo_y2020.tif,174,1.0,0.38620689655172413,Cairo,1,2178,3902.0
Cairo_y2020.tif,249,0.6385542168674698,0.2608032128514056,Cairo,0,2199,3902.0
Cairo_y2020.tif,423,1.0,0.39439716312056733,Cairo,1,2223,3902.0
Cairo_y2020.tif,168,0.08928571428571429,0.19273809523809526,Cairo,1,2218,3902.0
Cairo_y2020.tif,3019,0.40973832394832727,0.18974494865849617,Cairo,0,1868,3902.0
Cairo_y2020.tif,2187,0.9483310470964792,0.39229538180155465,Cairo,0,1890,3902.0
Cairo_y2020.tif,5843,0.7124764675680301,0.2841511209994866,Cairo,0,1930,3902.0
Cairo_y2020.tif,4461,0.7756108495852948,0.32431629679444074,Cairo,0,1937,3902.0
Cairo_y2020.tif,3045,0.9087027914614122,0.36000656814449916,Cairo,1,1983,3902.0
Cairo_y2020.tif,1399,0.540385989992852,0.2721515368120086,Cairo,1,2020,3902.0
Cairo_y2020.tif,5040,0.42936507936507934,0.178,Cairo,0,2058,3902.0
Cairo_y2020.tif,2049,0.5134211810639336,0.2201561737432894,Cairo,0,2076,3902.0
Cairo_y2020.tif,8249,0.1512910655837071,0.09478118559825434,Cairo,0,2373,3902.0
Cairo_y2020.tif,1131,0.23342175066312998,0.19647214854111406,Cairo,0,2066,3902.0
Cairo_y2020.tif,15901,0.17935978869253505,0.0848883718005157,Cairo,0,1878,3902.0
Cairo_y2020.tif,6788,0.2834413671184443,0.12427666470241604,Cairo,0,1891,3902.0
Cairo_y2020.tif,3780,0.018518518518518517,0.04994444444444445,Cairo,0,1932,3902.0
Cairo_y2020.tif,1642,0.5968331303288672,0.26110840438489646,Cairo,1,1974,3902.0
Cairo_y2020.tif,529,0.003780718336483932,0.16892249527410208,Cairo,1,1963,3902.0
Cairo_y2020.tif,867,0.20069204152249134,0.2133621683967705,Cairo,1,2023,3902.0
Cairo_y2020.tif,2673,0.022072577628133184,0.04710624766180321,Cairo,0,2372,3902.0
Cairo_y2020.tif,84046,0.002010803607548247,0.0027530162054113226,Cairo,0,3557,3902.0
Cairo_y2020.tif,168,0.43452380952380953,0.26279761904761906,Cairo,1,2726,3902.0
Cairo_y2020.tif,1095,0.5095890410958904,0.2604246575342466,Cairo,1,2874,3902.0
Cairo_y2020.tif,358,1.0,0.4355446927374302,Cairo,1,2256,3902.0
Cairo_y2020.tif,217,0.31797235023041476,0.21490783410138248,Cairo,1,2244,3902.0
Cairo_y2020.tif,140,0.4928571428571429,0.27203571428571427,Cairo,1,2262,3902.0
Cairo_y2020.tif,597,0.1541038525963149,0.1810134003350084,Cairo,1,2316,3902.0
Cairo_y2020.tif,661,1.0,0.44742057488653564,Cairo,1,2315,3902.0
Cairo_y2020.tif,160,0.575,0.27665625,Cairo,1,2323,3902.0
Cairo_y2020.tif,597,1.0,0.4126884422110553,Cairo,1,2343,3902.0
Cairo_y2020.tif,147,0.7755102040816326,0.31316326530612254,Cairo,1,2329,3902.0
Cairo_y2020.tif,217,0.9723502304147466,0.3644009216589862,Cairo,1,2336,3902.0
Cairo_y2020.tif,570,1.0,0.45057894736842113,Cairo,1,2364,3902.0
Cairo_y2020.tif,397,1.0,0.40837531486146095,Cairo,1,2300,3902.0
Cairo_y2020.tif,762,1.0,0.44629921259842525,Cairo,1,2292,3902.0
Cairo_y2020.tif,463,1.0,0.41026997840172796,Cairo,1,2340,3902.0
Cairo_y2020.tif,549,0.9927140255009107,0.4034426229508197,Cairo,1,2371,3902.0
Cairo_y2020.tif,729,0.4828532235939643,0.22026748971193413,Cairo,1,2429,3902.0
Cairo_y2020.tif,801,1.0,0.44800873907615485,Cairo,1,2377,3902.0
Cairo_y2020.tif,414,0.9492753623188406,0.38711352657004827,Cairo,1,2396,3902.0
Cairo_y2020.tif,419,0.9427207637231504,0.3943317422434368,Cairo,1,2411,3902.0
Cairo_y2020.tif,427,1.0,0.43004683840749414,Cairo,1,2502,3902.0
Cairo_y2020.tif,223,0.8654708520179372,0.37313901345291484,Cairo,1,2446,3902.0
Cairo_y2020.tif,1099,0.2775250227479527,0.22061419472247495,Cairo,1,2447,3902.0
Cairo_y2020.tif,633,1.0,0.44098736176935227,Cairo,1,2380,3902.0
Cairo_y2020.tif,582,1.0,0.43282646048109963,Cairo,1,2433,3902.0
Cairo_y2020.tif,272,0.8676470588235294,0.35777573529411766,Cairo,1,2407,3902.0
Cairo_y2020.tif,492,1.0,0.43072154471544716,Cairo,1,2422,3902.0
Cairo_y2020.tif,973,1.0,0.43754367934224053,Cairo,1,2500,3902.0
Cairo_y2020.tif,645,0.6558139534883721,0.3338139534883721,Cairo,1,2510,3902.0
Cairo_y2020.tif,1169,1.0,0.4382335329341317,Cairo,1,2564,3902.0
Cairo_y2020.tif,505,1.0,0.4400792079207921,Cairo,1,2584,3902.0
Cairo_y2020.tif,483,1.0,0.4382091097308488,Cairo,1,2585,3902.0
Cairo_y2020.tif,544,1.0,0.43151654411764706,Cairo,0,2595,3902.0
Cairo_y2020.tif,634,1.0,0.41781545741324916,Cairo,0,2649,3902.0
Cairo_y2020.tif,768,1.0,0.42438802083333327,Cairo,1,2723,3902.0
Cairo_y2020.tif,496,1.0,0.426804435483871,Cairo,1,2691,3902.0
Cairo_y2020.tif,222,0.26576576576576577,0.15295045045045044,Cairo,1,2666,3902.0
Cairo_y2020.tif,192,0.3958333333333333,0.22286458333333334,Cairo,0,2700,3902.0
Cairo_y2020.tif,428,1.0,0.4312032710280374,Cairo,1,2734,3902.0
Cairo_y2020.tif,345,1.0,0.40643478260869564,Cairo,1,2737,3902.0
Cairo_y2020.tif,637,1.0,0.43416012558869693,Cairo,1,2742,3902.0
Cairo_y2020.tif,565,1.0,0.42819469026548673,Cairo,1,2738,3902.0
Cairo_y2020.tif,354,0.8220338983050848,0.36663841807909603,Cairo,1,2461,3902.0
Cairo_y2020.tif,624,0.08333333333333333,0.14057692307692307,Cairo,1,2475,3902.0
Cairo_y2020.tif,418,0.9688995215311005,0.3759090909090909,Cairo,1,2492,3902.0
Cairo_y2020.tif,183,0.0,0.12136612021857922,Cairo,0,2507,3902.0
Cairo_y2020.tif,588,0.9982993197278912,0.37055272108843534,Cairo,1,2561,3902.0
Cairo_y2020.tif,238,0.9873949579831933,0.36970588235294116,Cairo,0,2574,3902.0
Cairo_y2020.tif,568,0.9841549295774648,0.37641725352112676,Cairo,1,2612,3902.0
Cairo_y2020.tif,552,0.9981884057971014,0.391213768115942,Cairo,1,2642,3902.0
Cairo_y2020.tif,582,1.0,0.4077319587628866,Cairo,1,2679,3902.0
Cairo_y2020.tif,13935,0.20243989953354863,0.10006027987082886,Cairo,0,3098,3902.0
Cairo_y2020.tif,403,1.0,0.4013771712158809,Cairo,1,2754,3902.0
Cairo_y2020.tif,435,0.6229885057471264,0.3168390804597701,Cairo,1,2762,3902.0
Cairo_y2020.tif,448,1.0,0.437421875,Cairo,1,2773,3902.0
Cairo_y2020.tif,601,1.0,0.4223793677204659,Cairo,1,2785,3902.0
Cairo_y2020.tif,950,1.0,0.4397368421052632,Cairo,1,2806,3902.0
Cairo_y2020.tif,941,0.900106269925611,0.33492561105207225,Cairo,1,2794,3902.0
Cairo_y2020.tif,395,0.8379746835443038,0.3187341772151899,Cairo,1,2902,3902.0
Cairo_y2020.tif,765,0.9947712418300654,0.3910457516339869,Cairo,1,2933,3902.0
Cairo_y2020.tif,1120,0.8723214285714286,0.35037946428571426,Cairo,0,2877,3902.0
Cairo_y2020.tif,632,0.9367088607594937,0.34579905063291144,Cairo,1,2950,3902.0
Cairo_y2020.tif,495,0.25252525252525254,0.25023232323232325,Cairo,1,2919,3902.0
Cairo_y2020.tif,15408,0.0625,0.07027518172377986,Cairo,0,3758,3902.0
Cairo_y2020.tif,252,0.9325396825396826,0.2926785714285714,Cairo,0,3088,3902.0
Cairo_y2020.tif,641,1.0,0.39804212168486747,Cairo,1,3078,3902.0
Cairo_y2020.tif,351,1.0,0.4253561253561253,Cairo,1,3190,3902.0
Cairo_y2020.tif,10417,0.0,0.006507631755783816,Cairo,0,3660,3902.0
Cairo_y2020.tif,6822,0.0,0.03059659923776019,Cairo,0,3703,3902.0
Cairo_y2020.tif,401,0.9152119700748129,0.36215710723192024,Cairo,1,3437,3902.0
Cairo_y2020.tif,2330,0.3643776824034335,0.19812017167381973,Cairo,0,3516,3902.0
Cairo_y2020.tif,3066,0.22015655577299412,0.1027788649706458,Cairo,0,3662,3902.0
Cairo_y2020.tif,4655,0.0,0.0,Cairo,0,327,3902.0
Cairo_y2020.tif,11230,0.0,0.0,Cairo,1,338,3902.0
Cairo_y2020.tif,8401,0.0,0.0,Cairo,0,331,3902.0
Cairo_y2020.tif,5485,0.0,0.0,Cairo,0,337,3902.0
Cairo_y2020.tif,89151,0.0,0.0,Cairo,0,357,3902.0
Cairo_y2020.tif,10793,0.0,0.0,Cairo,0,375,3902.0
Cairo_y2020.tif,174717,0.0,0.0,Cairo,0,501,3902.0
Cairo_y2020.tif,29504,0.0,0.0,Cairo,0,494,3902.0
Cairo_y2020.tif,119051,0.1280627630175303,0.05717209431252152,Cairo,0,977,3902.0
Cairo_y2020.tif,15134,0.19796484736355227,0.113687723007797,Cairo,0,722,3902.0
Cairo_y2020.tif,3978,0.0,0.0,Cairo,0,482,3902.0
Cairo_y2020.tif,1913,0.0,0.0,Cairo,1,483,3902.0
Cairo_y2020.tif,3768,0.0,0.0,Cairo,0,486,3902.0
Cairo_y2020.tif,1580,0.0,0.0,Cairo,0,485,3902.0
Cairo_y2020.tif,2569,0.0,0.0,Cairo,0,489,3902.0
Cairo_y2020.tif,49453,0.0,0.0,Cairo,0,565,3902.0
Cairo_y2020.tif,21962,0.0,0.0011813587104999546,Cairo,0,602,3902.0
Cairo_y2020.tif,12026,0.0,0.0004003825045734242,Cairo,0,605,3902.0
Cairo_y2020.tif,5147,0.0,0.0035399261705848072,Cairo,0,976,3902.0
Cairo_y2020.tif,21508,0.0064627115491909986,0.010526315789473686,Cairo,0,819,3902.0
Cairo_y2020.tif,9467,0.40223935776909264,0.16936938840181684,Cairo,0,851,3902.0
Cairo_y2020.tif,3742,0.7084446819882416,0.28048503474078035,Cairo,0,770,3902.0
Cairo_y2020.tif,1173,0.9735720375106565,0.3465217391304348,Cairo,0,796,3902.0
Cairo_y2020.tif,1420,1.0,0.37991197183098585,Cairo,0,812,3902.0
Cairo_y2020.tif,3720,0.7271505376344086,0.2997876344086022,Cairo,0,893,3902.0
Cairo_y2020.tif,2734,0.5252377468910022,0.23919166057059255,Cairo,0,876,3902.0
Cairo_y2020.tif,1722,0.7857142857142857,0.2993554006968641,Cairo,0,898,3902.0
Cairo_y2020.tif,5236,0.346829640947288,0.13383307868601987,Cairo,0,920,3902.0
Cairo_y2020.tif,2395,1.0,0.38495824634655534,Cairo,0,929,3902.0
Cairo_y2020.tif,1413,0.8966737438075018,0.2829582448690729,Cairo,0,950,3902.0
Cairo_y2020.tif,15831,0.0,6.316720358789718e-05,Cairo,0,821,3902.0
Cairo_y2020.tif,9672,0.04425144747725393,0.027365074441687346,Cairo,0,818,3902.0
Cairo_y2020.tif,9365,0.14970635344367325,0.06009343299519487,Cairo,0,983,3902.0
Cairo_y2020.tif,8432,0.0967741935483871,0.044458610056925994,Cairo,0,982,3902.0
Cairo_y2020.tif,3505,0.487018544935806,0.1927646219686163,Cairo,0,1049,3902.0
Cairo_y2020.tif,5877,0.2035051897226476,0.08817508933129148,Cairo,0,1064,3902.0
Cairo_y2020.tif,3629,0.2942959492973271,0.0981510057867181,Cairo,0,1114,3902.0
Cairo_y2020.tif,6907,0.0,0.0,Cairo,0,1117,3902.0
Cairo_y2020.tif,6942,0.0,0.005206712762892539,Cairo,0,1154,3902.0
Cairo_y2020.tif,21280,0.0,4.5582706766917294e-05,Cairo,0,1152,3902.0
Cairo_y2020.tif,811,0.9297163995067818,0.3742786683107274,Cairo,1,925,3902.0
Cairo_y2020.tif,5694,0.9689146469968388,0.3964761152089919,Cairo,1,987,3902.0
Cairo_y2020.tif,940,1.0,0.40684574468085105,Cairo,0,958,3902.0
Cairo_y2020.tif,1462,0.9890560875512996,0.348546511627907,Cairo,0,969,3902.0
Cairo_y2020.tif,572,1.0,0.38750874125874124,Cairo,0,990,3902.0
Cairo_y2020.tif,723,0.8893499308437067,0.33498616874135545,Cairo,0,1015,3902.0
Cairo_y2020.tif,1139,1.0,0.3964969271290606,Cairo,0,1013,3902.0
Cairo_y2020.tif,2196,0.796448087431694,0.2511908014571949,Cairo,0,1031,3902.0
Cairo_y2020.tif,913,1.0,0.40298466593647325,Cairo,1,1022,3902.0
Cairo_y2020.tif,1825,0.9873972602739726,0.38196438356164386,Cairo,1,1025,3902.0
Cairo_y2020.tif,1092,0.7106227106227107,0.2795467032967033,Cairo,0,1038,3902.0
Cairo_y2020.tif,1418,0.9428772919605077,0.33084978843441465,Cairo,0,1041,3902.0
Cairo_y2020.tif,3165,0.9696682464454977,0.3647709320695103,Cairo,0,1062,3902.0
Cairo_y2020.tif,1001,0.974025974025974,0.3512237762237762,Cairo,0,1050,3902.0
Cairo_y2020.tif,1016,0.9950787401574803,0.3826574803149606,Cairo,0,1059,3902.0
Cairo_y2020.tif,1671,0.5888689407540395,0.21805804907241172,Cairo,0,1066,3902.0
Cairo_y2020.tif,2322,0.9086993970714901,0.32621662360034454,Cairo,0,1086,3902.0
Cairo_y2020.tif,14250,0.2392280701754386,0.09993438596491229,Cairo,0,1136,3902.0
Cairo_y2020.tif,1145,1.0,0.382117903930131,Cairo,0,1088,3902.0
Cairo_y2020.tif,12597,0.24871001031991744,0.0917456537270779,Cairo,0,1113,3902.0
Cairo_y2020.tif,2117,0.5436939064714218,0.22510392064241852,Cairo,0,1121,3902.0
Cairo_y2020.tif,10331,0.27296486303358825,0.11792904849482141,Cairo,0,1156,3902.0
Cairo_y2020.tif,4484,0.20182872435325602,0.09664696699375558,Cairo,0,1148,3902.0
Cairo_y2020.tif,6860,0.07915451895043732,0.05191909620991253,Cairo,0,1149,3902.0
Cairo_y2020.tif,13906,0.0,0.0,Cairo,0,1192,3902.0
Cairo_y2020.tif,8512,0.0,0.0,Cairo,0,1204,3902.0
Cairo_y2020.tif,9899,0.0,0.0,Cairo,0,1230,3902.0
Cairo_y2020.tif,12965,0.0,0.0,Cairo,0,1229,3902.0
Cairo_y2020.tif,21948,0.11841625660652451,0.04581875341716786,Cairo,0,1623,3902.0
Cairo_y2020.tif,83013,0.043414886824955125,0.016057484972233266,Cairo,0,1642,3902.0
Cairo_y2020.tif,56975,0.0,0.0001018867924528302,Cairo,0,1197,3902.0
Cairo_y2020.tif,34386,0.0,0.0,Cairo,0,1243,3902.0
Cairo_y2020.tif,10634,0.2808914801579838,0.11530797442166635,Cairo,0,1586,3902.0
Cairo_y2020.tif,13356,0.41554357592093444,0.16549752920035937,Cairo,0,1590,3902.0
Cairo_y2020.tif,3262,0.9892703862660944,0.3784702636419374,Cairo,0,1592,3902.0
Cairo_y2020.tif,1807,0.9291643608190371,0.35153016048699504,Cairo,0,1594,3902.0
Cairo_y2020.tif,1924,1.0,0.38442567567567565,Cairo,0,1601,3902.0
Cairo_y2020.tif,5145,0.9179786200194363,0.32348785228377064,Cairo,0,1604,3902.0
Cairo_y2020.tif,4548,0.6112576956904133,0.2118909410729991,Cairo,0,1619,3902.0
Cairo_y2020.tif,7931,0.5233892321270962,0.21165994199974786,Cairo,0,1719,3902.0
Cairo_y2020.tif,27783,0.011661807580174927,0.004293272864701436,Cairo,0,1286,3902.0
Cairo_y2020.tif,2343,0.7204438753734529,0.28504908237302606,Cairo,0,1589,3902.0
Cairo_y2020.tif,3819,0.9363707776904949,0.36283974862529456,Cairo,1,1593,3902.0
Cairo_y2020.tif,2910,0.9006872852233677,0.35892611683848796,Cairo,1,1598,3902.0
Cairo_y2020.tif,2482,0.967767929089444,0.3608783239323127,Cairo,0,1603,3902.0
Cairo_y2020.tif,1729,1.0,0.37937246963562754,Cairo,1,1608,3902.0
Cairo_y2020.tif,3450,0.9895652173913043,0.35738985507246374,Cairo,0,1605,3902.0
Cairo_y2020.tif,5474,0.6366459627329193,0.24748995250274022,Cairo,0,1630,3902.0
Cairo_y2020.tif,82183,0.017765231252205443,0.011252753002445763,Cairo,0,1732,3902.0
Cairo_y2020.tif,1364,0.593108504398827,0.2576906158357771,Cairo,0,1728,3902.0
Cairo_y2020.tif,25630,0.024892703862660945,0.01160222395630121,Cairo,0,1714,3902.0
Cairo_y2020.tif,60171,0.0029914742982499877,0.00615653720230676,Cairo,0,1768,3902.0
Cairo_y2020.tif,6637,0.45879162272110896,0.18999623323790868,Cairo,1,1757,3902.0
Cairo_y2020.tif,1516,0.8337730870712401,0.3572130606860158,Cairo,1,1750,3902.0
Cairo_y2020.tif,2960,0.6652027027027027,0.24366047297297297,Cairo,0,1771,3902.0
Cairo_y2020.tif,1309,0.6302521008403361,0.26969060351413293,Cairo,0,1782,3902.0
Cairo_y2020.tif,1968,1.0,0.4045757113821138,Cairo,0,1798,3902.0
Cairo_y2020.tif,1704,1.0,0.43061032863849763,Cairo,0,1799,3902.0
Cairo_y2020.tif,13305,0.2332205937617437,0.10908455467869221,Cairo,0,1846,3902.0
Cairo_y2020.tif,1489,0.8791134989926125,0.28345533915379445,Cairo,0,1837,3902.0
Cairo_y2020.tif,8715,0.3918531267928858,0.1691514629948365,Cairo,0,1129,3902.0
Cairo_y2020.tif,500,1.0,0.42704,Cairo,1,1070,3902.0
Cairo_y2020.tif,2226,0.8081761006289309,0.3430256064690027,Cairo,1,1094,3902.0
Cairo_y2020.tif,946,0.9915433403805497,0.36155919661733615,Cairo,1,1090,3902.0
Cairo_y2020.tif,1287,0.5268065268065268,0.21510489510489508,Cairo,0,1115,3902.0
Cairo_y2020.tif,1247,1.0,0.38135525260625497,Cairo,1,1105,3902.0
Cairo_y2020.tif,6946,0.18802188309818602,0.07939101641232364,Cairo,0,1144,3902.0
Cairo_y2020.tif,23953,0.008516678495386799,0.01132238133010479,Cairo,0,1167,3902.0
Cairo_y2020.tif,9319,0.051185749543942484,0.01955413670994742,Cairo,0,1191,3902.0
Cairo_y2020.tif,6242,0.11262415892342198,0.07344280679269466,Cairo,0,1248,3902.0
Cairo_y2020.tif,1100,1.0,0.4245136363636363,Cairo,1,1081,3902.0
Cairo_y2020.tif,683,0.9985358711566618,0.39448023426061485,Cairo,1,1083,3902.0
Cairo_y2020.tif,1141,1.0,0.4076073619631902,Cairo,1,1097,3902.0
Cairo_y2020.tif,735,1.0,0.4070408163265306,Cairo,1,1099,3902.0
Cairo_y2020.tif,3259,0.3547100337526849,0.1604280454127033,Cairo,0,1128,3902.0
Cairo_y2020.tif,8734,0.15319441264025646,0.06485573620334326,Cairo,0,1160,3902.0
Cairo_y2020.tif,29252,0.0032134554902228905,0.00332165322029263,Cairo,0,1169,3902.0
Cairo_y2020.tif,48243,0.014489148684783284,0.009721514002031383,Cairo,0,1239,3902.0
Cairo_y2020.tif,6833,0.010244402165959315,0.03311063954339236,Cairo,0,1346,3902.0
Cairo_y2020.tif,1844,0.49023861171366595,0.17919468546637743,Cairo,0,1234,3902.0
Cairo_y2020.tif,1695,0.783480825958702,0.28233923303834807,Cairo,0,1252,3902.0
Cairo_y2020.tif,646,1.0,0.417561919504644,Cairo,1,1265,3902.0
Cairo_y2020.tif,478,1.0,0.3857008368200837,Cairo,1,1271,3902.0
Cairo_y2020.tif,16880,0.4841824644549763,0.1859736374407583,Cairo,0,1298,3902.0
Cairo_y2020.tif,373589,0.03200843707925019,0.01977412343511185,Cairo,0,2809,3902.0
Cairo_y2020.tif,3426,0.7726211325160537,0.28155429071803856,Cairo,0,1280,3902.0
Cairo_y2020.tif,1072,1.0,0.4227798507462686,Cairo,1,1289,3902.0
Cairo_y2020.tif,2131,1.0,0.42405208822149226,Cairo,1,1285,3902.0
Cairo_y2020.tif,2041,0.7182753552180304,0.3009260166585007,Cairo,0,1299,3902.0
Cairo_y2020.tif,709,1.0,0.42069816643159375,Cairo,1,1297,3902.0
Cairo_y2020.tif,2236,0.9955277280858676,0.3737768336314848,Cairo,1,1259,3902.0
Cairo_y2020.tif,832,0.8365384615384616,0.312265625,Cairo,1,1255,3902.0
Cairo_y2020.tif,763,1.0,0.3902948885976409,Cairo,1,1260,3902.0
Cairo_y2020.tif,1885,0.4450928381962865,0.16454111405835545,Cairo,0,1266,3902.0
Cairo_y2020.tif,750,1.0,0.36800666666666665,Cairo,1,1268,3902.0
Cairo_y2020.tif,793,1.0,0.4037578814627995,Cairo,1,1264,3902.0
Cairo_y2020.tif,1569,0.9961759082217974,0.3864754620777565,Cairo,1,1274,3902.0
Cairo_y2020.tif,802,1.0,0.4009788029925187,Cairo,1,1279,3902.0
Cairo_y2020.tif,5390,0.36382189239332097,0.14625417439703153,Cairo,0,1342,3902.0
Cairo_y2020.tif,651,0.9416282642089093,0.3632642089093702,Cairo,1,1300,3902.0
Cairo_y2020.tif,803,1.0,0.425491905354919,Cairo,1,1311,3902.0
Cairo_y2020.tif,929,0.6641550053821313,0.2886437029063509,Cairo,1,1304,3902.0
Cairo_y2020.tif,409,1.0,0.4297555012224939,Cairo,1,1314,3902.0
Cairo_y2020.tif,682,1.0,0.37611436950146626,Cairo,1,1317,3902.0
Cairo_y2020.tif,534,1.0,0.4166666666666667,Cairo,1,1316,3902.0
Cairo_y2020.tif,787,0.9733163913595934,0.38095933926302417,Cairo,1,1324,3902.0
Cairo_y2020.tif,635,1.0,0.41472440944881894,Cairo,1,1331,3902.0
Cairo_y2020.tif,1447,1.0,0.41864547339322733,Cairo,1,1326,3902.0
Cairo_y2020.tif,613,0.9836867862969005,0.3925611745513866,Cairo,1,1338,3902.0
Cairo_y2020.tif,777,0.8133848133848134,0.32137065637065637,Cairo,1,1344,3902.0
Cairo_y2020.tif,570,0.9508771929824561,0.36830701754385964,Cairo,1,1312,3902.0
Cairo_y2020.tif,23470,0.2449936088623775,0.10876224968044312,Cairo,0,1366,3902.0
Cairo_y2020.tif,886,0.4650112866817156,0.2068002257336343,Cairo,0,1361,3902.0
Cairo_y2020.tif,1901,0.06628090478695424,0.07885323513940032,Cairo,0,1396,3902.0
Cairo_y2020.tif,525,0.9923809523809524,0.35678095238095237,Cairo,1,1370,3902.0
Cairo_y2020.tif,456,0.9912280701754386,0.3621820175438596,Cairo,1,1378,3902.0
Cairo_y2020.tif,871,1.0,0.42762342135476467,Cairo,1,1382,3902.0
Cairo_y2020.tif,1266,0.6777251184834123,0.27903633491311214,Cairo,1,1384,3902.0
Cairo_y2020.tif,773,1.0,0.4199353169469599,Cairo,1,1394,3902.0
Cairo_y2020.tif,641,0.906396255850234,0.3573166926677067,Cairo,1,1411,3902.0
Cairo_y2020.tif,994,1.0,0.41465291750503014,Cairo,1,1349,3902.0
Cairo_y2020.tif,1312,1.0,0.4114291158536585,Cairo,1,1353,3902.0
Cairo_y2020.tif,779,0.9563543003851092,0.3467329910141207,Cairo,1,1362,3902.0
Cairo_y2020.tif,532,1.0,0.40449248120300757,Cairo,1,1356,3902.0
Cairo_y2020.tif,908,0.9702643171806168,0.34459251101321586,Cairo,1,1364,3902.0
Cairo_y2020.tif,635,1.0,0.3975826771653543,Cairo,1,1369,3902.0
Cairo_y2020.tif,694,1.0,0.3468948126801153,Cairo,0,1377,3902.0
Cairo_y2020.tif,1191,0.9739714525608733,0.33961796809403866,Cairo,1,1374,3902.0
Cairo_y2020.tif,806,0.9987593052109182,0.3619044665012407,Cairo,1,1399,3902.0
Cairo_y2020.tif,995,0.9989949748743718,0.35612562814070353,Cairo,0,1404,3902.0
Cairo_y2020.tif,542,1.0,0.37274907749077496,Cairo,1,1398,3902.0
Cairo_y2020.tif,497,0.8752515090543259,0.3172937625754528,Cairo,1,1414,3902.0
Cairo_y2020.tif,1862,0.7722878625134264,0.2992588614393126,Cairo,1,1422,3902.0
Cairo_y2020.tif,1059,0.8753541076487252,0.3105429650613787,Cairo,1,1433,3902.0
Cairo_y2020.tif,524,0.4961832061068702,0.23756679389312976,Cairo,0,1426,3902.0
Cairo_y2020.tif,415,1.0,0.3690240963855422,Cairo,1,1429,3902.0
Cairo_y2020.tif,613,0.5040783034257749,0.24361337683523657,Cairo,1,1440,3902.0
Cairo_y2020.tif,527,0.8956356736242884,0.2934440227703985,Cairo,1,1438,3902.0
Cairo_y2020.tif,797,0.6511919698870765,0.2870326223337516,Cairo,1,1449,3902.0
Cairo_y2020.tif,1065,0.5511737089201878,0.20160563380281687,Cairo,0,1451,3902.0
Cairo_y2020.tif,1265,0.8213438735177866,0.3107865612648221,Cairo,1,1412,3902.0
Cairo_y2020.tif,1233,1.0,0.40647201946472017,Cairo,1,1423,3902.0
Cairo_y2020.tif,477,1.0,0.43012578616352193,Cairo,1,1427,3902.0
Cairo_y2020.tif,1239,0.87409200968523,0.33397094430992735,Cairo,1,1425,3902.0
Cairo_y2020.tif,457,1.0,0.37517505470459517,Cairo,0,1432,3902.0
Cairo_y2020.tif,1069,0.9990645463049579,0.41574368568755843,Cairo,1,1450,3902.0
Cairo_y2020.tif,968,0.8894628099173554,0.31773243801652895,Cairo,1,1444,3902.0
Cairo_y2020.tif,570,1.0,0.41560526315789476,Cairo,1,1452,3902.0
Cairo_y2020.tif,1632,0.9908088235294118,0.3769209558823529,Cairo,1,1465,3902.0
Cairo_y2020.tif,1341,0.703206562266965,0.23366144668158093,Cairo,0,1459,3902.0
Cairo_y2020.tif,6963,0.25376992675570875,0.14559959787447938,Cairo,0,1448,3902.0
Cairo_y2020.tif,1234,0.7106969205834684,0.2878484602917342,Cairo,0,1455,3902.0
Cairo_y2020.tif,456,0.3048245614035088,0.21506578947368424,Cairo,0,1457,3902.0
Cairo_y2020.tif,1373,0.12527312454479242,0.1669482884195193,Cairo,0,1460,3902.0
Cairo_y2020.tif,795,0.02012578616352201,0.1441383647798742,Cairo,0,1461,3902.0
Cairo_y2020.tif,381,0.0,0.1848031496062992,Cairo,0,1464,3902.0
Cairo_y2020.tif,778,0.11825192802056556,0.11055269922879178,Cairo,0,1470,3902.0
Cairo_y2020.tif,1705,0.23343108504398827,0.1414457478005865,Cairo,0,1476,3902.0
Cairo_y2020.tif,2807,0.16672604203776273,0.11687032418952618,Cairo,0,1480,3902.0
Cairo_y2020.tif,1022,0.07142857142857142,0.13386986301369863,Cairo,0,1483,3902.0
Cairo_y2020.tif,850,0.0,0.0,Cairo,0,476,3902.0
Cairo_y2020.tif,829,0.0,0.0,Cairo,0,477,3902.0
Cairo_y2020.tif,783,0.0,0.0,Cairo,0,479,3902.0
Cairo_y2020.tif,1628,0.0,0.0,Cairo,0,481,3902.0
Cairo_y2020.tif,883,0.0,0.0,Cairo,0,480,3902.0
Cairo_y2020.tif,751,0.0,0.0,Cairo,0,484,3902.0
Cairo_y2020.tif,77353,0.0640440577611728,0.028307305469729684,Cairo,0,996,3902.0
Cairo_y2020.tif,45554,0.17177415814198532,0.0659785090222593,Cairo,0,1163,3902.0
Cairo_y2020.tif,9776,0.00020458265139116204,0.007186988543371522,Cairo,0,1199,3902.0
Cairo_y2020.tif,19090,0.0,0.0,Cairo,0,1257,3902.0
Cairo_y2020.tif,633,0.0,0.0,Cairo,0,624,3902.0
Cairo_y2020.tif,1211,0.4624277456647399,0.22084227910817505,Cairo,0,914,3902.0
Cairo_y2020.tif,2652,0.020361990950226245,0.053557692307692306,Cairo,0,988,3902.0
Cairo_y2020.tif,1589,0.9288860918816866,0.34461611076148524,Cairo,0,992,3902.0
Cairo_y2020.tif,976,0.39549180327868855,0.16960553278688525,Cairo,0,995,3902.0
Cairo_y2020.tif,3426,0.29801517805020433,0.17690309398715706,Cairo,0,1032,3902.0
Cairo_y2020.tif,1383,0.5553145336225597,0.22967823571945045,Cairo,0,1033,3902.0
Cairo_y2020.tif,1310,0.8641221374045801,0.3090763358778626,Cairo,0,1045,3902.0
Cairo_y2020.tif,1700,1.0,0.41006470588235294,Cairo,1,1078,3902.0
Cairo_y2020.tif,1822,0.9934138309549945,0.406860592755214,Cairo,1,1080,3902.0
Cairo_y2020.tif,755,0.0,0.0,Cairo,1,641,3902.0
Cairo_y2020.tif,917,0.0,0.0,Cairo,0,648,3902.0
Cairo_y2020.tif,4233,0.0,0.0,Cairo,0,684,3902.0
Cairo_y2020.tif,15802,0.0,0.002275661308695102,Cairo,0,769,3902.0
Cairo_y2020.tif,25884,0.04280636686756297,0.05154574254365631,Cairo,0,975,3902.0
Cairo_y2020.tif,1464,0.6379781420765027,0.26383196721311475,Cairo,0,991,3902.0
Cairo_y2020.tif,4841,0.6455277835158025,0.24051229084899814,Cairo,0,1067,3902.0
Cairo_y2020.tif,2375,0.9983157894736842,0.3926336842105263,Cairo,1,1060,3902.0
Cairo_y2020.tif,13853,0.03190644625712842,0.03424492889626796,Cairo,0,1102,3902.0
Cairo_y2020.tif,3356,0.2738379022646007,0.12943087008343265,Cairo,0,1111,3902.0
Cairo_y2020.tif,2305,0.9991323210412147,0.3929349240780911,Cairo,0,1093,3902.0
Cairo_y2020.tif,3877,0.5989166881609492,0.22755738973433068,Cairo,0,1110,3902.0
Cairo_y2020.tif,1206,0.9336650082918739,0.34928689883913766,Cairo,0,1116,3902.0
Cairo_y2020.tif,17114,0.12551127731681663,0.06343812083674184,Cairo,0,1172,3902.0
Cairo_y2020.tif,12477,0.025727338302476557,0.027699366834976355,Cairo,0,1179,3902.0
Cairo_y2020.tif,747,1.0,0.40771753681392237,Cairo,1,1175,3902.0
Cairo_y2020.tif,1920,0.8953125,0.35110416666666666,Cairo,1,1176,3902.0
Cairo_y2020.tif,3894,0.47200821777092966,0.20170647149460708,Cairo,0,1183,3902.0
Cairo_y2020.tif,2625,1.0,0.3917542857142857,Cairo,1,1189,3902.0
Cairo_y2020.tif,617,1.0,0.366547811993517,Cairo,1,1188,3902.0
Cairo_y2020.tif,18116,0.07153897107529256,0.05165240671229852,Cairo,0,1164,3902.0
Cairo_y2020.tif,2981,0.2234149614223415,0.10424186514592419,Cairo,0,1166,3902.0
Cairo_y2020.tif,608,1.0,0.3957730263157895,Cairo,1,1171,3902.0
Cairo_y2020.tif,2302,0.9396177237185056,0.345623370981755,Cairo,0,1173,3902.0
Cairo_y2020.tif,830,0.9518072289156626,0.33277108433734937,Cairo,0,1174,3902.0
Cairo_y2020.tif,3262,0.82158185162477,0.3194083384426732,Cairo,0,1178,3902.0
Cairo_y2020.tif,2117,0.9990552668871044,0.3927916863486065,Cairo,0,1181,3902.0
Cairo_y2020.tif,11867,0.44316170894076007,0.1708068593578832,Cairo,0,1203,3902.0
Cairo_y2020.tif,436,0.9426605504587156,0.33490825688073395,Cairo,0,1198,3902.0
Cairo_y2020.tif,728,0.9162087912087912,0.28223901098901094,Cairo,0,1213,3902.0
Cairo_y2020.tif,5308,0.5131876412961568,0.21011680482290884,Cairo,0,1170,3902.0
Cairo_y2020.tif,6029,0.4952728479018079,0.20443937634765302,Cairo,0,1184,3902.0
Cairo_y2020.tif,15015,0.16456876456876457,0.06465700965700966,Cairo,0,1223,3902.0
Cairo_y2020.tif,2932,0.630968622100955,0.2378274215552524,Cairo,0,1214,3902.0
Cairo_y2020.tif,1021,0.1665034280117532,0.060695396669931435,Cairo,0,1235,3902.0
Cairo_y2020.tif,648,0.8148148148148148,0.29425154320987656,Cairo,0,1323,3902.0
Cairo_y2020.tif,1159,0.6203623813632442,0.2039430543572045,Cairo,0,1308,3902.0
Cairo_y2020.tif,2587,0.8044066486277541,0.279599922690375,Cairo,0,1315,3902.0
Cairo_y2020.tif,491,1.0,0.3557841140529531,Cairo,1,1322,3902.0
Cairo_y2020.tif,1123,1.0,0.4197996438112199,Cairo,1,1327,3902.0
Cairo_y2020.tif,1149,1.0,0.3928416013925152,Cairo,0,1193,3902.0
Cairo_y2020.tif,9904,0.36046042003231016,0.14666397415185783,Cairo,0,1212,3902.0
Cairo_y2020.tif,1612,0.978287841191067,0.36029776674937963,Cairo,0,1202,3902.0
Cairo_y2020.tif,1076,0.637546468401487,0.2525278810408922,Cairo,0,1211,3902.0
Cairo_y2020.tif,9058,0.09483329653345109,0.04094998896003533,Cairo,0,1272,3902.0
Cairo_y2020.tif,19225,0.007750325097529259,0.009349024707412225,Cairo,0,1281,3902.0
Cairo_y2020.tif,6695,0.06572068707991038,0.04416504854368933,Cairo,0,1352,3902.0
Cairo_y2020.tif,3347,0.6955482521661189,0.2623498655512399,Cairo,1,1408,3902.0
Cairo_y2020.tif,517,0.7214700193423598,0.2900870406189555,Cairo,0,1419,3902.0
Cairo_y2020.tif,1558,0.5815147625160462,0.21795571245186138,Cairo,0,1443,3902.0
Cairo_y2020.tif,1483,0.9986513823331086,0.3584524612272421,Cairo,0,1232,3902.0
Cairo_y2020.tif,833,1.0,0.38829531812725093,Cairo,1,1215,3902.0
Cairo_y2020.tif,4396,0.16856232939035487,0.07924818016378526,Cairo,0,1247,3902.0
Cairo_y2020.tif,1306,0.9777947932618682,0.37455206738131697,Cairo,1,1225,3902.0
Cairo_y2020.tif,1512,0.4933862433862434,0.21773478835978838,Cairo,0,1244,3902.0
Cairo_y2020.tif,4239,0.1863647086577023,0.08647322481717386,Cairo,0,1250,3902.0
Cairo_y2020.tif,23622,0.10625687918042502,0.05152315637964609,Cairo,0,1368,3902.0
Cairo_y2020.tif,558429,0.03257352322318504,0.026617842196590795,Cairo,0,3393,3902.0
Cairo_y2020.tif,3462,0.7380127094165222,0.2868905257076834,Cairo,0,1355,3902.0
Cairo_y2020.tif,1363,0.5033015407190022,0.230975788701394,Cairo,0,1373,3902.0
Cairo_y2020.tif,953,1.0,0.40917103882476386,Cairo,1,1334,3902.0
Cairo_y2020.tif,1014,1.0,0.41993096646942796,Cairo,1,1339,3902.0
Cairo_y2020.tif,1581,1.0,0.40209044908285896,Cairo,1,1345,3902.0
Cairo_y2020.tif,1116,1.0,0.41995071684587815,Cairo,1,1354,3902.0
Cairo_y2020.tif,830,1.0,0.39693975903614465,Cairo,1,1348,3902.0
Cairo_y2020.tif,744,1.0,0.3847849462365591,Cairo,1,1376,3902.0
Cairo_y2020.tif,759,1.0,0.40761528326745716,Cairo,0,1380,3902.0
Cairo_y2020.tif,1195,1.0,0.4054476987447699,Cairo,1,1386,3902.0
Cairo_y2020.tif,550,1.0,0.38945454545454544,Cairo,1,1401,3902.0
Cairo_y2020.tif,1129,1.0,0.427511071744907,Cairo,1,1416,3902.0
Cairo_y2020.tif,1361,1.0,0.4102828802351212,Cairo,1,1357,3902.0
Cairo_y2020.tif,1004,1.0,0.39937749003984063,Cairo,0,1395,3902.0
Cairo_y2020.tif,605,0.9950413223140496,0.38192561983471074,Cairo,0,1403,3902.0
Cairo_y2020.tif,743,1.0,0.39874831763122476,Cairo,0,1406,3902.0
Cairo_y2020.tif,486,0.9938271604938271,0.37766460905349797,Cairo,0,1405,3902.0
Cairo_y2020.tif,883,0.9954699886749717,0.3680917327293318,Cairo,0,1415,3902.0
Cairo_y2020.tif,1028,0.9785992217898832,0.35143968871595327,Cairo,0,1417,3902.0
Cairo_y2020.tif,964,0.9948132780082988,0.37976659751037345,Cairo,1,1421,3902.0
Cairo_y2020.tif,1511,0.8888153540701522,0.31728325612177366,Cairo,0,1439,3902.0
Cairo_y2020.tif,731,0.9972640218878249,0.39312585499316005,Cairo,0,1434,3902.0
Cairo_y2020.tif,3462,0.014442518775274409,0.037927498555748125,Cairo,0,1506,3902.0
Cairo_y2020.tif,620,0.5241935483870968,0.2329274193548387,Cairo,0,1469,3902.0
Cairo_y2020.tif,1272,0.7830188679245284,0.2883922955974843,Cairo,0,1466,3902.0
Cairo_y2020.tif,530,0.6113207547169811,0.2130566037735849,Cairo,0,1467,3902.0
Cairo_y2020.tif,2201,0.7074057246706043,0.26214675147660155,Cairo,0,1490,3902.0
Cairo_y2020.tif,657,1.0,0.37219178082191784,Cairo,0,1484,3902.0
Cairo_y2020.tif,2534,0.0,0.035777426992896606,Cairo,0,1547,3902.0
Cairo_y2020.tif,482,0.7531120331950207,0.2783402489626556,Cairo,0,1497,3902.0
Cairo_y2020.tif,1159,0.7161345987920621,0.2586022433132011,Cairo,0,1505,3902.0
Cairo_y2020.tif,2577,0.39076445479239424,0.19195770275514165,Cairo,0,1514,3902.0
Cairo_y2020.tif,858,0.9755244755244755,0.3288636363636364,Cairo,0,1256,3902.0
Cairo_y2020.tif,528,0.9962121212121212,0.3956344696969697,Cairo,1,1375,3902.0
Cairo_y2020.tif,944,0.9311440677966102,0.36184322033898303,Cairo,1,1391,3902.0
Cairo_y2020.tif,299,1.0,0.43065217391304345,Cairo,1,1383,3902.0
Cairo_y2020.tif,591,1.0,0.44236886632825717,Cairo,1,1389,3902.0
Cairo_y2020.tif,819,0.9511599511599511,0.38961538461538464,Cairo,1,1407,3902.0
Cairo_y2020.tif,2262,0.3801945181255526,0.16163793103448276,Cairo,0,1431,3902.0
Cairo_y2020.tif,782,0.7723785166240409,0.2097314578005115,Cairo,0,1436,3902.0
Cairo_y2020.tif,441,0.5238095238095238,0.1938888888888889,Cairo,0,1447,3902.0
Cairo_y2020.tif,5060,0.5403162055335968,0.23984387351778658,Cairo,0,1655,3902.0
Cairo_y2020.tif,1424,0.0,0.02297752808988764,Cairo,0,1543,3902.0
Cairo_y2020.tif,5955,0.6859781696053736,0.25045340050377835,Cairo,0,1541,3902.0
Cairo_y2020.tif,1958,0.7048008171603677,0.2401991828396323,Cairo,0,1535,3902.0
Cairo_y2020.tif,557,0.08797127468581688,0.14147217235188508,Cairo,0,1548,3902.0
Cairo_y2020.tif,919,0.4624591947769314,0.19878128400435258,Cairo,0,1551,3902.0
Cairo_y2020.tif,1138,0.828646748681898,0.29505272407732863,Cairo,0,1558,3902.0
Cairo_y2020.tif,368,0.9592391304347826,0.3511005434782609,Cairo,0,1565,3902.0
Cairo_y2020.tif,1613,0.43459392436453814,0.18930564166150032,Cairo,0,1566,3902.0
Cairo_y2020.tif,2152,0.6570631970260223,0.2565032527881041,Cairo,0,1574,3902.0
Cairo_y2020.tif,1632,0.7040441176470589,0.26156556372549017,Cairo,0,1578,3902.0
Cairo_y2020.tif,774,0.0,0.09982558139534883,Cairo,0,1489,3902.0
Cairo_y2020.tif,1556,0.05398457583547558,0.10480077120822623,Cairo,0,1496,3902.0
Cairo_y2020.tif,669,0.0,0.09246636771300447,Cairo,0,1492,3902.0
Cairo_y2020.tif,10480,0.25419847328244277,0.1252232824427481,Cairo,0,1552,3902.0
Cairo_y2020.tif,1435,0.7707317073170732,0.2540871080139373,Cairo,0,1542,3902.0
Cairo_y2020.tif,3760,0.41914893617021276,0.18113962765957448,Cairo,0,1560,3902.0
Cairo_y2020.tif,3061,0.41130349558967655,0.16497713165632147,Cairo,0,1575,3902.0
Cairo_y2020.tif,7426,0.27053595475356856,0.12987947751144627,Cairo,0,1582,3902.0
Cairo_y2020.tif,1702,0.3683901292596945,0.15129259694477085,Cairo,0,1584,3902.0
Cairo_y2020.tif,9751,0.1588555019997949,0.08168392985334838,Cairo,0,1599,3902.0
Cairo_y2020.tif,697,0.8292682926829268,0.26266140602582494,Cairo,0,1580,3902.0
Cairo_y2020.tif,6136,0.09762059973924381,0.06279253585397654,Cairo,0,1595,3902.0
Cairo_y2020.tif,5277,0.6871328406291454,0.2756547280651886,Cairo,0,1613,3902.0
Cairo_y2020.tif,2413,0.5076668048072939,0.2201512639867385,Cairo,0,1621,3902.0
Cairo_y2020.tif,4373,0.5220672307340498,0.21053510176080495,Cairo,0,1634,3902.0
Cairo_y2020.tif,7684,0.6205101509630401,0.2303481259760541,Cairo,0,1637,3902.0
Cairo_y2020.tif,1752,0.848744292237443,0.2936272831050228,Cairo,0,1646,3902.0
Cairo_y2020.tif,5291,0.6323946323946324,0.251035721035721,Cairo,0,1648,3902.0
Cairo_y2020.tif,3214,0.9710640945861855,0.3687212196639702,Cairo,0,1657,3902.0
Cairo_y2020.tif,2042,0.3770812928501469,0.2318119490695397,Cairo,0,1711,3902.0
Cairo_y2020.tif,1113,0.6181491464510332,0.25749775381850853,Cairo,0,1618,3902.0
Cairo_y2020.tif,3268,0.2481640146878825,0.13326652386780907,Cairo,0,1680,3902.0
Cairo_y2020.tif,5877,0.1999319380636379,0.11710141228517951,Cairo,0,1708,3902.0
Cairo_y2020.tif,9518,0.2552006724101702,0.1352495272115991,Cairo,0,1729,3902.0
Cairo_y2020.tif,4692,0.0741687979539642,0.05352834612105713,Cairo,0,1787,3902.0
Cairo_y2020.tif,1644,0.0,0.023914233576642335,Cairo,0,1794,3902.0
Cairo_y2020.tif,4417,0.6013131084446457,0.21886800996151234,Cairo,0,1797,3902.0
Cairo_y2020.tif,2601,0.9415609381007305,0.2971030372933487,Cairo,0,1834,3902.0
Cairo_y2020.tif,6548,0.43601099572388513,0.15274282223579722,Cairo,0,1841,3902.0
Cairo_y2020.tif,14203,0.318242624797578,0.13103358445398858,Cairo,0,2039,3902.0
Cairo_y2020.tif,3240,0.45925925925925926,0.2204969135802469,Cairo,0,1681,3902.0
Cairo_y2020.tif,987,0.0486322188449848,0.06951367781155016,Cairo,0,1672,3902.0
Cairo_y2020.tif,1355,0.6051660516605166,0.24885239852398525,Cairo,0,1670,3902.0
Cairo_y2020.tif,11199,0.4345923743191356,0.18998482007322084,Cairo,0,1703,3902.0
Cairo_y2020.tif,1031,0.2618816682832202,0.19681377303588748,Cairo,0,1697,3902.0
Cairo_y2020.tif,885,0.4293785310734463,0.2074180790960452,Cairo,0,1706,3902.0
Cairo_y2020.tif,68375,0.08327605118829982,0.06334851919561243,Cairo,0,1823,3902.0
Cairo_y2020.tif,3844,0.09027055150884496,0.07059703433922997,Cairo,0,1844,3902.0
Cairo_y2020.tif,6662,0.01020714500150105,0.060638697087961574,Cairo,0,1972,3902.0
Cairo_y2020.tif,1581,0.1442125237191651,0.10113851992409867,Cairo,0,1969,3902.0
Cairo_y2020.tif,2374,0.706402695871946,0.2557771693344566,Cairo,0,1738,3902.0
Cairo_y2020.tif,2003,0.9016475287069395,0.28536445332002,Cairo,0,1758,3902.0
Cairo_y2020.tif,3901,0.6349653934888491,0.24531145860035886,Cairo,0,1777,3902.0
Cairo_y2020.tif,1706,1.0,0.3867145369284876,Cairo,0,1760,3902.0
Cairo_y2020.tif,5156,0.997866563227308,0.3901852211016292,Cairo,0,1796,3902.0
Cairo_y2020.tif,3600,0.9991666666666666,0.3469486111111111,Cairo,0,1822,3902.0
Cairo_y2020.tif,2771,1.0,0.3699458679177192,Cairo,0,1838,3902.0
Cairo_y2020.tif,4136,0.8387330754352031,0.3054799323017408,Cairo,0,1906,3902.0
Cairo_y2020.tif,2099,0.9294902334444973,0.3381705574082896,Cairo,0,1925,3902.0
Cairo_y2020.tif,3138,0.4668578712555768,0.17775175270873167,Cairo,0,1942,3902.0
Cairo_y2020.tif,4298,0.3941368078175896,0.18959050721265705,Cairo,0,1918,3902.0
Cairo_y2020.tif,12357,0.004369992716678805,0.045751395969895615,Cairo,0,2028,3902.0
Cairo_y2020.tif,1623,0.04004929143561306,0.07753850893407271,Cairo,0,2013,3902.0
Cairo_y2020.tif,740,0.11216216216216217,0.14186486486486488,Cairo,0,2059,3902.0
Cairo_y2020.tif,510,0.6862745098039216,0.25799019607843143,Cairo,0,2077,3902.0
Cairo_y2020.tif,692,0.25,0.1582008670520231,Cairo,0,2092,3902.0
Cairo_y2020.tif,640,0.8359375,0.27671875,Cairo,0,2111,3902.0
Cairo_y2020.tif,5155,0.19088263821532492,0.08583996120271581,Cairo,0,2185,3902.0
Cairo_y2020.tif,539,0.634508348794063,0.2527551020408163,Cairo,0,2143,3902.0
Cairo_y2020.tif,708,0.8502824858757062,0.26237288135593223,Cairo,0,2156,3902.0
Cairo_y2020.tif,1784,1.0,0.3462808295964126,Cairo,0,1977,3902.0
Cairo_y2020.tif,1894,0.6230200633579726,0.23597940865892295,Cairo,0,2029,3902.0
Cairo_y2020.tif,949,0.0,0.0528872497365648,Cairo,1,2025,3902.0
Cairo_y2020.tif,2338,0.20487596236099231,0.125964499572284,Cairo,0,2067,3902.0
Cairo_y2020.tif,357,0.0,0.06261904761904763,Cairo,0,2036,3902.0
Cairo_y2020.tif,638,0.1677115987460815,0.20783699059561128,Cairo,1,2063,3902.0
Cairo_y2020.tif,1750,0.06914285714285714,0.1728742857142857,Cairo,1,2105,3902.0
Cairo_y2020.tif,896,0.24776785714285715,0.2085267857142857,Cairo,1,2102,3902.0
Cairo_y2020.tif,828,0.9263285024154589,0.29585748792270533,Cairo,1,2116,3902.0
Cairo_y2020.tif,401,0.05236907730673317,0.18655860349127182,Cairo,1,2127,3902.0
Cairo_y2020.tif,1131,0.9946949602122016,0.327422634836428,Cairo,1,1437,3902.0
Cairo_y2020.tif,771,0.8236057068741893,0.2833333333333333,Cairo,0,1445,3902.0
Cairo_y2020.tif,735,1.0,0.3770340136054422,Cairo,0,1454,3902.0
Cairo_y2020.tif,1052,1.0,0.3663450570342205,Cairo,0,1456,3902.0
Cairo_y2020.tif,1378,0.9934687953555879,0.3907329462989841,Cairo,0,1458,3902.0
Cairo_y2020.tif,1064,1.0,0.39013627819548874,Cairo,0,1471,3902.0
Cairo_y2020.tif,5931,0.23823975720789076,0.10835525206541897,Cairo,0,1487,3902.0
Cairo_y2020.tif,2836,0.6191819464033851,0.23133110014104374,Cairo,0,1491,3902.0
Cairo_y2020.tif,782,0.8427109974424553,0.30603580562659843,Cairo,1,1503,3902.0
Cairo_y2020.tif,2747,0.5766290498725882,0.22997997815799054,Cairo,0,1513,3902.0
Cairo_y2020.tif,537,1.0,0.386536312849162,Cairo,1,1463,3902.0
Cairo_y2020.tif,1064,1.0,0.4174154135338346,Cairo,1,1468,3902.0
Cairo_y2020.tif,1203,0.99833748960931,0.40127182044887777,Cairo,1,1474,3902.0
Cairo_y2020.tif,721,1.0,0.3907628294036061,Cairo,1,1473,3902.0
Cairo_y2020.tif,1131,0.9893899204244032,0.35657824933687,Cairo,1,1477,3902.0
Cairo_y2020.tif,903,1.0,0.4099003322259136,Cairo,0,1478,3902.0
Cairo_y2020.tif,1053,0.9781576448243114,0.3600997150997151,Cairo,1,1481,3902.0
Cairo_y2020.tif,1966,0.6490335707019329,0.24015768056968462,Cairo,0,1501,3902.0
Cairo_y2020.tif,1376,1.0,0.3869113372093023,Cairo,1,1498,3902.0
Cairo_y2020.tif,1412,0.96671388101983,0.3680240793201134,Cairo,1,1500,3902.0
Cairo_y2020.tif,424,0.9952830188679245,0.3611910377358491,Cairo,0,1509,3902.0
Cairo_y2020.tif,1249,0.7838270616493195,0.2909047237790232,Cairo,0,1510,3902.0
Cairo_y2020.tif,999,0.982982982982983,0.3581331331331331,Cairo,0,1516,3902.0
Cairo_y2020.tif,3661,0.8519530183010107,0.3260256760447965,Cairo,0,1525,3902.0
Cairo_y2020.tif,1737,0.6902705814622913,0.28740644789867587,Cairo,0,1528,3902.0
Cairo_y2020.tif,436,1.0,0.3778325688073395,Cairo,1,1534,3902.0
Cairo_y2020.tif,448,1.0,0.3867857142857143,Cairo,0,1531,3902.0
Cairo_y2020.tif,1031,1.0,0.40195926285160033,Cairo,1,1540,3902.0
Cairo_y2020.tif,1336,1.0,0.40719685628742514,Cairo,1,1544,3902.0
Cairo_y2020.tif,950,1.0,0.40579473684210526,Cairo,1,1555,3902.0
Cairo_y2020.tif,3211,0.36655247586421674,0.1551074431641233,Cairo,0,1512,3902.0
Cairo_y2020.tif,1968,0.39176829268292684,0.20607215447154473,Cairo,0,1515,3902.0
Cairo_y2020.tif,947,1.0,0.37368004223864837,Cairo,0,1524,3902.0
Cairo_y2020.tif,1594,0.9912170639899623,0.38407779171894607,Cairo,1,1527,3902.0
Cairo_y2020.tif,2412,1.0,0.3967392205638474,Cairo,0,1539,3902.0
Cairo_y2020.tif,2193,1.0,0.42858869129046967,Cairo,1,1550,3902.0
Cairo_y2020.tif,1326,1.0,0.41842006033182505,Cairo,1,1559,3902.0
Cairo_y2020.tif,4482,0.5294511378848729,0.21441767068273093,Cairo,0,1571,3902.0
Cairo_y2020.tif,945,1.0,0.362962962962963,Cairo,0,1561,3902.0
Cairo_y2020.tif,1366,0.6171303074670571,0.23440702781844802,Cairo,0,1569,3902.0
Cairo_y2020.tif,2840,0.2933098591549296,0.14047535211267606,Cairo,0,1529,3902.0
Cairo_y2020.tif,1806,0.45348837209302323,0.18506921373200444,Cairo,0,1549,3902.0
Cairo_y2020.tif,46042,0.02623691412188871,0.017497828070023026,Cairo,0,1581,3902.0
Cairo_y2020.tif,1559,0.7697241821680565,0.29008017960230914,Cairo,0,1591,3902.0
Cairo_y2020.tif,4979,0.3237597911227154,0.12949287005422777,Cairo,0,1600,3902.0
Cairo_y2020.tif,1604,0.9856608478802993,0.38889650872817955,Cairo,0,1609,3902.0
Cairo_y2020.tif,2278,0.9789288849868305,0.39532265144863915,Cairo,0,1611,3902.0
Cairo_y2020.tif,2204,0.9995462794918331,0.36461206896551723,Cairo,0,1620,3902.0
Cairo_y2020.tif,1784,0.9730941704035875,0.31815022421524664,Cairo,0,1622,3902.0
Cairo_y2020.tif,2123,0.7753179463024022,0.27682995760715967,Cairo,0,1626,3902.0
Cairo_y2020.tif,14104,0.2840328984685196,0.11576006806579693,Cairo,0,1585,3902.0
Cairo_y2020.tif,12448,0.03390102827763496,0.0311290970437018,Cairo,0,1636,3902.0
Cairo_y2020.tif,5764,0.07616238723108952,0.053387404580152675,Cairo,0,1610,3902.0
Cairo_y2020.tif,6341,0.1677968774641224,0.10465935972244125,Cairo,0,1617,3902.0
Cairo_y2020.tif,6052,0.4487772637144746,0.1833460013218771,Cairo,0,1643,3902.0
Cairo_y2020.tif,1906,1.0,0.3684784889821616,Cairo,1,1644,3902.0
Cairo_y2020.tif,2660,0.6428571428571429,0.23758082706766914,Cairo,0,1649,3902.0
Cairo_y2020.tif,1772,1.0,0.410372460496614,Cairo,1,1650,3902.0
Cairo_y2020.tif,2804,0.8009985734664765,0.32795649072753214,Cairo,1,1653,3902.0
Cairo_y2020.tif,2273,0.9991201055873296,0.40159920809502864,Cairo,1,1662,3902.0
Cairo_y2020.tif,945,0.9502645502645503,0.3267248677248677,Cairo,0,1568,3902.0
Cairo_y2020.tif,467,0.9635974304068522,0.37794432548179874,Cairo,0,1573,3902.0
Cairo_y2020.tif,4610,0.16290672451193058,0.06337852494577007,Cairo,0,1583,3902.0
Cairo_y2020.tif,27834,0.1595171373140763,0.06213138607458505,Cairo,0,1597,3902.0
Cairo_y2020.tif,4745,0.20695468914646997,0.09088514225500527,Cairo,0,1612,3902.0
Cairo_y2020.tif,1453,1.0,0.35649690295939435,Cairo,0,1606,3902.0
Cairo_y2020.tif,1915,0.9665796344647519,0.35855352480417757,Cairo,0,1615,3902.0
Cairo_y2020.tif,5638,0.440581766583895,0.1748368215679319,Cairo,0,1629,3902.0
Cairo_y2020.tif,21173,0.2555613281065508,0.1237609219288717,Cairo,0,1701,3902.0
Cairo_y2020.tif,4155,0.8235860409145608,0.32160168471720824,Cairo,0,1804,3902.0
Cairo_y2020.tif,3867,0.5448668218257047,0.1889436255495216,Cairo,0,1633,3902.0
Cairo_y2020.tif,4955,0.5503531786074672,0.20435519677093844,Cairo,0,1635,3902.0
Cairo_y2020.tif,9620,0.19397089397089398,0.10228170478170477,Cairo,0,1733,3902.0
Cairo_y2020.tif,1660,0.8186746987951807,0.2945632530120482,Cairo,0,1651,3902.0
Cairo_y2020.tif,30835,0.25075401329657854,0.12427793092265282,Cairo,0,1725,3902.0
Cairo_y2020.tif,1106,0.023508137432188065,0.15025768535262207,Cairo,0,1819,3902.0
Cairo_y2020.tif,3769,0.0,0.05294773149376493,Cairo,0,1850,3902.0
Cairo_y2020.tif,2515,0.00874751491053678,0.10356461232604373,Cairo,0,1840,3902.0
Cairo_y2020.tif,2079,0.005291005291005291,0.06420153920153922,Cairo,0,1881,3902.0
Cairo_y2020.tif,1627,0.610940381069453,0.23505531653349726,Cairo,0,1914,3902.0
Cairo_y2020.tif,3105,0.9304347826086956,0.34968921095008054,Cairo,0,1678,3902.0
Cairo_y2020.tif,27506,0.4449211081218643,0.19154239075110888,Cairo,0,1831,3902.0
Cairo_y2020.tif,6991,0.8319267629809756,0.31958303533114,Cairo,0,1865,3902.0
Cairo_y2020.tif,3272,0.18948655256723718,0.13544468215158925,Cairo,0,1870,3902.0
Cairo_y2020.tif,2635,0.24592030360531308,0.15899051233396586,Cairo,0,1898,3902.0
Cairo_y2020.tif,3228,0.24535315985130113,0.12324814126394051,Cairo,0,1895,3902.0
Cairo_y2020.tif,316,1.0,0.34397151898734174,Cairo,0,1929,3902.0
Cairo_y2020.tif,5830,0.20960548885077188,0.0899279588336192,Cairo,0,1996,3902.0
Cairo_y2020.tif,500,0.02,0.1461,Cairo,1,1959,3902.0
Cairo_y2020.tif,1966,0.47812817904374366,0.21414801627670396,Cairo,1,1980,3902.0
Cairo_y2020.tif,5796,0.14354727398205658,0.13769927536231885,Cairo,0,1827,3902.0
Cairo_y2020.tif,2052,0.15886939571150097,0.11666423001949318,Cairo,0,1836,3902.0
Cairo_y2020.tif,3129,0.34707574304889743,0.1597411313518696,Cairo,0,1860,3902.0
Cairo_y2020.tif,2378,0.4533221194280908,0.1964676198486123,Cairo,0,1902,3902.0
Cairo_y2020.tif,796,0.9208542713567839,0.2938316582914573,Cairo,0,1909,3902.0
Cairo_y2020.tif,759,1.0,0.3552569169960474,Cairo,0,1928,3902.0
Cairo_y2020.tif,413,1.0,0.2874334140435836,Cairo,0,1923,3902.0
Cairo_y2020.tif,645,1.0,0.3553100775193799,Cairo,0,1938,3902.0
Cairo_y2020.tif,2075,0.815421686746988,0.28691566265060237,Cairo,0,1971,3902.0
Cairo_y2020.tif,371,1.0,0.331266846361186,Cairo,0,1968,3902.0
Cairo_y2020.tif,4594,0.6835002176752285,0.26091858946451896,Cairo,0,1931,3902.0
Cairo_y2020.tif,1671,0.14063435068821065,0.12111011370436864,Cairo,0,1943,3902.0
Cairo_y2020.tif,2111,0.7385125532922785,0.2343841781146376,Cairo,0,1982,3902.0
Cairo_y2020.tif,2177,0.9990813045475425,0.32302480477721635,Cairo,0,2006,3902.0
Cairo_y2020.tif,837,0.970131421744325,0.33357825567502986,Cairo,0,2038,3902.0
Cairo_y2020.tif,637,1.0,0.34392464678178963,Cairo,0,2048,3902.0
Cairo_y2020.tif,358,0.0,0.036326815642458106,Cairo,1,2032,3902.0
Cairo_y2020.tif,422,0.0,0.035035545023696685,Cairo,0,2050,3902.0
Cairo_y2020.tif,528,0.7253787878787878,0.3139583333333333,Cairo,0,2079,3902.0
Cairo_y2020.tif,430,0.2302325581395349,0.1941279069767442,Cairo,1,2082,3902.0
Cairo_y2020.tif,281,0.0,0.07430604982206405,Cairo,0,1958,3902.0
Cairo_y2020.tif,575,0.7756521739130435,0.27744347826086957,Cairo,1,1981,3902.0
Cairo_y2020.tif,250,0.0,0.02874000000000001,Cairo,1,1991,3902.0
Cairo_y2020.tif,998,0.0,0.05792585170340682,Cairo,0,2005,3902.0
Cairo_y2020.tif,461,0.3383947939262473,0.26023861171366597,Cairo,1,1999,3902.0
Cairo_y2020.tif,799,0.06758448060075094,0.13653942428035043,Cairo,0,2035,3902.0
Cairo_y2020.tif,481,0.016632016632016633,0.09103950103950105,Cairo,0,2026,3902.0
Cairo_y2020.tif,417,0.2565947242206235,0.22182254196642687,Cairo,1,2046,3902.0
Cairo_y2020.tif,743,0.06594885598923284,0.18870121130551817,Cairo,1,2043,3902.0
Cairo_y2020.tif,695,0.007194244604316547,0.15536690647482015,Cairo,1,2041,3902.0
Cairo_y2020.tif,1660,0.2969879518072289,0.16574397590361445,Cairo,0,1997,3902.0
Cairo_y2020.tif,603,0.06301824212271974,0.115,Cairo,0,1979,3902.0
Cairo_y2020.tif,767,0.500651890482399,0.1665645371577575,Cairo,0,1994,3902.0
Cairo_y2020.tif,415,0.0,0.04003614457831326,Cairo,0,1995,3902.0
Cairo_y2020.tif,336,0.0,0.0859077380952381,Cairo,1,1998,3902.0
Cairo_y2020.tif,795,0.0,0.030452830188679246,Cairo,0,2040,3902.0
Cairo_y2020.tif,188,0.0,0.04162234042553192,Cairo,0,2034,3902.0
Cairo_y2020.tif,714,0.0,0.048277310924369744,Cairo,0,2044,3902.0
Cairo_y2020.tif,463,0.1447084233261339,0.11280777537796975,Cairo,1,2053,3902.0
Cairo_y2020.tif,593,0.025295109612141653,0.08066610455311972,Cairo,1,2051,3902.0
Cairo_y2020.tif,661,0.0030257186081694403,0.06047655068078669,Cairo,1,2055,3902.0
Cairo_y2020.tif,501,0.0,0.045069860279441126,Cairo,1,2069,3902.0
Cairo_y2020.tif,397,0.007556675062972292,0.10104534005037782,Cairo,1,2090,3902.0
Cairo_y2020.tif,331,0.0,0.11209969788519636,Cairo,1,2091,3902.0
Cairo_y2020.tif,701,0.0,0.08056348074179742,Cairo,1,2118,3902.0
Cairo_y2020.tif,527,0.0,0.0731024667931689,Cairo,1,2121,3902.0
Cairo_y2020.tif,391,0.010230179028132993,0.10251918158567773,Cairo,1,2122,3902.0
Cairo_y2020.tif,1114,0.388689407540395,0.2052423698384201,Cairo,1,2123,3902.0
Cairo_y2020.tif,383,0.5039164490861618,0.2565274151436031,Cairo,1,2117,3902.0
Cairo_y2020.tif,722,0.5498614958448753,0.28421052631578947,Cairo,1,2138,3902.0
Cairo_y2020.tif,464,0.2629310344827586,0.21941810344827586,Cairo,1,2052,3902.0
Cairo_y2020.tif,371,0.0215633423180593,0.11462264150943396,Cairo,0,2075,3902.0
Cairo_y2020.tif,653,0.0,0.14642419601837672,Cairo,1,2080,3902.0
Cairo_y2020.tif,312,0.5801282051282052,0.298926282051282,Cairo,1,2072,3902.0
Cairo_y2020.tif,446,0.7802690582959642,0.3265470852017937,Cairo,1,2093,3902.0
Cairo_y2020.tif,346,0.0,0.15504335260115606,Cairo,1,2099,3902.0
Cairo_y2020.tif,610,0.6721311475409836,0.3178688524590164,Cairo,1,2081,3902.0
Cairo_y2020.tif,501,0.936127744510978,0.3568662674650699,Cairo,1,2157,3902.0
Cairo_y2020.tif,795,0.979874213836478,0.4019685534591194,Cairo,1,2171,3902.0
Cairo_y2020.tif,931,0.80343716433942,0.3237379162191192,Cairo,1,2179,3902.0
Cairo_y2020.tif,1381,0.55394641564084,0.20574221578566257,Cairo,0,2084,3902.0
Cairo_y2020.tif,502,0.3665338645418327,0.2101593625498008,Cairo,1,2100,3902.0
Cairo_y2020.tif,305,1.0,0.4141639344262295,Cairo,1,2155,3902.0
Cairo_y2020.tif,930,0.9827956989247312,0.39345698924731176,Cairo,1,2170,3902.0
Cairo_y2020.tif,542,1.0,0.40556273062730624,Cairo,1,2174,3902.0
Cairo_y2020.tif,767,1.0,0.42374185136897,Cairo,1,2173,3902.0
Cairo_y2020.tif,1152,0.3489583333333333,0.16328125000000002,Cairo,0,2261,3902.0
Cairo_y2020.tif,682,0.09530791788856305,0.23331378299120234,Cairo,0,2197,3902.0
Cairo_y2020.tif,831,0.5475330926594465,0.2895066185318893,Cairo,1,2265,3902.0
Cairo_y2020.tif,1270,0.06850393700787402,0.1637755905511811,Cairo,1,2312,3902.0
Cairo_y2020.tif,2659,0.0,0.026481760060173,Cairo,0,1948,3902.0
Cairo_y2020.tif,2608,0.0007668711656441718,0.07344708588957055,Cairo,0,1947,3902.0
Cairo_y2020.tif,618,0.0,0.02547734627831715,Cairo,0,1960,3902.0
Cairo_y2020.tif,1183,0.0,0.05026204564666103,Cairo,0,1975,3902.0
Cairo_y2020.tif,1263,0.000791765637371338,0.10825019794140935,Cairo,0,2248,3902.0
Cairo_y2020.tif,4955,0.4659939455095863,0.215175580221998,Cairo,0,2279,3902.0
Cairo_y2020.tif,263,0.8631178707224335,0.355532319391635,Cairo,1,2193,3902.0
Cairo_y2020.tif,13472,0.5099465558194775,0.22248366983372922,Cairo,0,3122,3902.0
Cairo_y2020.tif,327,1.0,0.4315443425076453,Cairo,1,2214,3902.0
Cairo_y2020.tif,398,1.0,0.437110552763819,Cairo,1,2257,3902.0
Cairo_y2020.tif,631,0.9778129952456418,0.35284469096671944,Cairo,1,2147,3902.0
Cairo_y2020.tif,442,1.0,0.40704751131221717,Cairo,1,2164,3902.0
Cairo_y2020.tif,886,0.6659142212189616,0.3128047404063205,Cairo,1,2186,3902.0
Cairo_y2020.tif,454,1.0,0.405,Cairo,1,2202,3902.0
Cairo_y2020.tif,338,1.0,0.37971893491124253,Cairo,1,2206,3902.0
Cairo_y2020.tif,369,1.0,0.416680216802168,Cairo,1,2249,3902.0
Cairo_y2020.tif,1054,1.0,0.41847248576850093,Cairo,1,2280,3902.0
Cairo_y2020.tif,795,1.0,0.427062893081761,Cairo,1,2282,3902.0
Cairo_y2020.tif,422,1.0,0.41414691943127957,Cairo,1,2270,3902.0
Cairo_y2020.tif,940,1.0,0.43470744680851064,Cairo,1,2297,3902.0
Cairo_y2020.tif,815,0.46503067484662575,0.2712147239263804,Cairo,1,2180,3902.0
Cairo_y2020.tif,430,1.0,0.37901162790697673,Cairo,1,2246,3902.0
Cairo_y2020.tif,383,0.4621409921671018,0.2672323759791123,Cairo,1,2222,3902.0
Cairo_y2020.tif,1673,1.0,0.4277346084877465,Cairo,1,2298,3902.0
Cairo_y2020.tif,290,0.40344827586206894,0.2326896551724138,Cairo,1,2242,3902.0
Cairo_y2020.tif,343,1.0,0.4307871720116618,Cairo,1,2286,3902.0
Cairo_y2020.tif,409,1.0,0.41498777506112466,Cairo,1,2284,3902.0
Cairo_y2020.tif,245,0.5714285714285714,0.27785714285714286,Cairo,1,2285,3902.0
Cairo_y2020.tif,391,1.0,0.4368542199488491,Cairo,1,2338,3902.0
Cairo_y2020.tif,532,0.7462406015037594,0.32788533834586464,Cairo,1,2347,3902.0
Cairo_y2020.tif,646,0.42724458204334365,0.28034829721362226,Cairo,1,2320,3902.0
Cairo_y2020.tif,845,0.4378698224852071,0.23800591715976332,Cairo,1,2359,3902.0
Cairo_y2020.tif,272,0.0,0.09886029411764706,Cairo,0,2350,3902.0
Cairo_y2020.tif,2782,0.3662832494608195,0.1926042415528397,Cairo,0,2434,3902.0
Cairo_y2020.tif,494,1.0,0.4211234817813765,Cairo,1,2378,3902.0
Cairo_y2020.tif,232,1.0,0.41247844827586205,Cairo,0,2438,3902.0
Cairo_y2020.tif,566,0.9328621908127208,0.4101236749116608,Cairo,1,2440,3902.0
Cairo_y2020.tif,336,0.8720238095238095,0.40377976190476195,Cairo,1,2444,3902.0
Cairo_y2020.tif,332,0.927710843373494,0.4065963855421687,Cairo,1,2449,3902.0
Cairo_y2020.tif,402,1.0,0.42521144278606965,Cairo,1,2452,3902.0
Cairo_y2020.tif,629,0.0,0.04205087440381557,Cairo,0,2061,3902.0
Cairo_y2020.tif,704,0.265625,0.14368607954545454,Cairo,0,2074,3902.0
Cairo_y2020.tif,1165,0.9313304721030042,0.2906137339055794,Cairo,0,2073,3902.0
Cairo_y2020.tif,483,0.9544513457556936,0.2738923395445135,Cairo,0,2083,3902.0
Cairo_y2020.tif,472,0.1716101694915254,0.1544491525423729,Cairo,0,2098,3902.0
Cairo_y2020.tif,599,0.24874791318864775,0.12702003338898166,Cairo,1,2154,3902.0
Cairo_y2020.tif,451,0.017738359201773836,0.06257206208425721,Cairo,0,2148,3902.0
Cairo_y2020.tif,548,0.016423357664233577,0.11206204379562043,Cairo,0,2165,3902.0
Cairo_y2020.tif,728,0.34065934065934067,0.14860576923076924,Cairo,0,2175,3902.0
Cairo_y2020.tif,806,0.6339950372208437,0.2042679900744417,Cairo,0,2213,3902.0
Cairo_y2020.tif,540,0.9888888888888889,0.3438148148148148,Cairo,1,2140,3902.0
Cairo_y2020.tif,374,0.0,0.12589572192513368,Cairo,1,2159,3902.0
Cairo_y2020.tif,413,0.08716707021791767,0.14592009685230026,Cairo,1,2167,3902.0
Cairo_y2020.tif,729,0.9917695473251029,0.35198902606310006,Cairo,1,2190,3902.0
Cairo_y2020.tif,616,1.0,0.3635795454545454,Cairo,1,2161,3902.0
Cairo_y2020.tif,514,0.08949416342412451,0.15051556420233464,Cairo,1,2201,3902.0
Cairo_y2020.tif,447,0.0,0.07214765100671142,Cairo,1,2181,3902.0
Cairo_y2020.tif,639,0.9671361502347418,0.33656494522691704,Cairo,1,2234,3902.0
Cairo_y2020.tif,597,0.8006700167504187,0.3086515912897822,Cairo,1,2236,3902.0
Cairo_y2020.tif,818,0.0,0.07688875305623472,Cairo,0,2294,3902.0
Cairo_y2020.tif,769,0.23927178153446033,0.14408972691807542,Cairo,0,2192,3902.0
Cairo_y2020.tif,605,0.8380165289256198,0.2567272727272727,Cairo,0,2184,3902.0
Cairo_y2020.tif,742,0.6886792452830188,0.24018194070080867,Cairo,0,2203,3902.0
Cairo_y2020.tif,356,1.0,0.34735955056179774,Cairo,1,2227,3902.0
Cairo_y2020.tif,319,0.02821316614420063,0.11399686520376175,Cairo,0,2240,3902.0
Cairo_y2020.tif,454,0.00881057268722467,0.0682819383259912,Cairo,0,2272,3902.0
Cairo_y2020.tif,659,0.0,0.03838391502276176,Cairo,0,2268,3902.0
Cairo_y2020.tif,566,0.0,0.0689399293286219,Cairo,0,2264,3902.0
Cairo_y2020.tif,360,0.8361111111111111,0.26622222222222225,Cairo,1,2278,3902.0
Cairo_y2020.tif,612,0.0,0.07845588235294118,Cairo,0,2342,3902.0
Cairo_y2020.tif,384,0.0,0.03654947916666667,Cairo,0,2232,3902.0
Cairo_y2020.tif,590,0.0,0.05870338983050848,Cairo,0,2245,3902.0
Cairo_y2020.tif,576,0.9722222222222222,0.30048611111111106,Cairo,1,2255,3902.0
Cairo_y2020.tif,689,0.0,0.03940493468795355,Cairo,0,2247,3902.0
Cairo_y2020.tif,318,0.36477987421383645,0.1537735849056604,Cairo,0,2269,3902.0
Cairo_y2020.tif,620,0.864516129032258,0.27795161290322584,Cairo,0,2304,3902.0
Cairo_y2020.tif,300,0.0,0.03675,Cairo,0,2293,3902.0
Cairo_y2020.tif,1222,0.1407528641571195,0.0999836333878887,Cairo,0,2354,3902.0
Cairo_y2020.tif,616,0.0,0.05971590909090908,Cairo,0,2368,3902.0
Cairo_y2020.tif,1308,0.32262996941896027,0.1623776758409786,Cairo,0,2392,3902.0
Cairo_y2020.tif,520,0.0,0.052798076923076934,Cairo,0,2311,3902.0
Cairo_y2020.tif,490,0.9653061224489796,0.31464285714285717,Cairo,1,2277,3902.0
Cairo_y2020.tif,1302,0.5453149001536098,0.2299884792626728,Cairo,0,2322,3902.0
Cairo_y2020.tif,2075,0.07855421686746988,0.10433975903614458,Cairo,0,2441,3902.0
Cairo_y2020.tif,306,0.696078431372549,0.30617647058823527,Cairo,1,2386,3902.0
Cairo_y2020.tif,292,0.0,0.21195205479452056,Cairo,1,2398,3902.0
Cairo_y2020.tif,430,0.053488372093023255,0.19488372093023254,Cairo,1,2375,3902.0
Cairo_y2020.tif,610,0.9934426229508196,0.3571147540983607,Cairo,1,2427,3902.0
Cairo_y2020.tif,1035,0.010628019323671498,0.11881642512077294,Cairo,0,2538,3902.0
Cairo_y2020.tif,546,0.21611721611721613,0.20926739926739926,Cairo,1,2493,3902.0
Cairo_y2020.tif,1091,0.0,0.06972960586617782,Cairo,0,2337,3902.0
Cairo_y2020.tif,621,0.0,0.05104669887278583,Cairo,0,2328,3902.0
Cairo_y2020.tif,731,0.16415868673050615,0.14095075239398086,Cairo,0,2383,3902.0
Cairo_y2020.tif,726,0.24104683195592286,0.15110192837465566,Cairo,0,2397,3902.0
Cairo_y2020.tif,327,0.9877675840978594,0.29639143730886847,Cairo,0,2439,3902.0
Cairo_y2020.tif,676,0.9807692307692307,0.36979289940828397,Cairo,1,2481,3902.0
Cairo_y2020.tif,410,0.5853658536585366,0.19703658536585364,Cairo,0,2456,3902.0
Cairo_y2020.tif,5614,0.21286070537940863,0.11223726398289989,Cairo,0,2674,3902.0
Cairo_y2020.tif,1102,0.3039927404718693,0.1572459165154265,Cairo,0,2505,3902.0
Cairo_y2020.tif,492,0.75,0.20867886178861791,Cairo,0,2566,3902.0
Cairo_y2020.tif,311,0.04180064308681672,0.07239549839228296,Cairo,0,2391,3902.0
Cairo_y2020.tif,645,0.289922480620155,0.15468217054263567,Cairo,0,2448,3902.0
Cairo_y2020.tif,724,0.5566298342541437,0.18601519337016575,Cairo,0,2457,3902.0
Cairo_y2020.tif,915,0.1650273224043716,0.14710928961748632,Cairo,0,2487,3902.0
Cairo_y2020.tif,469,0.8656716417910447,0.2633262260127932,Cairo,0,2468,3902.0
Cairo_y2020.tif,471,0.9957537154989384,0.34393842887473464,Cairo,0,2486,3902.0
Cairo_y2020.tif,566,0.9823321554770318,0.3058480565371025,Cairo,0,2504,3902.0
Cairo_y2020.tif,894,0.1476510067114094,0.12614653243847876,Cairo,0,2542,3902.0
Cairo_y2020.tif,589,0.5093378607809848,0.17778438030560273,Cairo,0,2517,3902.0
Cairo_y2020.tif,448,0.9866071428571429,0.27969866071428573,Cairo,0,2555,3902.0
Cairo_y2020.tif,231,0.0,0.08426406926406925,Cairo,0,2474,3902.0
Cairo_y2020.tif,466,0.0,0.14430257510729616,Cairo,1,2520,3902.0
Cairo_y2020.tif,298,1.0,0.41659395973154356,Cairo,1,2519,3902.0
Cairo_y2020.tif,383,0.5039164490861618,0.2694255874673629,Cairo,1,2540,3902.0
Cairo_y2020.tif,270,0.0,0.13337037037037036,Cairo,1,2521,3902.0
Cairo_y2020.tif,420,0.9595238095238096,0.3662380952380952,Cairo,1,2546,3902.0
Cairo_y2020.tif,771,1.0,0.40416990920881973,Cairo,1,2559,3902.0
Cairo_y2020.tif,957,0.8725182863113897,0.3413740856844305,Cairo,1,2581,3902.0
Cairo_y2020.tif,609,0.4745484400656814,0.25085385878489325,Cairo,1,2601,3902.0
Cairo_y2020.tif,255,0.09019607843137255,0.16558823529411765,Cairo,0,2599,3902.0
Cairo_y2020.tif,477,1.0,0.410461215932914,Cairo,1,2622,3902.0
Cairo_y2020.tif,363,1.0,0.4284022038567494,Cairo,1,2596,3902.0
Cairo_y2020.tif,284,1.0,0.3974119718309859,Cairo,1,2641,3902.0
Cairo_y2020.tif,428,1.0,0.430677570093458,Cairo,1,2670,3902.0
Cairo_y2020.tif,313,1.0,0.37236421725239616,Cairo,1,2671,3902.0
Cairo_y2020.tif,386,1.0,0.40765544041450774,Cairo,1,2683,3902.0
Cairo_y2020.tif,677,0.1344165435745938,0.18371491875923193,Cairo,1,2730,3902.0
Cairo_y2020.tif,677,1.0,0.4297415066469719,Cairo,1,2747,3902.0
Cairo_y2020.tif,798,0.9624060150375939,0.37545739348370927,Cairo,1,2745,3902.0
Cairo_y2020.tif,430,1.0,0.4348953488372093,Cairo,1,2736,3902.0
Cairo_y2020.tif,942,0.4968152866242038,0.17518577494692145,Cairo,0,2619,3902.0
Cairo_y2020.tif,879,0.4630261660978385,0.15502275312855515,Cairo,0,2656,3902.0
Cairo_y2020.tif,699,0.6695278969957081,0.19229613733905582,Cairo,0,2661,3902.0
Cairo_y2020.tif,480,0.6333333333333333,0.20209375,Cairo,0,2703,3902.0
Cairo_y2020.tif,409,0.7041564792176039,0.20705378973105135,Cairo,0,2706,3902.0
Cairo_y2020.tif,2161,0.003239241092086997,0.041545580749652936,Cairo,0,2810,3902.0
Cairo_y2020.tif,672,0.0,0.07994791666666667,Cairo,0,2791,3902.0
Cairo_y2020.tif,1040,0.6153846153846154,0.21716826923076926,Cairo,0,2831,3902.0
Cairo_y2020.tif,509,0.5599214145383105,0.20769155206286838,Cairo,0,2846,3902.0
Cairo_y2020.tif,716,0.86731843575419,0.2816899441340782,Cairo,0,2916,3902.0
Cairo_y2020.tif,603,1.0,0.39682421227197345,Cairo,1,2276,3902.0
Cairo_y2020.tif,446,1.0,0.4194058295964126,Cairo,1,2331,3902.0
Cairo_y2020.tif,487,1.0,0.3955852156057495,Cairo,1,2355,3902.0
Cairo_y2020.tif,1335,1.0,0.43210861423220975,Cairo,1,2404,3902.0
Cairo_y2020.tif,392,1.0,0.4322576530612245,Cairo,1,2389,3902.0
Cairo_y2020.tif,630,1.0,0.42798412698412697,Cairo,1,2413,3902.0
Cairo_y2020.tif,602,1.0,0.3919435215946844,Cairo,1,2425,3902.0
Cairo_y2020.tif,690,1.0,0.4443405797101449,Cairo,0,2432,3902.0
Cairo_y2020.tif,643,1.0,0.4444090202177294,Cairo,1,2470,3902.0
Cairo_y2020.tif,784,1.0,0.4442091836734694,Cairo,1,2488,3902.0
Cairo_y2020.tif,1150,0.8443478260869566,0.3776391304347826,Cairo,1,2365,3902.0
Cairo_y2020.tif,781,1.0,0.4025864276568502,Cairo,1,2443,3902.0
Cairo_y2020.tif,870,1.0,0.41770114942528735,Cairo,1,2454,3902.0
Cairo_y2020.tif,528,0.9299242424242424,0.33631628787878787,Cairo,1,2419,3902.0
Cairo_y2020.tif,1026,0.9639376218323586,0.36821637426900583,Cairo,1,2483,3902.0
Cairo_y2020.tif,715,0.8251748251748252,0.34396503496503494,Cairo,1,2424,3902.0
Cairo_y2020.tif,499,1.0,0.365250501002004,Cairo,1,2516,3902.0
Cairo_y2020.tif,361,1.0,0.35101108033240996,Cairo,1,2553,3902.0
Cairo_y2020.tif,362,0.988950276243094,0.3301657458563536,Cairo,1,2563,3902.0
Cairo_y2020.tif,414,0.4855072463768116,0.29879227053140095,Cairo,1,2573,3902.0
Cairo_y2020.tif,927,1.0,0.44429341963322555,Cairo,1,2460,3902.0
Cairo_y2020.tif,262,0.5877862595419847,0.294618320610687,Cairo,1,2523,3902.0
Cairo_y2020.tif,221,0.9683257918552036,0.38877828054298635,Cairo,1,2526,3902.0
Cairo_y2020.tif,693,1.0,0.43709956709956704,Cairo,1,2604,3902.0
Cairo_y2020.tif,284,1.0,0.445,Cairo,1,2613,3902.0
Cairo_y2020.tif,1109,1.0,0.4479350766456267,Cairo,1,2626,3902.0
Cairo_y2020.tif,706,1.0,0.44574362606232304,Cairo,1,2643,3902.0
Cairo_y2020.tif,355,0.9802816901408451,0.36807042253521133,Cairo,1,2598,3902.0
Cairo_y2020.tif,804,1.0,0.4306716417910448,Cairo,1,2733,3902.0
Cairo_y2020.tif,829,1.0,0.446869722557298,Cairo,1,2744,3902.0
Cairo_y2020.tif,846,1.0,0.34960992907801414,Cairo,1,2531,3902.0
Cairo_y2020.tif,265,1.0,0.37498113207547173,Cairo,1,2518,3902.0
Cairo_y2020.tif,1371,1.0,0.4224215900802334,Cairo,1,2653,3902.0
Cairo_y2020.tif,974,1.0,0.4405544147843943,Cairo,1,2668,3902.0
Cairo_y2020.tif,494,0.9979757085020243,0.3586943319838057,Cairo,0,2638,3902.0
Cairo_y2020.tif,557,1.0,0.4456463195691203,Cairo,1,2673,3902.0
Cairo_y2020.tif,723,1.0,0.42654218533886584,Cairo,1,2682,3902.0
Cairo_y2020.tif,349,1.0,0.34974212034383956,Cairo,1,2652,3902.0
Cairo_y2020.tif,357,0.9495798319327731,0.3232212885154061,Cairo,1,2662,3902.0
Cairo_y2020.tif,843,0.9727164887307236,0.36786476868327406,Cairo,1,2699,3902.0
Cairo_y2020.tif,615,0.8455284552845529,0.34391056910569107,Cairo,1,2578,3902.0
Cairo_y2020.tif,814,1.0,0.39524570024570027,Cairo,1,2603,3902.0
Cairo_y2020.tif,320,1.0,0.40657812500000007,Cairo,1,2606,3902.0
Cairo_y2020.tif,246,0.5203252032520326,0.2556707317073171,Cairo,1,2665,3902.0
Cairo_y2020.tif,355,0.005633802816901409,0.18035211267605636,Cairo,1,2675,3902.0
Cairo_y2020.tif,345,0.002898550724637681,0.16362318840579712,Cairo,0,2684,3902.0
Cairo_y2020.tif,354,0.3192090395480226,0.21601694915254238,Cairo,1,2693,3902.0
Cairo_y2020.tif,286,0.5034965034965035,0.2525349650349651,Cairo,1,2701,3902.0
Cairo_y2020.tif,415,0.6144578313253012,0.27169879518072293,Cairo,1,2708,3902.0
Cairo_y2020.tif,588,0.25510204081632654,0.21883503401360546,Cairo,1,2722,3902.0
Cairo_y2020.tif,302,1.0,0.4487913907284769,Cairo,1,2727,3902.0
Cairo_y2020.tif,434,1.0,0.4244815668202765,Cairo,1,2769,3902.0
Cairo_y2020.tif,1038,0.9816955684007708,0.3499470134874759,Cairo,0,2758,3902.0
Cairo_y2020.tif,428,0.985981308411215,0.3223481308411215,Cairo,1,2790,3902.0
Cairo_y2020.tif,704,1.0,0.4413423295454546,Cairo,1,2774,3902.0
Cairo_y2020.tif,274,1.0,0.41120437956204375,Cairo,1,2789,3902.0
Cairo_y2020.tif,648,1.0,0.4375848765432099,Cairo,1,2896,3902.0
Cairo_y2020.tif,334,1.0,0.4092664670658682,Cairo,1,2910,3902.0
Cairo_y2020.tif,745,1.0,0.4178791946308725,Cairo,0,2907,3902.0
Cairo_y2020.tif,331,1.0,0.4354531722054381,Cairo,1,2908,3902.0
Cairo_y2020.tif,342,0.8333333333333334,0.28137426900584794,Cairo,1,2792,3902.0
Cairo_y2020.tif,366,0.3989071038251366,0.22472677595628415,Cairo,1,2795,3902.0
Cairo_y2020.tif,289,0.16262975778546712,0.1594463667820069,Cairo,1,2801,3902.0
Cairo_y2020.tif,224,0.049107142857142856,0.13426339285714287,Cairo,1,2807,3902.0
Cairo_y2020.tif,473,0.1014799154334038,0.14923890063424947,Cairo,1,2811,3902.0
Cairo_y2020.tif,632,0.21677215189873417,0.16507120253164556,Cairo,0,2816,3902.0
Cairo_y2020.tif,522,0.4329501915708812,0.19310344827586204,Cairo,1,2827,3902.0
Cairo_y2020.tif,627,0.6953748006379585,0.29647527910685806,Cairo,1,2833,3902.0
Cairo_y2020.tif,272,1.0,0.38240808823529415,Cairo,1,2895,3902.0
Cairo_y2020.tif,383,1.0,0.3702741514360313,Cairo,1,2935,3902.0
Cairo_y2020.tif,906,1.0,0.4306788079470198,Cairo,1,2750,3902.0
Cairo_y2020.tif,709,0.9393511988716502,0.3681734837799717,Cairo,0,2845,3902.0
Cairo_y2020.tif,855,1.0,0.4379122807017544,Cairo,1,2872,3902.0
Cairo_y2020.tif,407,1.0,0.4481572481572482,Cairo,1,2881,3902.0
Cairo_y2020.tif,671,1.0,0.440521609538003,Cairo,1,2889,3902.0
Cairo_y2020.tif,337,1.0,0.4415578635014837,Cairo,1,2891,3902.0
Cairo_y2020.tif,302,0.9370860927152318,0.3856291390728477,Cairo,1,2963,3902.0
Cairo_y2020.tif,851,0.4418331374853114,0.2501233842538191,Cairo,1,3104,3902.0
Cairo_y2020.tif,511,0.776908023483366,0.34512720156555776,Cairo,1,3109,3902.0
Cairo_y2020.tif,548,0.6678832116788321,0.3248175182481752,Cairo,1,3113,3902.0
Cairo_y2020.tif,240,1.0,0.4000833333333334,Cairo,1,2914,3902.0
Cairo_y2020.tif,419,1.0,0.43762529832935565,Cairo,1,2915,3902.0
Cairo_y2020.tif,423,1.0,0.39046099290780145,Cairo,1,2917,3902.0
Cairo_y2020.tif,428,1.0,0.3699182242990654,Cairo,1,2922,3902.0
Cairo_y2020.tif,438,1.0,0.3680365296803653,Cairo,1,2926,3902.0
Cairo_y2020.tif,309,1.0,0.3805016181229774,Cairo,0,3001,3902.0
Cairo_y2020.tif,333,0.963963963963964,0.356981981981982,Cairo,0,2991,3902.0
Cairo_y2020.tif,543,0.990791896869245,0.3686279926335175,Cairo,1,3015,3902.0
Cairo_y2020.tif,303,0.8217821782178217,0.35546204620462046,Cairo,1,3060,3902.0
Cairo_y2020.tif,276,0.9347826086956522,0.3608876811594203,Cairo,1,3056,3902.0
Cairo_y2020.tif,581,1.0,0.36740103270223756,Cairo,1,2942,3902.0
Cairo_y2020.tif,758,1.0,0.41598284960422166,Cairo,1,2954,3902.0
Cairo_y2020.tif,378,1.0,0.38150793650793646,Cairo,1,2965,3902.0
Cairo_y2020.tif,329,1.0,0.4064285714285714,Cairo,1,2960,3902.0
Cairo_y2020.tif,992,0.9889112903225806,0.3814667338709677,Cairo,1,3049,3902.0
Cairo_y2020.tif,896,0.9866071428571429,0.3651283482142857,Cairo,1,3054,3902.0
Cairo_y2020.tif,911,0.9637760702524698,0.3404884742041712,Cairo,0,3052,3902.0
Cairo_y2020.tif,559,0.48300536672629696,0.23957066189624332,Cairo,0,3105,3902.0
Cairo_y2020.tif,332,0.10240963855421686,0.1955421686746988,Cairo,1,3153,3902.0
Cairo_y2020.tif,450,0.5177777777777778,0.2606444444444445,Cairo,0,3212,3902.0
Cairo_y2020.tif,1093,0.7740164684354987,0.2527035681610247,Cairo,0,2686,3902.0
Cairo_y2020.tif,1636,0.9773838630806846,0.3243429095354523,Cairo,1,2621,3902.0
Cairo_y2020.tif,326,0.4386503067484663,0.1484969325153374,Cairo,0,2721,3902.0
Cairo_y2020.tif,856,0.0,0.06793224299065422,Cairo,0,2768,3902.0
Cairo_y2020.tif,673,1.0,0.4034026745913819,Cairo,1,2743,3902.0
Cairo_y2020.tif,1102,0.1279491833030853,0.10322141560798546,Cairo,0,2835,3902.0
Cairo_y2020.tif,447,1.0,0.4467002237136467,Cairo,1,2797,3902.0
Cairo_y2020.tif,672,0.9657738095238095,0.3882589285714285,Cairo,1,2825,3902.0
Cairo_y2020.tif,2041,0.15972562469377757,0.09536746692797649,Cairo,0,2957,3902.0
Cairo_y2020.tif,453,0.004415011037527594,0.054415011037527605,Cairo,0,2894,3902.0
Cairo_y2020.tif,771,1.0,0.43172503242542154,Cairo,1,2760,3902.0
Cairo_y2020.tif,1199,1.0,0.41306922435362803,Cairo,1,2850,3902.0
Cairo_y2020.tif,1537,0.7579700715679896,0.30471698113207546,Cairo,0,2855,3902.0
Cairo_y2020.tif,627,1.0,0.4377591706539075,Cairo,1,2883,3902.0
Cairo_y2020.tif,520,1.0,0.38535576923076925,Cairo,1,2923,3902.0
Cairo_y2020.tif,671,1.0,0.43495529061102833,Cairo,1,2970,3902.0
Cairo_y2020.tif,689,1.0,0.4220682148040638,Cairo,1,2975,3902.0
Cairo_y2020.tif,902,1.0,0.39575388026607544,Cairo,1,2978,3902.0
Cairo_y2020.tif,1266,1.0,0.4290600315955766,Cairo,1,2911,3902.0
Cairo_y2020.tif,478,1.0,0.3777615062761506,Cairo,1,3085,3902.0
Cairo_y2020.tif,1533,0.41682974559686886,0.16767123287671234,Cairo,0,3175,3902.0
Cairo_y2020.tif,380,1.0,0.39657894736842103,Cairo,1,2932,3902.0
Cairo_y2020.tif,381,0.0,0.04090551181102362,Cairo,0,2966,3902.0
Cairo_y2020.tif,493,0.0,0.05182555780933064,Cairo,0,3016,3902.0
Cairo_y2020.tif,705,0.4524822695035461,0.1965673758865248,Cairo,0,3029,3902.0
Cairo_y2020.tif,1075,1.0,0.4229441860465116,Cairo,1,2999,3902.0
Cairo_y2020.tif,549,0.8633879781420765,0.25951730418943536,Cairo,1,3152,3902.0
Cairo_y2020.tif,1014,0.6745562130177515,0.2017455621301775,Cairo,0,3201,3902.0
Cairo_y2020.tif,665,0.4195488721804511,0.15557894736842107,Cairo,0,3160,3902.0
Cairo_y2020.tif,669,0.9417040358744395,0.25785500747384155,Cairo,0,3233,3902.0
Cairo_y2020.tif,361,0.4930747922437673,0.21660664819944597,Cairo,1,2882,3902.0
Cairo_y2020.tif,546,0.15018315018315018,0.15536630036630036,Cairo,0,2930,3902.0
Cairo_y2020.tif,292,0.0,0.10768835616438358,Cairo,0,2951,3902.0
Cairo_y2020.tif,619,0.5945072697899838,0.18032310177705976,Cairo,0,2955,3902.0
Cairo_y2020.tif,247,0.09716599190283401,0.154251012145749,Cairo,0,2969,3902.0
Cairo_y2020.tif,626,0.7763578274760383,0.2390495207667732,Cairo,1,3035,3902.0
Cairo_y2020.tif,691,0.8002894356005789,0.2601808972503618,Cairo,1,3019,3902.0
Cairo_y2020.tif,469,0.9786780383795309,0.2821641791044776,Cairo,0,3066,3902.0
Cairo_y2020.tif,549,0.726775956284153,0.21255009107468123,Cairo,0,3009,3902.0
Cairo_y2020.tif,357,1.0,0.2949719887955182,Cairo,0,3099,3902.0
Cairo_y2020.tif,930,1.0,0.42124193548387096,Cairo,1,3127,3902.0
Cairo_y2020.tif,1162,1.0,0.4234380378657487,Cairo,1,3163,3902.0
Cairo_y2020.tif,1521,1.0,0.40386916502301123,Cairo,1,3207,3902.0
Cairo_y2020.tif,502,1.0,0.387609561752988,Cairo,1,3186,3902.0
Cairo_y2020.tif,615,1.0,0.382520325203252,Cairo,1,3234,3902.0
Cairo_y2020.tif,504,1.0,0.43090277777777775,Cairo,1,3223,3902.0
Cairo_y2020.tif,442,1.0,0.4370588235294118,Cairo,1,3353,3902.0
Cairo_y2020.tif,684,0.847953216374269,0.30300438596491225,Cairo,1,3364,3902.0
Cairo_y2020.tif,1091,0.9367552703941339,0.363890925756187,Cairo,1,3372,3902.0
Cairo_y2020.tif,1180,1.0,0.4419745762711864,Cairo,1,3388,3902.0
Cairo_y2020.tif,946,1.0,0.31481501057082445,Cairo,0,3151,3902.0
Cairo_y2020.tif,687,0.9956331877729258,0.3517976710334789,Cairo,0,3172,3902.0
Cairo_y2020.tif,689,0.6037735849056604,0.2131277213352685,Cairo,0,3206,3902.0
Cairo_y2020.tif,1197,0.8563074352548037,0.2955388471177945,Cairo,0,3248,3902.0
Cairo_y2020.tif,962,0.7203742203742204,0.24301455301455305,Cairo,0,3261,3902.0
Cairo_y2020.tif,947,0.2470960929250264,0.16052270327349527,Cairo,0,3299,3902.0
Cairo_y2020.tif,2365,0.718816067653277,0.20936786469344607,Cairo,0,3368,3902.0
Cairo_y2020.tif,1029,0.12536443148688048,0.11252186588921283,Cairo,0,3383,3902.0
Cairo_y2020.tif,1687,0.2726733847065797,0.11914344991108476,Cairo,0,3459,3902.0
Cairo_y2020.tif,1678,0.14541120381406436,0.07442789034564957,Cairo,0,3486,3902.0
Cairo_y2020.tif,573,0.9947643979057592,0.37741710296684117,Cairo,1,3251,3902.0
Cairo_y2020.tif,748,1.0,0.3990307486631016,Cairo,1,3289,3902.0
Cairo_y2020.tif,611,0.6595744680851063,0.23216857610474634,Cairo,0,3452,3902.0
Cairo_y2020.tif,3000,0.25466666666666665,0.11859499999999999,Cairo,0,3678,3902.0
Cairo_y2020.tif,4700,0.6331914893617021,0.24413936170212763,Cairo,1,3685,3902.0
Cairo_y2020.tif,632,0.1661392405063291,0.11465981012658229,Cairo,0,3533,3902.0
Cairo_y2020.tif,1192,0.03523489932885906,0.07341442953020133,Cairo,0,3675,3902.0
Cairo_y2020.tif,275,0.0,0.06723636363636365,Cairo,0,3548,3902.0
Cairo_y2020.tif,518,0.17953667953667954,0.12311776061776063,Cairo,0,3896,3902.0
Cairo_y2020.tif,427,1.0,0.4150117096018735,Cairo,1,3865,3902.0
Cairo_y2020.tif,281,1.0,0.3629181494661921,Cairo,1,3425,3902.0
Cairo_y2020.tif,1009,0.8751238850346879,0.2988899900891972,Cairo,1,3512,3902.0
Cairo_y2020.tif,394,1.0,0.44001269035532997,Cairo,1,3520,3902.0
Cairo_y2020.tif,492,0.9898373983739838,0.39643292682926834,Cairo,1,3493,3902.0
Cairo_y2020.tif,1198,0.991652754590985,0.408873121869783,Cairo,1,3537,3902.0
Cairo_y2020.tif,1074,0.15828677839851024,0.12952048417132217,Cairo,0,3625,3902.0
Cairo_y2020.tif,1884,0.4018046709129512,0.17878184713375794,Cairo,0,3676,3902.0
Cairo_y2020.tif,1085,0.2645161290322581,0.16699539170506913,Cairo,0,3672,3902.0
Cairo_y2020.tif,519,0.0,0.03342003853564548,Cairo,0,3693,3902.0
Cairo_y2020.tif,941,0.004250797024442083,0.09637088204038258,Cairo,0,3773,3902.0
Cairo_y2020.tif,441,0.15419501133786848,0.08890022675736961,Cairo,0,3485,3902.0
Cairo_y2020.tif,924,0.0,0.04709415584415585,Cairo,0,3560,3902.0
Cairo_y2020.tif,324,0.0,0.038225308641975306,Cairo,1,3525,3902.0
Cairo_y2020.tif,511,0.0,0.03206457925636009,Cairo,0,3680,3902.0
Cairo_y2020.tif,1099,0.0,0.036856232939035484,Cairo,0,3710,3902.0
Cairo_y2020.tif,2088,0.0,0.07489224137931035,Cairo,0,3729,3902.0
Cairo_y2020.tif,373,0.0,0.0936461126005362,Cairo,0,3681,3902.0
Cairo_y2020.tif,439,0.0,0.023359908883826882,Cairo,0,3694,3902.0
Cairo_y2020.tif,473,0.0,0.06950317124735729,Cairo,0,3744,3902.0
Cairo_y2020.tif,3607,0.0,0.03833795397837539,Cairo,0,3842,3902.0
Cairo_y2020.tif,2581,0.37039907012785744,0.17990895001937235,Cairo,0,3961,3902.0
Cairo_y2020.tif,533,1.0,0.4227298311444653,Cairo,1,3885,3902.0
Cairo_y2020.tif,643,0.9937791601866252,0.40698289269051313,Cairo,1,3930,3902.0
Cairo_y2020.tif,1385,0.9624548736462094,0.40963537906137176,Cairo,1,3911,3902.0
Cairo_y2020.tif,589,1.0,0.3948471986417657,Cairo,1,3934,3902.0
Cairo_y2020.tif,1025,0.9824390243902439,0.4170536585365854,Cairo,1,4022,3902.0
Cairo_y2020.tif,674,1.0,0.41304896142433234,Cairo,1,4023,3902.0
Cairo_y2020.tif,397,0.9697732997481109,0.3582241813602015,Cairo,1,4058,3902.0
Cairo_y2020.tif,1490,0.43087248322147653,0.20984899328859058,Cairo,0,4088,3902.0
Cairo_y2020.tif,614,0.19218241042345277,0.11824918566775244,Cairo,0,4163,3902.0
Cairo_y2020.tif,417,1.0,0.36177458033573145,Cairo,1,2837,3902.0
Cairo_y2020.tif,242,0.9752066115702479,0.3942561983471074,Cairo,1,3061,3902.0
Cairo_y2020.tif,1216,0.9893092105263158,0.375,Cairo,1,3108,3902.0
Cairo_y2020.tif,428,0.9228971962616822,0.3674766355140187,Cairo,1,3111,3902.0
Cairo_y2020.tif,256,0.91796875,0.34728515625,Cairo,1,3110,3902.0
Cairo_y2020.tif,474,0.8059071729957806,0.32976793248945147,Cairo,1,3102,3902.0
Cairo_y2020.tif,336,1.0,0.35510416666666667,Cairo,1,3101,3902.0
Cairo_y2020.tif,342,0.5233918128654971,0.3075,Cairo,1,3188,3902.0
Cairo_y2020.tif,342,0.23684210526315788,0.23552631578947367,Cairo,1,3192,3902.0
Cairo_y2020.tif,276,0.9818840579710145,0.3408876811594203,Cairo,1,3332,3902.0
Cairo_y2020.tif,802,0.3029925187032419,0.17891521197007482,Cairo,0,3022,3902.0
Cairo_y2020.tif,361,0.46814404432132967,0.255,Cairo,1,2989,3902.0
Cairo_y2020.tif,657,0.5159817351598174,0.2630289193302892,Cairo,1,2990,3902.0
Cairo_y2020.tif,729,0.3443072702331962,0.2158230452674897,Cairo,1,3107,3902.0
Cairo_y2020.tif,331,1.0,0.36138972809667674,Cairo,1,3057,3902.0
Cairo_y2020.tif,535,0.6205607476635514,0.2585514018691589,Cairo,0,3055,3902.0
Cairo_y2020.tif,396,0.7348484848484849,0.30392676767676763,Cairo,1,3126,3902.0
Cairo_y2020.tif,833,0.9951980792316927,0.38914165666266504,Cairo,1,3242,3902.0
Cairo_y2020.tif,301,0.0,0.16181063122923586,Cairo,1,3196,3902.0
Cairo_y2020.tif,346,0.0,0.14408959537572252,Cairo,0,3309,3902.0
Cairo_y2020.tif,617,1.0,0.3652350081037278,Cairo,1,3339,3902.0
Cairo_y2020.tif,387,1.0,0.37686046511627913,Cairo,1,3343,3902.0
Cairo_y2020.tif,382,0.9973821989528796,0.3731675392670157,Cairo,1,3349,3902.0
Cairo_y2020.tif,577,1.0,0.3666897746967071,Cairo,1,3355,3902.0
Cairo_y2020.tif,598,0.9983277591973244,0.3656438127090301,Cairo,1,3361,3902.0
Cairo_y2020.tif,756,1.0,0.3795304232804233,Cairo,1,3363,3902.0
Cairo_y2020.tif,445,0.8269662921348314,0.35168539325842696,Cairo,1,3285,3902.0
Cairo_y2020.tif,475,0.6021052631578947,0.2815684210526316,Cairo,1,3294,3902.0
Cairo_y2020.tif,562,0.0071174377224199285,0.1938879003558719,Cairo,1,3303,3902.0
Cairo_y2020.tif,305,0.6327868852459017,0.3119672131147541,Cairo,0,3373,3902.0
Cairo_y2020.tif,1053,1.0,0.4075308641975309,Cairo,1,3519,3902.0
Cairo_y2020.tif,909,0.9130913091309131,0.35242024202420236,Cairo,1,3476,3902.0
Cairo_y2020.tif,388,1.0,0.4361469072164949,Cairo,1,3531,3902.0
Cairo_y2020.tif,705,1.0,0.41371631205673753,Cairo,1,3579,3902.0
Cairo_y2020.tif,574,1.0,0.43618466898954705,Cairo,1,3569,3902.0
Cairo_y2020.tif,740,1.0,0.4333108108108108,Cairo,1,3584,3902.0
Cairo_y2020.tif,693,1.0,0.43730880230880226,Cairo,1,3583,3902.0
Cairo_y2020.tif,512,1.0,0.42341796875000004,Cairo,1,3580,3902.0
Cairo_y2020.tif,424,1.0,0.4387617924528302,Cairo,1,3593,3902.0
Cairo_y2020.tif,1248,1.0,0.4025480769230769,Cairo,1,3689,3902.0
Cairo_y2020.tif,535,0.0,0.06253271028037383,Cairo,0,3312,3902.0
Cairo_y2020.tif,284,0.0,0.08515845070422536,Cairo,0,3387,3902.0
Cairo_y2020.tif,466,0.19742489270386265,0.22778969957081546,Cairo,1,3384,3902.0
Cairo_y2020.tif,603,0.7993366500829188,0.30576285240464346,Cairo,1,3483,3902.0
Cairo_y2020.tif,11546,0.09457820890351637,0.07621990299670882,Cairo,0,3802,3902.0
Cairo_y2020.tif,472,1.0,0.41533898305084743,Cairo,1,3715,3902.0
Cairo_y2020.tif,2832,0.518361581920904,0.26736405367231636,Cairo,0,3818,3902.0
Cairo_y2020.tif,1083,0.09695290858725762,0.154275161588181,Cairo,0,3799,3902.0
Cairo_y2020.tif,1581,0.3187855787476281,0.18959519291587604,Cairo,0,3862,3902.0
Cairo_y2020.tif,899,0.2347052280311457,0.217091212458287,Cairo,0,3997,3902.0
Cairo_y2020.tif,3574,0.9448796866256296,0.39416759932848344,Cairo,1,3749,3902.0
Cairo_y2020.tif,1069,1.0,0.4307717492984097,Cairo,1,3794,3902.0
Cairo_y2020.tif,3976,0.9011569416498993,0.3656576961770624,Cairo,0,3789,3902.0
Cairo_y2020.tif,1198,0.8848080133555927,0.35616861435726216,Cairo,0,3866,3902.0
Cairo_y2020.tif,747,0.33467202141900937,0.22005354752342704,Cairo,0,4017,3902.0
Cairo_y2020.tif,1774,1.0,0.40815388951521986,Cairo,0,4047,3902.0
Cairo_y2020.tif,2126,0.8226716839134525,0.3167944496707432,Cairo,0,4063,3902.0
Cairo_y2020.tif,687,0.9970887918486172,0.34902474526928673,Cairo,1,4072,3902.0
Cairo_y2020.tif,1037,1.0,0.3823722275795564,Cairo,1,4174,3902.0
Cairo_y2020.tif,1762,1.0,0.37874858115777527,Cairo,0,4227,3902.0
Cairo_y2020.tif,1507,0.6775049767750497,0.27684804246848044,Cairo,0,4012,3902.0
Cairo_y2020.tif,989,0.24570273003033366,0.20467644084934275,Cairo,1,4074,3902.0
Cairo_y2020.tif,1727,1.0,0.4078170237405906,Cairo,0,4056,3902.0
Cairo_y2020.tif,879,1.0,0.38283845278725825,Cairo,0,4123,3902.0
Cairo_y2020.tif,6237,0.3605900272566939,0.17831248997915664,Cairo,0,4313,3902.0
Cairo_y2020.tif,713,1.0,0.3966129032258064,Cairo,1,4173,3902.0
Cairo_y2020.tif,1571,1.0,0.3610630171865054,Cairo,1,4110,3902.0
Cairo_y2020.tif,924,1.0,0.3837121212121212,Cairo,1,4212,3902.0
Cairo_y2020.tif,484,0.9752066115702479,0.3989876033057851,Cairo,1,4278,3902.0
Cairo_y2020.tif,773,0.9805950840879689,0.34509055627425617,Cairo,1,4272,3902.0
Cairo_y2020.tif,1213,0.0,0.061916735366859016,Cairo,0,3764,3902.0
Cairo_y2020.tif,1294,0.0,0.040023183925811445,Cairo,0,3852,3902.0
Cairo_y2020.tif,2964,0.0,0.03986504723346829,Cairo,0,4104,3902.0
Cairo_y2020.tif,435,0.0,0.052183908045977015,Cairo,0,4026,3902.0
Cairo_y2020.tif,2808,0.04131054131054131,0.08758368945868947,Cairo,0,4139,3902.0
Cairo_y2020.tif,5666,0.0010589481115425344,0.03797123190963643,Cairo,0,4318,3902.0
Cairo_y2020.tif,571,0.0,0.04621716287215411,Cairo,0,4132,3902.0
Cairo_y2020.tif,841,0.0,0.06210463733650417,Cairo,0,4152,3902.0
Cairo_y2020.tif,39559,0.008746429383958138,0.006203518794711697,Cairo,0,4714,3902.0
Cairo_y2020.tif,602,0.03322259136212625,0.12671926910299003,Cairo,0,4247,3902.0
Cairo_y2020.tif,915,0.0,0.06555191256830602,Cairo,0,4236,3902.0
Cairo_y2020.tif,832,0.3737980769230769,0.18396033653846156,Cairo,0,4211,3902.0
Cairo_y2020.tif,1764,0.20521541950113378,0.14063208616780046,Cairo,0,4375,3902.0
Cairo_y2020.tif,1053,0.4795821462488129,0.265332383665717,Cairo,0,4435,3902.0
Cairo_y2020.tif,3414,0.2103104862331576,0.15317809021675455,Cairo,0,4565,3902.0
Cairo_y2020.tif,1580,0.7670886075949367,0.3148765822784811,Cairo,1,4491,3902.0
Cairo_y2020.tif,13989,0.40217313603545646,0.17084745156908998,Cairo,0,4679,3902.0
Cairo_y2020.tif,479,0.0,0.10531315240083505,Cairo,1,4535,3902.0
Cairo_y2020.tif,1031,0.4335596508244423,0.18663433559650827,Cairo,1,4546,3902.0
Cairo_y2020.tif,699,1.0,0.3759942775393419,Cairo,1,4590,3902.0
Cairo_y2020.tif,769,0.88296488946684,0.33274382314694406,Cairo,1,4215,3902.0
Cairo_y2020.tif,583,1.0,0.38631217838765014,Cairo,0,4288,3902.0
Cairo_y2020.tif,2897,0.7010700724887815,0.29081981360027614,Cairo,0,4397,3902.0
Cairo_y2020.tif,2096,0.9751908396946565,0.37266459923664125,Cairo,1,4286,3902.0
Cairo_y2020.tif,6818,0.5029334115576415,0.19828688765033736,Cairo,0,4625,3902.0
Cairo_y2020.tif,802,0.4837905236907731,0.19333541147132172,Cairo,0,4585,3902.0
Cairo_y2020.tif,1533,0.3157208088714938,0.1550945857795173,Cairo,0,4628,3902.0
Cairo_y2020.tif,1115,0.003587443946188341,0.05829147982062781,Cairo,0,4668,3902.0
Cairo_y2020.tif,1492,0.0824396782841823,0.09772788203753352,Cairo,0,4646,3902.0
Cairo_y2020.tif,1756,0.3684510250569476,0.16983200455580866,Cairo,0,4722,3902.0
Cairo_y2020.tif,15066,0.0016593654586486127,0.03580744723217842,Cairo,0,1185,3902.0
Cairo_y2020.tif,102667,0.002308434063525768,0.02208280167921533,Cairo,0,1441,3902.0
Cairo_y2020.tif,24096,0.0031540504648074367,0.024468791500664017,Cairo,0,1915,3902.0
Cairo_y2020.tif,5533,0.0,0.02912434484005061,Cairo,0,2042,3902.0
Cairo_y2020.tif,1749,0.0,0.027475700400228707,Cairo,0,2146,3902.0
Cairo_y2020.tif,2704,0.004807692307692308,0.040698964497041426,Cairo,0,2142,3902.0
Cairo_y2020.tif,2255,0.0,0.02967627494456762,Cairo,0,2220,3902.0
Cairo_y2020.tif,5396,0.0,0.02448943661971831,Cairo,0,2129,3902.0
Cairo_y2020.tif,21111,0.0,0.017482828856993985,Cairo,0,2716,3902.0
Cairo_y2020.tif,1270,0.315748031496063,0.15938582677165355,Cairo,0,2697,3902.0
Cairo_y2020.tif,2184,0.0,0.02516712454212454,Cairo,0,1926,3902.0
Cairo_y2020.tif,2677,0.13634665670526708,0.08075457601793053,Cairo,0,1955,3902.0
Cairo_y2020.tif,27089,0.06297759238067112,0.05516981062423862,Cairo,0,2235,3902.0
Cairo_y2020.tif,552,0.6032608695652174,0.2228713768115942,Cairo,0,2200,3902.0
Cairo_y2020.tif,1047,0.2731614135625597,0.13673352435530087,Cairo,0,2349,3902.0
Cairo_y2020.tif,385,0.2051948051948052,0.11916883116883116,Cairo,0,2319,3902.0
Cairo_y2020.tif,461,0.33405639913232105,0.11124728850325379,Cairo,0,2317,3902.0
Cairo_y2020.tif,813,0.04305043050430504,0.0757011070110701,Cairo,0,2352,3902.0
Cairo_y2020.tif,693,0.002886002886002886,0.04556277056277057,Cairo,0,2357,3902.0
Cairo_y2020.tif,459,0.0,0.04202614379084968,Cairo,0,2370,3902.0
Cairo_y2020.tif,814,0.0,0.03770884520884522,Cairo,0,2054,3902.0
Cairo_y2020.tif,1107,0.0,0.031214995483288165,Cairo,0,2101,3902.0
Cairo_y2020.tif,1083,0.0,0.026191135734072023,Cairo,0,2115,3902.0
Cairo_y2020.tif,1381,0.0,0.05031498913830557,Cairo,0,2356,3902.0
Cairo_y2020.tif,20730,0.00834539315002412,0.026363724071394118,Cairo,0,2676,3902.0
Cairo_y2020.tif,569,0.0,0.02855008787346221,Cairo,0,2403,3902.0
Cairo_y2020.tif,1096,0.5136861313868614,0.16251824817518248,Cairo,0,2467,3902.0
Cairo_y2020.tif,720,0.008333333333333333,0.10199305555555556,Cairo,0,2436,3902.0
Cairo_y2020.tif,1034,0.0,0.04790135396518376,Cairo,0,2534,3902.0
Cairo_y2020.tif,577,0.0,0.027253032928942808,Cairo,0,2545,3902.0
Cairo_y2020.tif,281,0.12455516014234876,0.13126334519572955,Cairo,0,2382,3902.0
Cairo_y2020.tif,346,0.1676300578034682,0.14182080924855492,Cairo,0,2394,3902.0
Cairo_y2020.tif,292,0.1917808219178082,0.1356849315068493,Cairo,0,2415,3902.0
Cairo_y2020.tif,5056,0.00039556962025316455,0.023186313291139245,Cairo,0,2640,3902.0
Cairo_y2020.tif,393,0.8371501272264631,0.22539440203562341,Cairo,0,2409,3902.0
Cairo_y2020.tif,571,0.9352014010507881,0.3288791593695271,Cairo,0,2472,3902.0
Cairo_y2020.tif,658,0.9832826747720365,0.33607902735562306,Cairo,0,2509,3902.0
Cairo_y2020.tif,1061,0.7832233741753063,0.23207822808671066,Cairo,0,2583,3902.0
Cairo_y2020.tif,251,0.8007968127490039,0.2244223107569721,Cairo,0,2496,3902.0
Cairo_y2020.tif,956,0.551255230125523,0.19134937238493724,Cairo,0,2570,3902.0
Cairo_y2020.tif,722,0.9722991689750693,0.30740304709141275,Cairo,0,2550,3902.0
Cairo_y2020.tif,541,0.3955637707948244,0.17965804066543437,Cairo,0,2669,3902.0
Cairo_y2020.tif,1361,0.2718589272593681,0.11141072740631888,Cairo,0,2755,3902.0
Cairo_y2020.tif,691,0.3907380607814761,0.159493487698987,Cairo,0,2757,3902.0
Cairo_y2020.tif,911,0.6223929747530187,0.2095773874862788,Cairo,0,2799,3902.0
Cairo_y2020.tif,905,0.5756906077348066,0.22500552486187844,Cairo,0,2853,3902.0
Cairo_y2020.tif,518,0.361003861003861,0.152992277992278,Cairo,0,2813,3902.0
Cairo_y2020.tif,307,0.7752442996742671,0.23456026058631924,Cairo,0,2820,3902.0
Cairo_y2020.tif,944,0.001059322033898305,0.03845338983050848,Cairo,0,2838,3902.0
Cairo_y2020.tif,955,0.7371727748691099,0.2306282722513089,Cairo,0,2843,3902.0
Cairo_y2020.tif,228,0.0,0.023793859649122815,Cairo,0,2514,3902.0
Cairo_y2020.tif,558,0.0,0.026182795698924732,Cairo,0,2565,3902.0
Cairo_y2020.tif,585,0.023931623931623933,0.06323076923076922,Cairo,0,2634,3902.0
Cairo_y2020.tif,1023,0.0,0.03213098729227762,Cairo,0,2646,3902.0
Cairo_y2020.tif,470,0.019148936170212766,0.05892553191489362,Cairo,0,2690,3902.0
Cairo_y2020.tif,458,0.0,0.11054585152838427,Cairo,0,2717,3902.0
Cairo_y2020.tif,601,0.0033277870216306157,0.07612312811980033,Cairo,0,2748,3902.0
Cairo_y2020.tif,3551,0.00422416220782878,0.032416220782878064,Cairo,0,2934,3902.0
Cairo_y2020.tif,556,0.0683453237410072,0.11076438848920864,Cairo,0,2848,3902.0
Cairo_y2020.tif,1529,0.18312622629169392,0.10791039895356443,Cairo,0,2983,3902.0
Cairo_y2020.tif,714,0.12324929971988796,0.1396218487394958,Cairo,0,2687,3902.0
Cairo_y2020.tif,999,0.0,0.023013013013013017,Cairo,0,2739,3902.0
Cairo_y2020.tif,2631,0.11440516913721019,0.07324971493728621,Cairo,0,2829,3902.0
Cairo_y2020.tif,1387,0.3323720259552992,0.1942862292718097,Cairo,0,2814,3902.0
Cairo_y2020.tif,778,0.02313624678663239,0.05767994858611826,Cairo,0,2839,3902.0
Cairo_y2020.tif,630,0.2920634920634921,0.1499920634920635,Cairo,0,2870,3902.0
Cairo_y2020.tif,1151,0.0,0.022667245873153778,Cairo,0,2941,3902.0
Cairo_y2020.tif,813,0.7195571955719557,0.2587392373923739,Cairo,0,2936,3902.0
Cairo_y2020.tif,609,0.0,0.03568144499178982,Cairo,0,2971,3902.0
Cairo_y2020.tif,755,0.022516556291390728,0.04531125827814571,Cairo,0,3004,3902.0
Cairo_y2020.tif,732,0.930327868852459,0.32579234972677595,Cairo,0,2961,3902.0
Cairo_y2020.tif,462,0.841991341991342,0.2740367965367965,Cairo,0,2899,3902.0
Cairo_y2020.tif,973,1.0,0.3379445015416238,Cairo,0,2982,3902.0
Cairo_y2020.tif,305,1.0,0.27704918032786885,Cairo,0,2929,3902.0
Cairo_y2020.tif,315,1.0,0.3252698412698413,Cairo,0,2948,3902.0
Cairo_y2020.tif,365,0.7506849315068493,0.2298219178082192,Cairo,0,2953,3902.0
Cairo_y2020.tif,363,0.8953168044077136,0.2442699724517907,Cairo,0,2973,3902.0
Cairo_y2020.tif,333,0.8048048048048048,0.23184684684684684,Cairo,0,3000,3902.0
Cairo_y2020.tif,360,0.5777777777777777,0.21494444444444444,Cairo,0,3033,3902.0
Cairo_y2020.tif,331,0.11782477341389729,0.0744259818731118,Cairo,0,3074,3902.0
Cairo_y2020.tif,300,0.11666666666666667,0.14256666666666665,Cairo,0,3073,3902.0
Cairo_y2020.tif,937,0.368196371398079,0.17314300960512274,Cairo,0,3146,3902.0
Cairo_y2020.tif,444,0.16891891891891891,0.15686936936936938,Cairo,1,3154,3902.0
Cairo_y2020.tif,344,0.0436046511627907,0.11343023255813953,Cairo,0,3174,3902.0
Cairo_y2020.tif,380,0.0,0.06652631578947368,Cairo,0,3197,3902.0
Cairo_y2020.tif,1230,0.07479674796747968,0.08713821138211382,Cairo,0,3253,3902.0
Cairo_y2020.tif,307,0.6482084690553745,0.2463517915309446,Cairo,0,3187,3902.0
Cairo_y2020.tif,367,0.0,0.06452316076294277,Cairo,0,3220,3902.0
Cairo_y2020.tif,547,0.4936014625228519,0.20287020109689216,Cairo,0,3238,3902.0
Cairo_y2020.tif,707,0.57991513437058,0.19743988684582744,Cairo,0,3255,3902.0
Cairo_y2020.tif,583,0.0,0.03812178387650086,Cairo,0,3014,3902.0
Cairo_y2020.tif,1952,0.17008196721311475,0.09378073770491804,Cairo,0,3295,3902.0
Cairo_y2020.tif,4844,0.017960363336085878,0.028551816680429398,Cairo,0,3404,3902.0
Cairo_y2020.tif,1203,0.485453034081463,0.16559434746467167,Cairo,0,3462,3902.0
Cairo_y2020.tif,1273,0.0,0.04218774548311076,Cairo,0,3506,3902.0
Cairo_y2020.tif,874,0.0,0.0733066361556064,Cairo,0,3541,3902.0
Cairo_y2020.tif,2209,0.04798551380715256,0.09224083295608872,Cairo,0,3684,3902.0
Cairo_y2020.tif,3377,0.13266212614746817,0.09634734971868522,Cairo,0,3627,3902.0
Cairo_y2020.tif,3186,0.0951035781544256,0.06468926553672318,Cairo,0,3814,3902.0
Cairo_y2020.tif,1076,0.7555762081784386,0.25267657992565057,Cairo,0,3883,3902.0
Cairo_y2020.tif,1958,0.6945863125638406,0.2715321756894791,Cairo,0,1499,3902.0
Cairo_y2020.tif,774,0.9638242894056848,0.31320413436692507,Cairo,0,1502,3902.0
Cairo_y2020.tif,1657,0.987929993964997,0.33996378998189497,Cairo,0,1507,3902.0
Cairo_y2020.tif,5523,0.4316494658699982,0.18752036936447586,Cairo,0,1523,3902.0
Cairo_y2020.tif,232983,0.0,0.005123120571028788,Cairo,0,1686,3902.0
Cairo_y2020.tif,4576,0.0,0.0,Cairo,0,1739,3902.0
Cairo_y2020.tif,85163,0.0053779223371652005,0.012096450336413699,Cairo,0,1848,3902.0
Cairo_y2020.tif,2102,0.0,0.018477640342530924,Cairo,0,1854,3902.0
Cairo_y2020.tif,10279,0.003015857573693939,0.030679054382722056,Cairo,0,1876,3902.0
Cairo_y2020.tif,3847,0.0,0.02435014296854692,Cairo,0,1877,3902.0
Cairo_y2020.tif,1837,0.9858464888405009,0.3892052259118128,Cairo,0,1628,3902.0
Cairo_y2020.tif,949,0.9272918861959958,0.33158587987355104,Cairo,0,1631,3902.0
Cairo_y2020.tif,1043,1.0,0.38246404602109296,Cairo,1,1640,3902.0
Cairo_y2020.tif,1247,1.0,0.3983159582999198,Cairo,1,1647,3902.0
Cairo_y2020.tif,1130,0.8168141592920354,0.30284070796460183,Cairo,0,1645,3902.0
Cairo_y2020.tif,2196,1.0,0.3873793260473588,Cairo,1,1652,3902.0
Cairo_y2020.tif,5844,0.36995208761122517,0.1538586584531143,Cairo,0,1690,3902.0
Cairo_y2020.tif,5535,0.8281842818428184,0.3117217705510389,Cairo,1,1676,3902.0
Cairo_y2020.tif,5900,0.5857627118644068,0.23054915254237288,Cairo,0,1698,3902.0
Cairo_y2020.tif,1213,0.0,0.022786479802143447,Cairo,0,1769,3902.0
Cairo_y2020.tif,2204,0.352994555353902,0.14430127041742286,Cairo,0,1638,3902.0
Cairo_y2020.tif,80264,0.0,0.0021345185886574303,Cairo,0,1752,3902.0
Cairo_y2020.tif,3901,0.0,0.04415149961548321,Cairo,0,1828,3902.0
Cairo_y2020.tif,1639,0.0,0.019713239780353876,Cairo,0,1867,3902.0
Cairo_y2020.tif,2923,0.0,0.023646938077317825,Cairo,0,1879,3902.0
Cairo_y2020.tif,1067,0.0,0.033720712277413314,Cairo,0,2131,3902.0
Cairo_y2020.tif,357,0.0,0.049411764705882356,Cairo,0,2194,3902.0
Cairo_y2020.tif,319,0.0,0.032774294670846395,Cairo,0,2273,3902.0
Cairo_y2020.tif,784,0.025510204081632654,0.04877551020408164,Cairo,0,2332,3902.0
Cairo_y2020.tif,211,0.0,0.08812796208530806,Cairo,1,2309,3902.0
Cairo_y2020.tif,766,0.0,0.01609007832898172,Cairo,0,1764,3902.0
Cairo_y2020.tif,1320,0.0,0.01638257575757576,Cairo,0,1778,3902.0
Cairo_y2020.tif,1807,0.0,0.01850857775318207,Cairo,0,1813,3902.0
Cairo_y2020.tif,19097,0.020264963083206786,0.03565717128344766,Cairo,0,1911,3902.0
Cairo_y2020.tif,2812,0.19985775248933144,0.11906294452347083,Cairo,0,1908,3902.0
Cairo_y2020.tif,1926,0.07009345794392523,0.10609034267912773,Cairo,0,1939,3902.0
Cairo_y2020.tif,1718,0.0,0.04674330616996508,Cairo,0,1962,3902.0
Cairo_y2020.tif,432,0.0,0.05828703703703705,Cairo,0,1949,3902.0
Cairo_y2020.tif,526,0.0,0.049676806083650195,Cairo,0,1957,3902.0
Cairo_y2020.tif,432,0.0,0.039317129629629625,Cairo,0,1961,3902.0
Cairo_y2020.tif,2988,0.0,0.023117469879518078,Cairo,0,2021,3902.0
Cairo_y2020.tif,569,0.0,0.048690685413005266,Cairo,0,1967,3902.0
Cairo_y2020.tif,542,0.0,0.046808118081180815,Cairo,0,1973,3902.0
Cairo_y2020.tif,690,0.0,0.03130434782608696,Cairo,0,1986,3902.0
Cairo_y2020.tif,4286,0.12949136724218385,0.1056532897806813,Cairo,0,2027,3902.0
Cairo_y2020.tif,17639,0.0318612166222575,0.04372781903736041,Cairo,0,2253,3902.0
Cairo_y2020.tif,345,0.0,0.028289855072463763,Cairo,0,2133,3902.0
Cairo_y2020.tif,555,0.0,0.03617117117117117,Cairo,0,2134,3902.0
Cairo_y2020.tif,578,0.0,0.038538062283737025,Cairo,1,2160,3902.0
Cairo_y2020.tif,514,0.0,0.06607976653696498,Cairo,0,2204,3902.0
Cairo_y2020.tif,1590,0.0,0.041113207547169815,Cairo,0,1874,3902.0
Cairo_y2020.tif,970,0.0,0.028113402061855673,Cairo,0,1919,3902.0
Cairo_y2020.tif,80529,0.0033404115287660346,0.030533534503098262,Cairo,0,2431,3902.0
Cairo_y2020.tif,4067,0.028030489304155397,0.030492992377673965,Cairo,0,2089,3902.0
Cairo_y2020.tif,919,0.2611534276387378,0.1302829162132753,Cairo,0,2120,3902.0
Cairo_y2020.tif,499,0.531062124248497,0.18760521042084166,Cairo,0,2128,3902.0
Cairo_y2020.tif,490,0.889795918367347,0.2725612244897959,Cairo,0,2135,3902.0
Cairo_y2020.tif,670,0.09850746268656717,0.11769402985074626,Cairo,0,2151,3902.0
Cairo_y2020.tif,679,0.9499263622974963,0.28701030927835053,Cairo,0,2191,3902.0
Cairo_y2020.tif,260,0.926923076923077,0.3015961538461538,Cairo,0,2189,3902.0
Cairo_y2020.tif,247,0.0,0.11825910931174088,Cairo,0,2205,3902.0
Cairo_y2020.tif,376,0.0,0.04172872340425531,Cairo,1,2258,3902.0
Cairo_y2020.tif,441,0.1111111111111111,0.11275510204081633,Cairo,0,2237,3902.0
Cairo_y2020.tif,240,0.0,0.04964583333333334,Cairo,0,2239,3902.0
Cairo_y2020.tif,342,0.0,0.03361111111111111,Cairo,0,2219,3902.0
Cairo_y2020.tif,371,0.008086253369272238,0.08778975741239892,Cairo,1,2266,3902.0
Cairo_y2020.tif,581,0.0,0.04359724612736661,Cairo,0,2307,3902.0
Cairo_y2020.tif,250,0.0,0.0693,Cairo,0,2283,3902.0
Cairo_y2020.tif,745,0.0,0.038000000000000006,Cairo,0,2302,3902.0
Cairo_y2020.tif,283,0.0,0.0315547703180212,Cairo,0,2305,3902.0
Cairo_y2020.tif,870,0.13333333333333333,0.10094827586206896,Cairo,0,2215,3902.0
Cairo_y2020.tif,754,0.015915119363395226,0.06704907161803714,Cairo,0,2250,3902.0
Cairo_y2020.tif,263,0.7566539923954373,0.2714828897338403,Cairo,0,2241,3902.0
Cairo_y2020.tif,441,0.6757369614512472,0.24275510204081635,Cairo,0,2259,3902.0
Cairo_y2020.tif,635,1.0,0.3381574803149607,Cairo,0,2275,3902.0
Cairo_y2020.tif,469,0.814498933901919,0.26932835820895523,Cairo,0,2299,3902.0
Cairo_y2020.tif,615,0.26666666666666666,0.10591056910569106,Cairo,0,2335,3902.0
Cairo_y2020.tif,936,0.7297008547008547,0.24458867521367522,Cairo,0,2346,3902.0
Cairo_y2020.tif,819,0.8095238095238095,0.24473748473748477,Cairo,0,2388,3902.0
Cairo_y2020.tif,756,0.2566137566137566,0.10206349206349206,Cairo,0,2400,3902.0
Cairo_y2020.tif,413,0.2009685230024213,0.15416464891041162,Cairo,0,2339,3902.0
Cairo_y2020.tif,523,0.0,0.06651051625239005,Cairo,1,2334,3902.0
Cairo_y2020.tif,1040,0.0,0.044091346153846155,Cairo,1,2381,3902.0
Cairo_y2020.tif,244,0.0,0.09993852459016393,Cairo,1,2330,3902.0
Cairo_y2020.tif,214,0.04672897196261682,0.12467289719626168,Cairo,1,2344,3902.0
Cairo_y2020.tif,560,0.0,0.057,Cairo,1,2345,3902.0
Cairo_y2020.tif,241,0.05394190871369295,0.10968879668049791,Cairo,1,2361,3902.0
Cairo_y2020.tif,263,0.0,0.04555133079847909,Cairo,1,2374,3902.0
Cairo_y2020.tif,187,0.0213903743315508,0.0811764705882353,Cairo,0,2351,3902.0
Cairo_y2020.tif,766,0.020887728459530026,0.10798955613577023,Cairo,0,2417,3902.0
Cairo_y2020.tif,661,0.0,0.025363086232980333,Cairo,0,2473,3902.0
Cairo_y2020.tif,730,0.0,0.0763013698630137,Cairo,0,2442,3902.0
Cairo_y2020.tif,1661,0.0,0.030740517760385312,Cairo,0,2572,3902.0
Cairo_y2020.tif,1335,0.0,0.07176779026217228,Cairo,0,2533,3902.0
Cairo_y2020.tif,992,0.0,0.02713709677419355,Cairo,0,2558,3902.0
Cairo_y2020.tif,3839,0.12841885907788486,0.11524485543110184,Cairo,0,2659,3902.0
Cairo_y2020.tif,718,0.026462395543175487,0.09149025069637882,Cairo,0,2580,3902.0
Cairo_y2020.tif,443,0.006772009029345372,0.07085778781038375,Cairo,0,2614,3902.0
Cairo_y2020.tif,317,0.0,0.04417981072555205,Cairo,0,2609,3902.0
Cairo_y2020.tif,414,0.8502415458937198,0.29376811594202895,Cairo,0,2664,3902.0
Cairo_y2020.tif,1199,0.0,0.03537114261884904,Cairo,0,979,3902.0
Cairo_y2020.tif,563,0.0,0.09398756660746004,Cairo,0,980,3902.0
Cairo_y2020.tif,580,0.0017241379310344827,0.10141379310344828,Cairo,0,981,3902.0
Cairo_y2020.tif,1219,0.0,0.03420836751435603,Cairo,0,1009,3902.0
Cairo_y2020.tif,582,0.0,0.02995704467353952,Cairo,0,1010,3902.0
Cairo_y2020.tif,581,0.0,0.05821858864027539,Cairo,0,1011,3902.0
Cairo_y2020.tif,581,0.0981067125645439,0.13572289156626505,Cairo,0,1014,3902.0
Cairo_y2020.tif,633,0.0,0.030481832543443922,Cairo,0,1028,3902.0
Cairo_y2020.tif,871,0.0,0.02770378874856487,Cairo,0,1057,3902.0
Cairo_y2020.tif,2086,0.0,0.01415867689357622,Cairo,0,2267,3902.0
Cairo_y2020.tif,945,0.0,0.030619047619047622,Cairo,0,1027,3902.0
Cairo_y2020.tif,710,0.0,0.025499999999999995,Cairo,0,1052,3902.0
Cairo_y2020.tif,846,0.016548463356973995,0.06848699763593381,Cairo,0,1048,3902.0
Cairo_y2020.tif,9963,0.10699588477366255,0.082504767640269,Cairo,0,1082,3902.0
Cairo_y2020.tif,160497,0.011053166102793199,0.02136460494588684,Cairo,0,1200,3902.0
Cairo_y2020.tif,1034,0.0,0.03567214700193424,Cairo,0,1944,3902.0
Cairo_y2020.tif,817,0.0,0.013035495716034273,Cairo,0,2125,3902.0
Cairo_y2020.tif,1276,0.0,0.016759404388714733,Cairo,0,2149,3902.0
Cairo_y2020.tif,1366,0.0,0.018814055636896043,Cairo,0,2150,3902.0
Cairo_y2020.tif,329,0.0,0.01609422492401216,Cairo,1,2230,3902.0
Cairo_y2020.tif,4448,0.01596223021582734,0.05916029676258994,Cairo,0,871,3902.0
Cairo_y2020.tif,23832,0.0004615642833165492,0.009104145686471972,Cairo,0,890,3902.0
Cairo_y2020.tif,26718,7.485590238790328e-05,0.0042061531551762866,Cairo,0,2476,3902.0
Cairo_y2020.tif,34698,0.009914116087382558,0.014324600841547066,Cairo,0,2644,3902.0
Cairo_y2020.tif,2388,0.0,0.01762353433835846,Cairo,0,2324,3902.0
Cairo_y2020.tif,22702,0.004889437054004053,0.020687604616333368,Cairo,0,3064,3902.0
Cairo_y2020.tif,78103,0.027130840044556546,0.012411943203206023,Cairo,0,6077,3902.0
Cairo_y2020.tif,35432,0.017724091216979,0.025325412056897725,Cairo,0,6680,3902.0
Cairo_y2020.tif,95742,0.03399761859998747,0.034471914102483764,Cairo,0,7671,3902.0
Cairo_y2020.tif,3536,0.19145927601809956,0.1284290158371041,Cairo,0,6804,3902.0
Cairo_y2020.tif,46758,0.023418452457333504,0.026589995294922796,Cairo,0,1107,3902.0
Cairo_y2020.tif,45420,0.0004623513870541612,0.006720717745486569,Cairo,0,2087,3902.0
Cairo_y2020.tif,1781,0.0,0.0,Cairo,0,2198,3902.0
Cairo_y2020.tif,20738,0.038480084868357606,0.02697367152087955,Cairo,0,2314,3902.0
Cairo_y2020.tif,13371,0.0,0.01733079051679007,Cairo,0,2607,3902.0
Cairo_y2020.tif,5052,0.0,0.022903800475059383,Cairo,0,2974,3902.0
Cairo_y2020.tif,24664,0.008068439831333117,0.01405915504378852,Cairo,0,5597,3902.0
Cairo_y2020.tif,32927,0.7396057946366204,0.30046815683177935,Cairo,0,6548,3902.0
Cairo_y2020.tif,1001,0.0,0.01948051948051948,Cairo,0,6663,3902.0
Cairo_y2020.tif,44017,0.0800145398368812,0.05014187700206739,Cairo,0,7443,3902.0
Cairo_y2020.tif,1181,0.0,0.013391193903471632,Cairo,0,2238,3902.0
Cairo_y2020.tif,417,0.0,0.013812949640287769,Cairo,0,2212,3902.0
Cairo_y2020.tif,5558,0.0,0.02104713925872616,Cairo,0,2462,3902.0
Cairo_y2020.tif,933,0.0,0.028118971061093255,Cairo,0,2353,3902.0
Cairo_y2020.tif,1673,0.0,0.02142857142857143,Cairo,0,2469,3902.0
Cairo_y2020.tif,6000,0.0003333333333333333,0.02818666666666667,Cairo,0,2680,3902.0
Cairo_y2020.tif,1449,0.0,0.031228433402346444,Cairo,0,2655,3902.0
Cairo_y2020.tif,1441,0.0,0.01998612074947953,Cairo,0,2681,3902.0
Cairo_y2020.tif,689,0.0,0.023258345428156746,Cairo,0,2715,3902.0
Cairo_y2020.tif,1833,0.0430987452264048,0.04699127114020731,Cairo,0,2725,3902.0
Cairo_y2020.tif,50114,0.0,0.0025634553218661454,Cairo,0,2663,3902.0
Cairo_y2020.tif,853,0.0,0.02346424384525205,Cairo,0,2648,3902.0
Cairo_y2020.tif,4001,0.0,0.03207198200449888,Cairo,0,3167,3902.0
Cairo_y2020.tif,2006,0.0,0.023093220338983055,Cairo,0,3044,3902.0
Cairo_y2020.tif,2567,0.0,0.030223996883521623,Cairo,0,3198,3902.0
Cairo_y2020.tif,1991,0.0,0.017903063787041686,Cairo,0,3284,3902.0
Cairo_y2020.tif,738,0.0,0.03627371273712737,Cairo,0,3350,3902.0
Cairo_y2020.tif,5429,0.0,0.015745993737336525,Cairo,0,3481,3902.0
Cairo_y2020.tif,879,0.0,0.030597269624573382,Cairo,0,3345,3902.0
Cairo_y2020.tif,1003,0.0,0.023050847457627123,Cairo,0,3420,3902.0
Cairo_y2020.tif,844,0.0,0.03011255924170617,Cairo,0,2805,3902.0
Cairo_y2020.tif,1375,0.0,0.019418181818181814,Cairo,0,2821,3902.0
Cairo_y2020.tif,4716,0.0,0.026888252756573368,Cairo,0,2868,3902.0
Cairo_y2020.tif,1089,0.0,0.027539026629935716,Cairo,1,2905,3902.0
Cairo_y2020.tif,3180,0.0,0.02908490566037736,Cairo,0,3272,3902.0
Cairo_y2020.tif,11039,0.027176374671618805,0.03134205996920011,Cairo,0,3450,3902.0
Cairo_y2020.tif,4290,0.0,0.020583916083916087,Cairo,0,3642,3902.0
Cairo_y2020.tif,2151,0.17526731752673175,0.07189679218967922,Cairo,0,3656,3902.0
Cairo_y2020.tif,3819,0.029065200314218383,0.011927206074888714,Cairo,0,3783,3902.0
Cairo_y2020.tif,1679,0.37462775461584275,0.11807921381774868,Cairo,0,3755,3902.0
Cairo_y2020.tif,1473,0.0027155465037338763,0.07205363204344875,Cairo,0,3478,3902.0
Cairo_y2020.tif,1113,0.0,0.048598382749326145,Cairo,0,3534,3902.0
Cairo_y2020.tif,1274,0.04317111459968603,0.06779042386185244,Cairo,0,3632,3902.0
Cairo_y2020.tif,135570,0.002249760271446485,0.004306262447444124,Cairo,0,4741,3902.0
Cairo_y2020.tif,2121,0.0,0.0,Cairo,0,4009,3902.0
Cairo_y2020.tif,2228,0.0,0.0,Cairo,0,4106,3902.0
Cairo_y2020.tif,5237,0.0,0.0,Cairo,0,4298,3902.0
Cairo_y2020.tif,1727,0.0,0.0,Cairo,0,4405,3902.0
Cairo_y2020.tif,5258,0.0,0.006765880562951693,Cairo,0,4599,3902.0
Cairo_y2020.tif,2006,0.0,0.011557826520438685,Cairo,0,4600,3902.0
Cairo_y2020.tif,1826,0.7940854326396495,0.21153340635268345,Cairo,0,3956,3902.0
Cairo_y2020.tif,1250,0.5472,0.199084,Cairo,0,4055,3902.0
Cairo_y2020.tif,1238,0.6704361873990307,0.21048869143780294,Cairo,0,4118,3902.0
Cairo_y2020.tif,2318,0.0,0.0008347713546160483,Cairo,0,4246,3902.0
Cairo_y2020.tif,1037,0.8659594985535197,0.2527579556412729,Cairo,0,4244,3902.0
Cairo_y2020.tif,2530,0.0,0.0071581027667984186,Cairo,0,4400,3902.0
Cairo_y2020.tif,1441,0.9715475364330326,0.3163983344899375,Cairo,0,4474,3902.0
Cairo_y2020.tif,1661,0.9295605057194462,0.3165773630343167,Cairo,0,4512,3902.0
Cairo_y2020.tif,2061,0.7685589519650655,0.22678311499272197,Cairo,0,4530,3902.0
Cairo_y2020.tif,1170,0.9213675213675213,0.2565683760683761,Cairo,0,4622,3902.0
Cairo_y2020.tif,2436,0.5578817733990148,0.19290845648604268,Cairo,0,4635,3902.0
Cairo_y2020.tif,3588,0.8988294314381271,0.27701365663322186,Cairo,0,4732,3902.0
Cairo_y2020.tif,6919,0.3507732331261743,0.14683769330828156,Cairo,0,4890,3902.0
Cairo_y2020.tif,1444,0.19321329639889195,0.09977146814404432,Cairo,0,4871,3902.0
Cairo_y2020.tif,2783,0.6593604024434064,0.25582464965864177,Cairo,0,4941,3902.0
Cairo_y2020.tif,3048,0.968503937007874,0.3235219816272966,Cairo,0,5009,3902.0
Cairo_y2020.tif,2770,0.7938628158844765,0.24985559566787,Cairo,0,5092,3902.0
Cairo_y2020.tif,7685,0.3902407286922576,0.18106310995445674,Cairo,0,5221,3902.0
Cairo_y2020.tif,1048,0.8778625954198473,0.2902528625954198,Cairo,0,5244,3902.0
Cairo_y2020.tif,2095,0.8276849642004773,0.2981575178997613,Cairo,0,5312,3902.0
Cairo_y2020.tif,277,0.0,0.05003610108303249,Cairo,1,2379,3902.0
Cairo_y2020.tif,350,0.0,0.04132857142857143,Cairo,0,2402,3902.0
Cairo_y2020.tif,610,0.0,0.036221311475409836,Cairo,1,2480,3902.0
Cairo_y2020.tif,2450,0.0,0.033661224489795916,Cairo,0,3013,3902.0
Cairo_y2020.tif,519,0.45472061657032753,0.14846820809248554,Cairo,0,3017,3902.0
Cairo_y2020.tif,441,0.8390022675736961,0.2373809523809524,Cairo,0,3083,3902.0
Cairo_y2020.tif,300,0.17333333333333334,0.08998333333333332,Cairo,0,3178,3902.0
Cairo_y2020.tif,430,0.20232558139534884,0.08775581395348837,Cairo,0,3158,3902.0
Cairo_y2020.tif,195,0.0,0.022820512820512822,Cairo,0,3213,3902.0
Cairo_y2020.tif,242,0.0,0.024008264462809924,Cairo,0,3229,3902.0
Cairo_y2020.tif,683,0.014641288433382138,0.06674231332357247,Cairo,0,2704,3902.0
Cairo_y2020.tif,357,0.9663865546218487,0.26203081232493,Cairo,0,2724,3902.0
Cairo_y2020.tif,495,0.07878787878787878,0.07865656565656566,Cairo,0,2728,3902.0
Cairo_y2020.tif,906,0.15562913907284767,0.14402869757174394,Cairo,0,2803,3902.0
Cairo_y2020.tif,669,0.6233183856502242,0.22618086696562031,Cairo,0,2776,3902.0
Cairo_y2020.tif,373,0.7426273458445041,0.2229758713136729,Cairo,0,2763,3902.0
Cairo_y2020.tif,344,0.0,0.09226744186046511,Cairo,0,2759,3902.0
Cairo_y2020.tif,634,0.6608832807570978,0.23916403785488957,Cairo,0,2818,3902.0
Cairo_y2020.tif,558,0.43727598566308246,0.1742831541218638,Cairo,0,2826,3902.0
Cairo_y2020.tif,1967,0.30554143365531267,0.12195983731570921,Cairo,0,2977,3902.0
Cairo_y2020.tif,1421,0.13793103448275862,0.08716396903589022,Cairo,0,2527,3902.0
Cairo_y2020.tif,674,0.8234421364985163,0.2664614243323442,Cairo,0,2554,3902.0
Cairo_y2020.tif,332,0.7228915662650602,0.20951807228915664,Cairo,0,2582,3902.0
Cairo_y2020.tif,95969,0.053944502912398794,0.044406318707082504,Cairo,0,3778,3902.0
Cairo_y2020.tif,1043,0.9482262703739214,0.3118264621284756,Cairo,0,2986,3902.0
Cairo_y2020.tif,254,0.9645669291338582,0.2897244094488189,Cairo,1,2924,3902.0
Cairo_y2020.tif,267,0.8576779026217228,0.29297752808988764,Cairo,0,2946,3902.0
Cairo_y2020.tif,440,0.75,0.22182954545454547,Cairo,0,3090,3902.0
Cairo_y2020.tif,282,0.7375886524822695,0.20654255319148934,Cairo,0,3103,3902.0
Cairo_y2020.tif,567,0.10758377425044091,0.12455908289241623,Cairo,0,3173,3902.0
Cairo_y2020.tif,339,0.0,0.06281710914454278,Cairo,0,2823,3902.0
Cairo_y2020.tif,326,0.0,0.07154907975460123,Cairo,0,2865,3902.0
Cairo_y2020.tif,526,0.12927756653992395,0.1334505703422053,Cairo,0,2884,3902.0
Cairo_y2020.tif,2266,0.00794351279788173,0.03552736098852603,Cairo,0,3032,3902.0
Cairo_y2020.tif,909,0.0044004400440044,0.07517051705170517,Cairo,0,3006,3902.0
Cairo_y2020.tif,658,0.0,0.05510638297872341,Cairo,0,2979,3902.0
Cairo_y2020.tif,583,0.0,0.060205831903945115,Cairo,0,2967,3902.0
Cairo_y2020.tif,465,0.0,0.02555913978494624,Cairo,0,3059,3902.0
Cairo_y2020.tif,655,0.0,0.028717557251908395,Cairo,0,3091,3902.0
Cairo_y2020.tif,253,0.0,0.035375494071146256,Cairo,0,3077,3902.0
Cairo_y2020.tif,814,0.06633906633906633,0.1531081081081081,Cairo,0,3133,3902.0
Cairo_y2020.tif,603,0.0,0.1065837479270315,Cairo,0,3115,3902.0
Cairo_y2020.tif,422,0.26066350710900477,0.16473933649289102,Cairo,0,3120,3902.0
Cairo_y2020.tif,4087,0.0,0.060036701737215564,Cairo,0,3382,3902.0
Cairo_y2020.tif,1177,0.06881903143585387,0.11288445199660153,Cairo,0,3291,3902.0
Cairo_y2020.tif,337,0.2433234421364985,0.16584569732937685,Cairo,0,3274,3902.0
Cairo_y2020.tif,972,0.0,0.03506172839506173,Cairo,0,3305,3902.0
Cairo_y2020.tif,719,0.0,0.03569541029207233,Cairo,0,3358,3902.0
Cairo_y2020.tif,523,0.0,0.032390057361376685,Cairo,0,3371,3902.0
Cairo_y2020.tif,499,0.0,0.039328657314629256,Cairo,0,3386,3902.0
Cairo_y2020.tif,687,0.14556040756914118,0.07486171761280931,Cairo,0,3276,3902.0
Cairo_y2020.tif,335,0.0,0.026776119402985077,Cairo,0,3308,3902.0
Cairo_y2020.tif,339,0.0,0.03448377581120944,Cairo,0,3348,3902.0
Cairo_y2020.tif,1144,0.0,0.06374125874125874,Cairo,0,3484,3902.0
Cairo_y2020.tif,1380,0.13043478260869565,0.08865217391304347,Cairo,0,3509,3902.0
Cairo_y2020.tif,1057,0.40681173131504256,0.14931882686849574,Cairo,0,3542,3902.0
Cairo_y2020.tif,834,0.9580335731414868,0.33312949640287776,Cairo,0,3620,3902.0
Cairo_y2020.tif,318,0.9811320754716981,0.2830188679245283,Cairo,0,3692,3902.0
Cairo_y2020.tif,478,0.8765690376569037,0.32180962343096237,Cairo,0,3720,3902.0
Cairo_y2020.tif,820,0.3573170731707317,0.16210975609756098,Cairo,0,3734,3902.0
Cairo_y2020.tif,330,0.0,0.04040909090909091,Cairo,0,3399,3902.0
Cairo_y2020.tif,481,0.0,0.054303534303534316,Cairo,0,3460,3902.0
Cairo_y2020.tif,426,0.0,0.021854460093896716,Cairo,0,3468,3902.0
Cairo_y2020.tif,767,0.0,0.0696936114732725,Cairo,0,3474,3902.0
Cairo_y2020.tif,825,0.0,0.039381818181818184,Cairo,0,3585,3902.0
Cairo_y2020.tif,1057,0.0,0.04640491958372754,Cairo,0,3649,3902.0
Cairo_y2020.tif,650,0.0,0.056592307692307685,Cairo,0,3538,3902.0
Cairo_y2020.tif,869,0.0,0.020069044879171462,Cairo,0,3663,3902.0
Cairo_y2020.tif,365,0.0,0.04401369863013698,Cairo,0,3648,3902.0
Cairo_y2020.tif,1621,0.19740900678593462,0.09186921653300432,Cairo,0,3661,3902.0
Cairo_y2020.tif,338,0.22781065088757396,0.14479289940828402,Cairo,0,3162,3902.0
Cairo_y2020.tif,1327,0.31499623210248684,0.12325546345139413,Cairo,0,3247,3902.0
Cairo_y2020.tif,1406,0.10597439544807966,0.07478662873399716,Cairo,0,3300,3902.0
Cairo_y2020.tif,796,0.0,0.036758793969849254,Cairo,0,3281,3902.0
Cairo_y2020.tif,2104,0.0,0.02690589353612168,Cairo,0,3708,3902.0
Cairo_y2020.tif,3278,0.224222086638194,0.10453477730323368,Cairo,0,3776,3902.0
Cairo_y2020.tif,2070,0.23091787439613526,0.10768357487922707,Cairo,0,3928,3902.0
Cairo_y2020.tif,1231,0.36636880584890336,0.1299837530463038,Cairo,0,3962,3902.0
Cairo_y2020.tif,3570,0.49159663865546216,0.17500560224089634,Cairo,0,4086,3902.0
Cairo_y2020.tif,2636,0.6798179059180577,0.21665971168437026,Cairo,0,4114,3902.0
Cairo_y2020.tif,469,0.8763326226012793,0.2768976545842218,Cairo,1,3760,3902.0
Cairo_y2020.tif,435,0.8597701149425288,0.2475977011494253,Cairo,0,3779,3902.0
Cairo_y2020.tif,564,0.9166666666666666,0.2981117021276596,Cairo,0,3820,3902.0
Cairo_y2020.tif,1188,0.13636363636363635,0.08045875420875422,Cairo,0,3868,3902.0
Cairo_y2020.tif,4705,0.33560042507970245,0.1635377258235919,Cairo,0,4199,3902.0
Cairo_y2020.tif,3246,0.3977202711028959,0.17431608133086873,Cairo,0,4252,3902.0
Cairo_y2020.tif,3103,0.23622300999033194,0.15406864324846925,Cairo,0,4360,3902.0
Cairo_y2020.tif,1376,0.010174418604651164,0.11361191860465117,Cairo,0,4402,3902.0
Cairo_y2020.tif,3299,0.08790542588663232,0.08813276750530463,Cairo,0,4569,3902.0
Cairo_y2020.tif,3590,0.08969359331476323,0.08104038997214484,Cairo,0,4605,3902.0
Cairo_y2020.tif,244,0.0,0.06444672131147541,Cairo,0,3673,3902.0
Cairo_y2020.tif,385,0.825974025974026,0.2575844155844156,Cairo,0,3848,3902.0
Cairo_y2020.tif,443,0.28216704288939054,0.12521444695259593,Cairo,0,3869,3902.0
Cairo_y2020.tif,618,0.9029126213592233,0.3521440129449838,Cairo,1,3959,3902.0
Cairo_y2020.tif,3494,0.6290784201488265,0.25517172295363477,Cairo,0,4900,3902.0
Cairo_y2020.tif,5435,0.29586016559337625,0.13910027598896044,Cairo,0,5031,3902.0
Cairo_y2020.tif,4342,0.6457853523721787,0.22442422846614465,Cairo,0,5306,3902.0
Cairo_y2020.tif,1047,0.7153772683858644,0.22904011461318052,Cairo,0,5277,3902.0
Cairo_y2020.tif,1355,0.6760147601476014,0.229450184501845,Cairo,0,5362,3902.0
Cairo_y2020.tif,983,0.2451678535096643,0.14709562563580877,Cairo,0,5435,3902.0
Cairo_y2020.tif,12261,0.24663567408857354,0.11429981241334312,Cairo,0,5049,3902.0
Cairo_y2020.tif,7077,0.29560548254910274,0.10325208421647591,Cairo,0,4932,3902.0
Cairo_y2020.tif,8025,0.32772585669781934,0.12559688473520247,Cairo,0,4951,3902.0
Cairo_y2020.tif,3010,0.8159468438538205,0.2975282392026578,Cairo,0,5119,3902.0
Cairo_y2020.tif,4377,0.48777701622115605,0.1967831848297921,Cairo,0,5197,3902.0
Cairo_y2020.tif,19278,0.3248780993879033,0.15027259051768854,Cairo,0,5571,3902.0
Cairo_y2020.tif,1762,0.9506242905788876,0.34698637911464253,Cairo,0,5450,3902.0
Cairo_y2020.tif,27585,0.0033351459126336777,0.03235979699111837,Cairo,0,6376,3902.0
Cairo_y2020.tif,62272,0.00759570914696814,0.031247751798561152,Cairo,0,6936,3902.0
Cairo_y2020.tif,1850,0.0,0.02227837837837838,Cairo,0,6628,3902.0
Cairo_y2020.tif,1193,0.0,0.018160100586756076,Cairo,0,6609,3902.0
Cairo_y2020.tif,941,0.0,0.01922422954303932,Cairo,0,6646,3902.0
Cairo_y2020.tif,770,0.0,0.019616883116883116,Cairo,0,6696,3902.0
Cairo_y2020.tif,1514,0.0,0.017100396301188904,Cairo,0,6732,3902.0
Cairo_y2020.tif,2084,0.0019193857965451055,0.03447696737044145,Cairo,0,6747,3902.0
Cairo_y2020.tif,1381,0.0,0.02023533671252715,Cairo,0,6791,3902.0
Cairo_y2020.tif,1913,0.004704652378463147,0.060946157867224265,Cairo,0,6884,3902.0
Cairo_y2020.tif,628,0.0,0.03328821656050956,Cairo,0,6840,3902.0
Cairo_y2020.tif,1713,0.0,0.022405137186223,Cairo,0,6922,3902.0
Cairo_y2020.tif,2598,0.0,0.02128367975365666,Cairo,0,6960,3902.0
Cairo_y2020.tif,1630,0.0,0.035030674846625774,Cairo,0,6807,3902.0
Cairo_y2020.tif,893,0.0,0.026203807390817475,Cairo,0,6924,3902.0
Cairo_y2020.tif,1551,0.0,0.04036750483558994,Cairo,0,6998,3902.0
Cairo_y2020.tif,2472,0.010113268608414239,0.05392799352750809,Cairo,0,7093,3902.0
Cairo_y2020.tif,5836,0.15318711446196023,0.0980654557916381,Cairo,0,7155,3902.0
Cairo_y2020.tif,1919,0.0,0.02419489317352788,Cairo,0,7117,3902.0
Cairo_y2020.tif,699,0.0,0.039449213161659516,Cairo,0,7141,3902.0
Cairo_y2020.tif,716,0.0,0.03669692737430168,Cairo,0,7189,3902.0
Cairo_y2020.tif,1651,0.0,0.05642943670502726,Cairo,0,7259,3902.0
Cairo_y2020.tif,2261,0.0,0.06623617868199912,Cairo,0,7351,3902.0
Cairo_y2020.tif,1113,0.006289308176100629,0.06681042228212039,Cairo,0,6972,3902.0
Cairo_y2020.tif,1390,0.0,0.025899280575539568,Cairo,0,6970,3902.0
Cairo_y2020.tif,1427,0.0,0.0318114926419061,Cairo,0,7057,3902.0
Cairo_y2020.tif,662,0.0,0.026072507552870088,Cairo,0,7091,3902.0
Cairo_y2020.tif,1300,0.0,0.04913461538461539,Cairo,0,7173,3902.0
Cairo_y2020.tif,894,0.0,0.026213646532438482,Cairo,0,7145,3902.0
Cairo_y2020.tif,539,0.0,0.02197588126159555,Cairo,0,7197,3902.0
Cairo_y2020.tif,12653,0.004188729945467478,0.025169129850628313,Cairo,0,7470,3902.0
Cairo_y2020.tif,2780,0.0,0.0346043165467626,Cairo,0,7288,3902.0
Cairo_y2020.tif,562,0.0,0.022535587188612097,Cairo,0,7240,3902.0
Cairo_y2020.tif,799,0.0,0.033710888610763455,Cairo,0,7314,3902.0
Cairo_y2020.tif,776,0.0,0.034787371134020625,Cairo,0,7361,3902.0
Cairo_y2020.tif,870,0.0,0.0298448275862069,Cairo,0,7414,3902.0
Cairo_y2020.tif,974,0.0,0.037161190965092405,Cairo,0,7421,3902.0
Cairo_y2020.tif,847,0.0,0.036511216056670605,Cairo,0,7435,3902.0
Cairo_y2020.tif,886,0.004514672686230248,0.06527652370203162,Cairo,0,7454,3902.0
Cairo_y2020.tif,895,0.0,0.05287150837988828,Cairo,0,7548,3902.0
Cairo_y2020.tif,659,0.0,0.028194233687405156,Cairo,0,7488,3902.0
Cairo_y2020.tif,1891,0.0,0.02984928609201481,Cairo,0,7469,3902.0
Cairo_y2020.tif,768,0.0,0.032519531250000004,Cairo,0,7558,3902.0
Cairo_y2020.tif,1122,0.0,0.06109625668449198,Cairo,0,7309,3902.0
Cairo_y2020.tif,1153,0.0,0.033807458803122296,Cairo,0,7337,3902.0
Cairo_y2020.tif,767,0.0,0.0417470664928292,Cairo,0,7354,3902.0
Cairo_y2020.tif,939,0.0,0.030159744408945692,Cairo,0,7430,3902.0
Cairo_y2020.tif,728,0.0,0.024258241758241757,Cairo,0,7413,3902.0
Cairo_y2020.tif,1754,0.0,0.09169612314709237,Cairo,0,7478,3902.0
Cairo_y2020.tif,1208,0.0,0.03185844370860927,Cairo,0,7455,3902.0
Cairo_y2020.tif,480,0.0,0.030333333333333337,Cairo,0,7493,3902.0
Cairo_y2020.tif,919,0.0,0.05379216539717084,Cairo,0,7524,3902.0
Cairo_y2020.tif,994,0.0,0.0541297786720322,Cairo,0,7602,3902.0
Cairo_y2020.tif,1035,0.0,0.04952657004830918,Cairo,0,7461,3902.0
Cairo_y2020.tif,801,0.0,0.03619225967540574,Cairo,0,7515,3902.0
Cairo_y2020.tif,1794,0.0,0.04079710144927536,Cairo,0,7589,3902.0
Cairo_y2020.tif,1497,0.0,0.042768871075484306,Cairo,0,7506,3902.0
Cairo_y2020.tif,1111,0.0,0.06605760576057607,Cairo,0,7582,3902.0
Cairo_y2020.tif,814,0.0,0.04936117936117936,Cairo,0,7621,3902.0
Cairo_y2020.tif,1107,0.004516711833785004,0.0598780487804878,Cairo,0,7720,3902.0
Cairo_y2020.tif,637,0.0,0.0291287284144427,Cairo,0,7614,3902.0
Cairo_y2020.tif,1437,0.0,0.05857341684064023,Cairo,0,7709,3902.0
Cairo_y2020.tif,1726,0.08922363847045191,0.07035341830822711,Cairo,0,7722,3902.0
Cairo_y2020.tif,850,0.0,0.03621176470588235,Cairo,0,7584,3902.0
Cairo_y2020.tif,786,0.0,0.04130407124681934,Cairo,0,7607,3902.0
Cairo_y2020.tif,1256,0.0,0.04187898089171975,Cairo,0,7676,3902.0
Cairo_y2020.tif,1233,0.0,0.03776561232765612,Cairo,0,7697,3902.0
Cairo_y2020.tif,1282,0.093603744149766,0.09347503900156005,Cairo,0,7760,3902.0
Cairo_y2020.tif,11195,0.02912014292094685,0.05149620366234926,Cairo,0,7912,3902.0
Cairo_y2020.tif,608,0.0,0.027639802631578947,Cairo,0,7733,3902.0
Cairo_y2020.tif,1249,0.0,0.028150520416333064,Cairo,0,7775,3902.0
Cairo_y2020.tif,1235,0.0,0.03998785425101215,Cairo,0,7811,3902.0
Cairo_y2020.tif,624,0.0,0.036883012820512824,Cairo,0,7834,3902.0
Cairo_y2020.tif,2725,0.0,0.04893394495412844,Cairo,0,7792,3902.0
Cairo_y2020.tif,697,0.0,0.044763271162123384,Cairo,0,7774,3902.0
Cairo_y2020.tif,736,0.0,0.0365421195652174,Cairo,0,7785,3902.0
Cairo_y2020.tif,1594,0.0,0.06339711417816814,Cairo,0,7862,3902.0
Cairo_y2020.tif,1067,0.0,0.046344892221180885,Cairo,0,7783,3902.0
Cairo_y2020.tif,791,0.007585335018963337,0.0756700379266751,Cairo,0,7804,3902.0
Cairo_y2020.tif,641,0.0046801872074883,0.09322152886115445,Cairo,0,7872,3902.0
Cairo_y2020.tif,819,0.0,0.03642246642246643,Cairo,0,7873,3902.0
Cairo_y2020.tif,611,0.0,0.02051554828150573,Cairo,0,7887,3902.0
Cairo_y2020.tif,893,0.0,0.042430011198208294,Cairo,0,7906,3902.0
Cairo_y2020.tif,3053,0.033082214215525714,0.09160989190959713,Cairo,0,7680,3902.0
Cairo_y2020.tif,1584,0.0,0.03547348484848485,Cairo,0,7575,3902.0
Cairo_y2020.tif,1034,0.0019342359767891683,0.08644100580270794,Cairo,0,7649,3902.0
Cairo_y2020.tif,1608,0.0,0.04543221393034826,Cairo,0,7742,3902.0
Cairo_y2020.tif,3544,0.22150112866817157,0.126183690744921,Cairo,0,7972,3902.0
Cairo_y2020.tif,1378,0.03483309143686502,0.12391872278664731,Cairo,0,7833,3902.0
Cairo_y2020.tif,1274,0.0,0.04435243328100471,Cairo,0,7821,3902.0
Cairo_y2020.tif,1473,0.0,0.0510285132382892,Cairo,0,7788,3902.0
Cairo_y2020.tif,1039,0.0,0.04381616939364774,Cairo,0,7991,3902.0
Cairo_y2020.tif,1870,0.0,0.040328877005347596,Cairo,0,7983,3902.0
Cairo_y2020.tif,962,0.4604989604989605,0.1447817047817048,Cairo,0,4206,3902.0
Cairo_y2020.tif,4309,0.1387792991413321,0.07814342074727315,Cairo,0,4186,3902.0
Cairo_y2020.tif,2479,0.5058491327148044,0.19348729326341266,Cairo,0,4744,3902.0
Cairo_y2020.tif,3518,0.25326890278567366,0.11945849914724276,Cairo,0,4818,3902.0
Cairo_y2020.tif,2293,0.4552987352812909,0.1717836894897514,Cairo,0,4887,3902.0
Cairo_y2020.tif,2551,0.00901607212857703,0.07182281458251666,Cairo,0,4931,3902.0
Cairo_y2020.tif,7799,0.08808821643800488,0.057257340684703166,Cairo,0,5081,3902.0
Cairo_y2020.tif,5230,0.03652007648183556,0.0701395793499044,Cairo,0,5055,3902.0
Cairo_y2020.tif,3494,0.0,0.044662278191184894,Cairo,0,5172,3902.0
Cairo_y2020.tif,965,0.8072538860103627,0.2972227979274612,Cairo,0,5102,3902.0
Cairo_y2020.tif,2083,0.7306769083053288,0.2646927508401344,Cairo,0,4719,3902.0
Cairo_y2020.tif,115364,0.10422662182309907,0.05894481814084116,Cairo,0,5794,3902.0
Cairo_y2020.tif,1810,0.3187845303867403,0.12753591160220992,Cairo,0,5059,3902.0
Cairo_y2020.tif,1687,0.8524007113218731,0.28161825726141076,Cairo,0,5180,3902.0
Cairo_y2020.tif,1221,0.9991809991809992,0.3601351351351352,Cairo,0,5212,3902.0
Cairo_y2020.tif,3315,0.08989441930618401,0.07788084464555053,Cairo,0,5316,3902.0
Cairo_y2020.tif,1480,0.6216216216216216,0.22162837837837837,Cairo,0,5278,3902.0
Cairo_y2020.tif,1656,0.40881642512077293,0.14982789855072465,Cairo,0,5325,3902.0
Cairo_y2020.tif,791,0.6675094816687737,0.25465865992414666,Cairo,0,5283,3902.0
Cairo_y2020.tif,1863,0.10144927536231885,0.1130300590445518,Cairo,0,5293,3902.0
Cairo_y2020.tif,1191,0.6675062972292192,0.24184298908480267,Cairo,0,5191,3902.0
Cairo_y2020.tif,2769,0.20151679306608883,0.08451787648970747,Cairo,0,5230,3902.0
Cairo_y2020.tif,713,0.573632538569425,0.24002103786816267,Cairo,0,5233,3902.0
Cairo_y2020.tif,1277,0.9812059514487079,0.30808535630383715,Cairo,0,5260,3902.0
Cairo_y2020.tif,1194,0.17504187604690116,0.1282286432160804,Cairo,0,5385,3902.0
Cairo_y2020.tif,2478,0.13478611783696529,0.11221953188054883,Cairo,0,5394,3902.0
Cairo_y2020.tif,5835,0.05775492716366752,0.07200771208226223,Cairo,0,5474,3902.0
Cairo_y2020.tif,4958,0.05627269060104881,0.04672851956434046,Cairo,0,5565,3902.0
Cairo_y2020.tif,98555,0.07009284156054994,0.03202130789914261,Cairo,0,6336,3902.0
Cairo_y2020.tif,962,0.9708939708939709,0.3343866943866943,Cairo,0,6462,3902.0
Cairo_y2020.tif,1155,0.0987012987012987,0.1194112554112554,Cairo,0,5338,3902.0
Cairo_y2020.tif,742,0.09299191374663072,0.1036455525606469,Cairo,0,5327,3902.0
Cairo_y2020.tif,2151,0.06229660622966062,0.1550371920037192,Cairo,0,5408,3902.0
Cairo_y2020.tif,1220,0.012295081967213115,0.07208606557377048,Cairo,0,5407,3902.0
Cairo_y2020.tif,2340,0.07264957264957266,0.05590170940170942,Cairo,0,5528,3902.0
Cairo_y2020.tif,3634,0.09796367638965328,0.10944551458447992,Cairo,0,5511,3902.0
Cairo_y2020.tif,7013,0.6566376728931983,0.22661414515899048,Cairo,0,6439,3902.0
Cairo_y2020.tif,1973,0.7653319817536746,0.2619234668018246,Cairo,0,6454,3902.0
Cairo_y2020.tif,2024,0.9293478260869565,0.3155978260869565,Cairo,0,6565,3902.0
Cairo_y2020.tif,1302,0.989247311827957,0.3547811059907834,Cairo,0,6504,3902.0
Cairo_y2020.tif,2262,0.4916003536693192,0.1979641909814324,Cairo,0,5404,3902.0
Cairo_y2020.tif,748,0.196524064171123,0.15459893048128343,Cairo,0,5541,3902.0
Cairo_y2020.tif,1624,0.0,0.044963054187192125,Cairo,0,5556,3902.0
Cairo_y2020.tif,1277,0.25606891151135475,0.15241973375097884,Cairo,0,5559,3902.0
Cairo_y2020.tif,1221,0.5773955773955773,0.1950859950859951,Cairo,0,5599,3902.0
Cairo_y2020.tif,1265,0.12490118577075099,0.10304743083003952,Cairo,0,5603,3902.0
Cairo_y2020.tif,2493,0.6610509426393902,0.21235058162855996,Cairo,0,5916,3902.0
Cairo_y2020.tif,277,1.0,0.4082671480144405,Cairo,1,6793,3902.0
Cairo_y2020.tif,221,1.0,0.42719457013574663,Cairo,0,6799,3902.0
Cairo_y2020.tif,261,1.0,0.4343486590038314,Cairo,0,6829,3902.0
Cairo_y2020.tif,350708,0.04899802684854637,0.03769286700046764,Cairo,0,8267,3902.0
Cairo_y2020.tif,913,1.0,0.32927163198247533,Cairo,0,6515,3902.0
Cairo_y2020.tif,2135,0.8763466042154566,0.3013138173302108,Cairo,0,6674,3902.0
Cairo_y2020.tif,1198,0.991652754590985,0.2801502504173623,Cairo,0,6706,3902.0
Cairo_y2020.tif,1062,0.9887005649717514,0.3021892655367231,Cairo,0,6786,3902.0
Cairo_y2020.tif,1538,0.8439531859557867,0.2686573472041613,Cairo,0,6809,3902.0
Cairo_y2020.tif,562,0.9590747330960854,0.31457295373665484,Cairo,0,6826,3902.0
Cairo_y2020.tif,315,1.0,0.2844603174603174,Cairo,0,6841,3902.0
Cairo_y2020.tif,1629,0.9754450583179864,0.3151289134438306,Cairo,0,6904,3902.0
Cairo_y2020.tif,6795,0.08270787343635026,0.08898381162619574,Cairo,0,7194,3902.0
Cairo_y2020.tif,902,0.2982261640798226,0.15420731707317073,Cairo,0,6633,3902.0
Cairo_y2020.tif,3954,0.29742033383915023,0.13769853313100658,Cairo,0,6707,3902.0
Cairo_y2020.tif,583,0.16638078902229847,0.14259005145797599,Cairo,0,6698,3902.0
Cairo_y2020.tif,6232,0.2920410783055199,0.16190869704749677,Cairo,0,6967,3902.0
Cairo_y2020.tif,1334,0.6859070464767616,0.26020614692653676,Cairo,0,6751,3902.0
Cairo_y2020.tif,881,0.9466515323496028,0.36303064699205445,Cairo,0,6755,3902.0
Cairo_y2020.tif,646,1.0,0.41304953560371516,Cairo,0,6833,3902.0
Cairo_y2020.tif,1106,0.4873417721518987,0.19994122965641953,Cairo,0,6897,3902.0
Cairo_y2020.tif,2778,0.3563714902807775,0.18502159827213824,Cairo,0,6992,3902.0
Cairo_y2020.tif,391,1.0,0.4103196930946292,Cairo,1,6857,3902.0
Cairo_y2020.tif,319,0.09717868338557993,0.11336990595611285,Cairo,1,6858,3902.0
Cairo_y2020.tif,847,0.9988193624557261,0.36827626918536005,Cairo,0,6919,3902.0
Cairo_y2020.tif,783,0.5683269476372924,0.2543231162196679,Cairo,0,6959,3902.0
Cairo_y2020.tif,409,0.5794621026894865,0.2208312958435208,Cairo,0,6966,3902.0
Cairo_y2020.tif,2586,0.7362722351121423,0.265315158546017,Cairo,0,7034,3902.0
Cairo_y2020.tif,733,0.9972714870395635,0.3686425648021828,Cairo,0,6945,3902.0
Cairo_y2020.tif,628,1.0,0.3759633757961784,Cairo,0,6921,3902.0
Cairo_y2020.tif,278,0.9496402877697842,0.3322841726618705,Cairo,0,6962,3902.0
Cairo_y2020.tif,2153,0.983743613562471,0.37934045517882026,Cairo,1,7015,3902.0
Cairo_y2020.tif,337,1.0,0.41609792284866476,Cairo,1,7016,3902.0
Cairo_y2020.tif,165,0.9515151515151515,0.3890909090909091,Cairo,1,6863,3902.0
Cairo_y2020.tif,622,1.0,0.43794212218649514,Cairo,1,6899,3902.0
Cairo_y2020.tif,398,0.10804020100502512,0.168178391959799,Cairo,0,6920,3902.0
Cairo_y2020.tif,199,1.0,0.4228140703517589,Cairo,1,6933,3902.0
Cairo_y2020.tif,751,0.8894806924101198,0.3415446071904128,Cairo,0,6968,3902.0
Cairo_y2020.tif,396,1.0,0.4378661616161617,Cairo,1,6934,3902.0
Cairo_y2020.tif,292,1.0,0.4341438356164383,Cairo,1,6969,3902.0
Cairo_y2020.tif,411,1.0,0.41984184914841843,Cairo,1,6994,3902.0
Cairo_y2020.tif,354,1.0,0.4199858757062147,Cairo,1,7020,3902.0
Cairo_y2020.tif,190,1.0,0.43747368421052635,Cairo,1,7012,3902.0
Cairo_y2020.tif,251,1.0,0.4254183266932271,Cairo,0,7027,3902.0
Cairo_y2020.tif,230,1.0,0.428695652173913,Cairo,1,7060,3902.0
Cairo_y2020.tif,254,1.0,0.4281496062992126,Cairo,1,7069,3902.0
Cairo_y2020.tif,264,1.0,0.42691287878787876,Cairo,1,7084,3902.0
Cairo_y2020.tif,219,1.0,0.365296803652968,Cairo,1,7085,3902.0
Cairo_y2020.tif,1423,1.0,0.42354532677442025,Cairo,1,7221,3902.0
Cairo_y2020.tif,765,1.0,0.4281830065359477,Cairo,1,7184,3902.0
Cairo_y2020.tif,629,0.9554848966613673,0.35422098569157395,Cairo,1,7190,3902.0
Cairo_y2020.tif,393,1.0,0.4109669211195929,Cairo,1,7195,3902.0
Cairo_y2020.tif,370,0.9162162162162162,0.2820405405405405,Cairo,0,7236,3902.0
Cairo_y2020.tif,1011,0.19584569732937684,0.11019782393669633,Cairo,0,3024,3902.0
Cairo_y2020.tif,960,0.31354166666666666,0.15055208333333334,Cairo,0,3143,3902.0
Cairo_y2020.tif,870,0.2057471264367816,0.12150000000000001,Cairo,0,3121,3902.0
Cairo_y2020.tif,38239,0.0343366719841,0.03846596406809802,Cairo,0,3905,3902.0
Cairo_y2020.tif,20510,0.051194539249146756,0.036152120916626035,Cairo,0,3809,3902.0
Cairo_y2020.tif,3215,0.8102643856920684,0.2778102643856921,Cairo,0,3775,3902.0
Cairo_y2020.tif,1539,0.5938921377517868,0.18986029889538664,Cairo,0,3800,3902.0
Cairo_y2020.tif,57096,0.02686703096539162,0.030062526271542666,Cairo,0,4579,3902.0
Cairo_y2020.tif,1434,0.9149232914923291,0.31199790794979076,Cairo,0,3923,3902.0
Cairo_y2020.tif,1357,0.7347089167280766,0.21107221812822402,Cairo,0,3947,3902.0
Cairo_y2020.tif,2463,0.8611449451887941,0.26649208282582215,Cairo,0,3906,3902.0
Cairo_y2020.tif,1304,0.8742331288343558,0.30059432515337425,Cairo,0,4003,3902.0
Cairo_y2020.tif,3654,0.5292829775588396,0.2048672687465791,Cairo,0,4099,3902.0
Cairo_y2020.tif,2528,0.6669303797468354,0.229345332278481,Cairo,0,4100,3902.0
Cairo_y2020.tif,1484,0.8942048517520216,0.2686152291105121,Cairo,0,4071,3902.0
Cairo_y2020.tif,1684,0.6751781472684085,0.24466448931116389,Cairo,0,4147,3902.0
Cairo_y2020.tif,1144,0.10402097902097902,0.08773164335664337,Cairo,0,4262,3902.0
Cairo_y2020.tif,1588,0.6826196473551638,0.24113979848866496,Cairo,0,4287,3902.0
Cairo_y2020.tif,2567,0.802493182703545,0.3025126606934164,Cairo,0,4316,3902.0
Cairo_y2020.tif,4213,0.025872300023736056,0.0422240683598386,Cairo,0,4367,3902.0
Cairo_y2020.tif,3749,0.5833555614830621,0.210064017071219,Cairo,0,3748,3902.0
Cairo_y2020.tif,1133,0.9814651368049426,0.3440247131509267,Cairo,0,3861,3902.0
Cairo_y2020.tif,1073,0.5666356011183598,0.1856057781919851,Cairo,0,3884,3902.0
Cairo_y2020.tif,1705,0.11085043988269795,0.09851906158357773,Cairo,0,4028,3902.0
Cairo_y2020.tif,2227,0.19443197126178716,0.11663897620116749,Cairo,0,4044,3902.0
Cairo_y2020.tif,1907,0.3156790770844258,0.13119035133717882,Cairo,0,3954,3902.0
Cairo_y2020.tif,2406,0.15669160432252702,0.08581463009143808,Cairo,0,4137,3902.0
Cairo_y2020.tif,1550,0.8406451612903226,0.27381612903225805,Cairo,0,4270,3902.0
Cairo_y2020.tif,2254,0.36690328305235137,0.11611357586512865,Cairo,0,4283,3902.0
Cairo_y2020.tif,3867,0.3012671321437807,0.12833204034134987,Cairo,0,4899,3902.0
Cairo_y2020.tif,1973,0.779523568170299,0.23051951343132285,Cairo,0,4033,3902.0
Cairo_y2020.tif,2324,0.8296041308089501,0.2840253872633391,Cairo,0,4116,3902.0
Cairo_y2020.tif,3836,0.6832638164754953,0.24282194994786233,Cairo,0,4209,3902.0
Cairo_y2020.tif,2518,0.7787926926131851,0.24182883240667194,Cairo,0,4203,3902.0
Cairo_y2020.tif,1989,0.9029663147310206,0.306236802413273,Cairo,0,4598,3902.0
Cairo_y2020.tif,2766,0.4421547360809834,0.17965112075198844,Cairo,0,4704,3902.0
Cairo_y2020.tif,712,0.6053370786516854,0.23202247191011238,Cairo,0,4670,3902.0
Cairo_y2020.tif,3391,0.21763491595399587,0.12088469478030078,Cairo,0,4725,3902.0
Cairo_y2020.tif,2353,0.402039949001275,0.16255843603909903,Cairo,0,4697,3902.0
Cairo_y2020.tif,1616,0.11819306930693069,0.07512685643564357,Cairo,0,4736,3902.0
Cairo_y2020.tif,1283,0.6297739672642245,0.22081060015588466,Cairo,0,4815,3902.0
Cairo_y2020.tif,2136,0.009363295880149813,0.039803370786516856,Cairo,0,4905,3902.0
Cairo_y2020.tif,3669,0.4101935132188607,0.152740528754429,Cairo,0,4956,3902.0
Cairo_y2020.tif,1527,0.07007203667321546,0.07482318271119842,Cairo,0,4975,3902.0
Cairo_y2020.tif,1631,0.3341508277130595,0.12173206621704477,Cairo,0,5025,3902.0
Cairo_y2020.tif,1377,0.30137981118373275,0.12060639070442991,Cairo,0,5020,3902.0
Cairo_y2020.tif,1789,0.013974287311347122,0.06621296813862494,Cairo,0,5142,3902.0
Cairo_y2020.tif,807,0.49318463444857497,0.17187732342007436,Cairo,0,5242,3902.0
Cairo_y2020.tif,1929,0.22757905650596164,0.13139450492483154,Cairo,0,5348,3902.0
Cairo_y2020.tif,3794,0.4620453347390617,0.16675935687928306,Cairo,0,5346,3902.0
Cairo_y2020.tif,991,0.04036326942482341,0.07938446014127146,Cairo,0,5014,3902.0
Cairo_y2020.tif,1209,0.5963606286186931,0.20921836228287843,Cairo,0,5075,3902.0
Cairo_y2020.tif,1750,0.24114285714285713,0.11273428571428572,Cairo,0,5056,3902.0
Cairo_y2020.tif,908,0.42400881057268724,0.19406938325991185,Cairo,0,5147,3902.0
Cairo_y2020.tif,2291,0.044522042776080316,0.08268441728502837,Cairo,0,5304,3902.0
Cairo_y2020.tif,1389,0.17134629229661627,0.11979481641468684,Cairo,0,5307,3902.0
Cairo_y2020.tif,748,0.034759358288770054,0.09583556149732621,Cairo,0,5265,3902.0
Cairo_y2020.tif,2003,0.12531203195207188,0.056178232651023466,Cairo,0,5237,3902.0
Cairo_y2020.tif,1802,0.14317425083240842,0.07273584905660377,Cairo,0,5245,3902.0
Cairo_y2020.tif,2679,0.6009705113848451,0.18885964912280703,Cairo,0,5344,3902.0
Cairo_y2020.tif,52094,0.07958690060275656,0.05433485622144585,Cairo,0,5339,3902.0
Cairo_y2020.tif,7204,0.05732926152137701,0.05823014991671294,Cairo,0,5168,3902.0
Cairo_y2020.tif,3474,0.05497985031663788,0.0492832469775475,Cairo,0,5294,3902.0
Cairo_y2020.tif,3009,0.21169823861748088,0.11344134263875043,Cairo,0,5489,3902.0
Cairo_y2020.tif,1343,0.6120625465376024,0.20605361131794492,Cairo,0,5552,3902.0
Cairo_y2020.tif,1595,0.30971786833855797,0.13852037617554858,Cairo,0,5590,3902.0
Cairo_y2020.tif,2157,0.03616133518776078,0.04432313398238293,Cairo,0,5654,3902.0
Cairo_y2020.tif,1758,0.027872582480091012,0.0627929465301479,Cairo,0,5710,3902.0
Cairo_y2020.tif,97051,0.04263737622487146,0.06508912839641012,Cairo,0,7198,3902.0
Cairo_y2020.tif,118349,0.16971837531369086,0.11246330767475855,Cairo,0,7560,3902.0
Cairo_y2020.tif,1889,0.18898888300688194,0.10920328215987296,Cairo,0,5425,3902.0
Cairo_y2020.tif,2566,0.7603273577552611,0.2425,Cairo,0,5476,3902.0
Cairo_y2020.tif,1494,0.44712182061579653,0.17282128514056225,Cairo,0,5507,3902.0
Cairo_y2020.tif,2926,0.8065618591934381,0.2957911825017088,Cairo,0,5522,3902.0
Cairo_y2020.tif,2691,0.29840208101077664,0.1057153474544779,Cairo,0,5629,3902.0
Cairo_y2020.tif,2134,0.08575445173383317,0.07520852858481725,Cairo,0,5740,3902.0
Cairo_y2020.tif,1536,0.8053385416666666,0.30856445312499997,Cairo,0,5667,3902.0
Cairo_y2020.tif,30478,0.026576547017520834,0.033861473849990165,Cairo,0,6222,3902.0
Cairo_y2020.tif,1100,0.0,0.06408181818181817,Cairo,0,6719,3902.0
Cairo_y2020.tif,2577,0.034924330616996506,0.07877376794722546,Cairo,0,6763,3902.0
Cairo_y2020.tif,1810,0.8220994475138121,0.3027237569060774,Cairo,0,5399,3902.0
Cairo_y2020.tif,934,0.880085653104925,0.3005085653104925,Cairo,0,5467,3902.0
Cairo_y2020.tif,4392,0.2839253187613843,0.10806466302367942,Cairo,0,5611,3902.0
Cairo_y2020.tif,5389,0.002597884579699388,0.009015587307478196,Cairo,0,6007,3902.0
Cairo_y2020.tif,10246,0.0027327737653718522,0.06198858090962327,Cairo,0,7701,3902.0
Cairo_y2020.tif,53525,0.026679121905651564,0.04541914992993929,Cairo,0,8728,3902.0
Cairo_y2020.tif,1615,0.3430340557275542,0.13296904024767803,Cairo,0,9409,3902.0
Cairo_y2020.tif,1947,0.14637904468412943,0.0748382126348228,Cairo,0,9552,3902.0
Cairo_y2020.tif,837,0.48148148148148145,0.1697610513739546,Cairo,0,9610,3902.0
Cairo_y2020.tif,1089,0.031221303948576674,0.06097337006427916,Cairo,0,9665,3902.0
Cairo_y2020.tif,2513,0.6374850775964982,0.21403700756068444,Cairo,0,5359,3902.0
Cairo_y2020.tif,1074,0.7541899441340782,0.2400418994413408,Cairo,0,5465,3902.0
Cairo_y2020.tif,2267,0.50992501102779,0.1659483899426555,Cairo,0,5495,3902.0
Cairo_y2020.tif,6490,0.16933744221879815,0.07736671802773497,Cairo,0,7565,3902.0
Cairo_y2020.tif,6573,0.05279172371824129,0.05196333485470866,Cairo,0,7808,3902.0
Cairo_y2020.tif,23537,0.0,0.023161193015252584,Cairo,0,8553,3902.0
Cairo_y2020.tif,72199,0.0,0.022762988407041652,Cairo,0,9766,3902.0
Cairo_y2020.tif,1977,0.0,0.020116337885685384,Cairo,0,9849,3902.0
Cairo_y2020.tif,733,0.0,0.028369713506139156,Cairo,0,9693,3902.0
Cairo_y2020.tif,3680,0.0,0.03504483695652175,Cairo,0,10075,3902.0
Cairo_y2020.tif,2908,0.6633425034387895,0.22510316368638236,Cairo,0,7710,3902.0
Cairo_y2020.tif,1343,0.6887565152643336,0.1824348473566642,Cairo,0,7599,3902.0
Cairo_y2020.tif,1224,0.18872549019607843,0.0779452614379085,Cairo,0,7635,3902.0
Cairo_y2020.tif,1137,0.0008795074758135445,0.106948109058927,Cairo,0,7646,3902.0
Cairo_y2020.tif,958,0.0,0.1147286012526096,Cairo,0,7667,3902.0
Cairo_y2020.tif,957,0.02089864158829676,0.09448275862068965,Cairo,0,7698,3902.0
Cairo_y2020.tif,1432,0.004888268156424581,0.09213337988826815,Cairo,0,7750,3902.0
Cairo_y2020.tif,1176,0.0,0.058873299319727894,Cairo,0,7739,3902.0
Cairo_y2020.tif,874,0.4748283752860412,0.21717391304347827,Cairo,0,7815,3902.0
Cairo_y2020.tif,1583,0.051168667087807956,0.09978521794061908,Cairo,0,7807,3902.0
Cairo_y2020.tif,2911,0.02198557196839574,0.07603916180006871,Cairo,0,7723,3902.0
Cairo_y2020.tif,2977,0.6654350016795432,0.24707423580786025,Cairo,0,7700,3902.0
Cairo_y2020.tif,2488,0.24959807073954984,0.12486133440514469,Cairo,0,7791,3902.0
Cairo_y2020.tif,890,0.7415730337078652,0.27692134831460674,Cairo,0,7746,3902.0
Cairo_y2020.tif,1610,0.21677018633540374,0.11714596273291926,Cairo,0,7778,3902.0
Cairo_y2020.tif,1252,0.25559105431309903,0.12871805111821089,Cairo,0,7816,3902.0
Cairo_y2020.tif,2185,0.7922196796338673,0.22061098398169338,Cairo,0,7837,3902.0
Cairo_y2020.tif,1872,0.3087606837606838,0.1384241452991453,Cairo,0,7847,3902.0
Cairo_y2020.tif,854,0.18501170960187355,0.12224824355971897,Cairo,0,7861,3902.0
Cairo_y2020.tif,1486,0.11574697173620457,0.07261103633916555,Cairo,0,7859,3902.0
Cairo_y2020.tif,1637,0.0,0.026230910201588273,Cairo,0,7496,3902.0
Cairo_y2020.tif,2193,0.04103967168262654,0.04444824441404469,Cairo,0,7535,3902.0
Cairo_y2020.tif,875,0.056,0.10393714285714285,Cairo,0,7668,3902.0
Cairo_y2020.tif,1283,0.001558846453624318,0.056091192517537025,Cairo,0,7755,3902.0
Cairo_y2020.tif,1098,0.0,0.04626138433515483,Cairo,0,7714,3902.0
Cairo_y2020.tif,10618,0.05528348088152194,0.06563100395554719,Cairo,0,7885,3902.0
Cairo_y2020.tif,888,0.0,0.04368806306306307,Cairo,0,7765,3902.0
Cairo_y2020.tif,1799,0.013896609227348526,0.06359366314619233,Cairo,0,7886,3902.0
Cairo_y2020.tif,702,0.029914529914529916,0.06365384615384616,Cairo,0,7845,3902.0
Cairo_y2020.tif,3563,0.001122649452708392,0.053731406118439524,Cairo,0,7989,3902.0
Cairo_y2020.tif,3454,0.08569774174869717,0.0584221192819919,Cairo,0,7902,3902.0
Cairo_y2020.tif,1440,0.12083333333333333,0.08321527777777779,Cairo,0,7961,3902.0
Cairo_y2020.tif,2388,0.5544388609715243,0.16267797319933,Cairo,0,7939,3902.0
Cairo_y2020.tif,2696,0.5515578635014837,0.19844399109792285,Cairo,0,8040,3902.0
Cairo_y2020.tif,2613,0.8362035973976273,0.2163126674320704,Cairo,0,8007,3902.0
Cairo_y2020.tif,2936,0.015667574931880108,0.06887772479564033,Cairo,0,8084,3902.0
Cairo_y2020.tif,1549,0.0,0.04732085216268561,Cairo,0,8076,3902.0
Cairo_y2020.tif,2087,0.0004791566842357451,0.06830138955438429,Cairo,0,8077,3902.0
Cairo_y2020.tif,1886,0.02545068928950159,0.08920201484623543,Cairo,0,8024,3902.0
Cairo_y2020.tif,682,0.0,0.03060850439882698,Cairo,0,8073,3902.0
Cairo_y2020.tif,616,0.15584415584415584,0.11285714285714288,Cairo,0,7876,3902.0
Cairo_y2020.tif,1466,0.0,0.046930422919508864,Cairo,0,7879,3902.0
Cairo_y2020.tif,1399,0.4882058613295211,0.19238384560400285,Cairo,0,7905,3902.0
Cairo_y2020.tif,1455,0.0,0.02843298969072165,Cairo,0,7986,3902.0
Cairo_y2020.tif,1578,0.5335868187579215,0.19731622306717364,Cairo,0,7824,3902.0
Cairo_y2020.tif,2097,0.0,0.0337029089175012,Cairo,0,7996,3902.0
Cairo_y2020.tif,969,0.4179566563467492,0.16560887512899897,Cairo,0,7931,3902.0
Cairo_y2020.tif,899,0.012235817575083427,0.09310901001112348,Cairo,0,7966,3902.0
Cairo_y2020.tif,2964,0.024291497975708502,0.06425269905533064,Cairo,0,8113,3902.0
Cairo_y2020.tif,1340,0.7097014925373134,0.24841791044776118,Cairo,0,8028,3902.0
Cairo_y2020.tif,939,0.5804046858359957,0.18629925452609158,Cairo,0,8058,3902.0
Cairo_y2020.tif,1781,0.0819764177428411,0.08856260527793376,Cairo,0,8057,3902.0
Cairo_y2020.tif,713,0.13744740532959326,0.10166900420757365,Cairo,0,8059,3902.0
Cairo_y2020.tif,1376,0.003633720930232558,0.06609011627906977,Cairo,0,8111,3902.0
Cairo_y2020.tif,1060,0.30283018867924527,0.14566981132075474,Cairo,0,8069,3902.0
Cairo_y2020.tif,2268,0.8703703703703703,0.2504938271604939,Cairo,0,8215,3902.0
Cairo_y2020.tif,2022,0.5702274975272008,0.22560583580613258,Cairo,0,8264,3902.0
Cairo_y2020.tif,1172,0.42406143344709896,0.17604095563139932,Cairo,0,8173,3902.0
Cairo_y2020.tif,3721,0.08922332706261758,0.10929185702768074,Cairo,0,8332,3902.0
Cairo_y2020.tif,2784,0.35704022988505746,0.15270294540229884,Cairo,0,8312,3902.0
Cairo_y2020.tif,2100,0.0,0.06503809523809523,Cairo,0,8082,3902.0
Cairo_y2020.tif,1628,0.4152334152334152,0.14519348894348894,Cairo,0,8118,3902.0
Cairo_y2020.tif,1693,0.37448316597755466,0.14209686946249261,Cairo,0,8136,3902.0
Cairo_y2020.tif,4867,0.4579823299773988,0.1818758989110335,Cairo,0,8163,3902.0
Cairo_y2020.tif,1260,0.0,0.039301587301587296,Cairo,0,8158,3902.0
Cairo_y2020.tif,2119,0.7739499764039641,0.22132845681925437,Cairo,0,8244,3902.0
Cairo_y2020.tif,3931,0.005087763927753753,0.04569320783515646,Cairo,0,8274,3902.0
Cairo_y2020.tif,2105,0.0,0.03480760095011877,Cairo,0,8218,3902.0
Cairo_y2020.tif,1477,0.6804333107650643,0.24109004739336495,Cairo,0,8252,3902.0
Cairo_y2020.tif,2897,0.21884708318950638,0.13016051087331723,Cairo,0,8293,3902.0
Cairo_y2020.tif,1537,0.0852309694209499,0.08140208197787899,Cairo,0,8220,3902.0
Cairo_y2020.tif,820,0.0,0.07507926829268292,Cairo,0,8224,3902.0
Cairo_y2020.tif,1362,0.0,0.05349118942731278,Cairo,0,8257,3902.0
Cairo_y2020.tif,1420,0.0,0.06372535211267606,Cairo,0,8286,3902.0
Cairo_y2020.tif,799,0.0,0.04647684605757197,Cairo,0,8326,3902.0
Cairo_y2020.tif,2795,0.0075134168157423974,0.07327906976744188,Cairo,0,8294,3902.0
Cairo_y2020.tif,1316,0.1398176291793313,0.11734802431610943,Cairo,0,8310,3902.0
Cairo_y2020.tif,2088,0.006226053639846743,0.10289750957854407,Cairo,0,8400,3902.0
Cairo_y2020.tif,781,0.0,0.041766965428937264,Cairo,0,8341,3902.0
Cairo_y2020.tif,1110,0.0,0.029567567567567562,Cairo,0,8374,3902.0
Cairo_y2020.tif,4976,0.13263665594855306,0.10399618167202572,Cairo,0,8320,3902.0
Cairo_y2020.tif,1839,0.9048395867319196,0.3343012506797172,Cairo,0,8183,3902.0
Cairo_y2020.tif,2941,0.3726623597415845,0.1656426385583135,Cairo,0,8238,3902.0
Cairo_y2020.tif,681,0.3964757709251101,0.1625624082232012,Cairo,0,8304,3902.0
Cairo_y2020.tif,2030,0.5118226600985222,0.26080541871921187,Cairo,0,8275,3902.0
Cairo_y2020.tif,1425,0.44491228070175437,0.18889473684210523,Cairo,0,8367,3902.0
Cairo_y2020.tif,1280,0.0,0.03169140625,Cairo,0,8427,3902.0
Cairo_y2020.tif,4152,0.0,0.03833333333333334,Cairo,0,8496,3902.0
Cairo_y2020.tif,2098,0.0,0.03070305052430887,Cairo,0,8476,3902.0
Cairo_y2020.tif,2144,0.1455223880597015,0.19252565298507465,Cairo,0,8453,3902.0
Cairo_y2020.tif,1403,0.0,0.041215253029223096,Cairo,0,8515,3902.0
Cairo_y2020.tif,2542,0.003933910306845004,0.08106018882769474,Cairo,0,8630,3902.0
Cairo_y2020.tif,4135,0.049334945586457075,0.08195405078597341,Cairo,0,8704,3902.0
Cairo_y2020.tif,1540,0.0,0.021006493506493504,Cairo,0,8619,3902.0
Cairo_y2020.tif,2815,0.2579040852575488,0.11022380106571937,Cairo,0,8668,3902.0
Cairo_y2020.tif,1585,0.22649842271293374,0.22929652996845423,Cairo,0,8686,3902.0
Cairo_y2020.tif,959,0.5755995828988529,0.2826277372262773,Cairo,0,8705,3902.0
Cairo_y2020.tif,1581,0.592662871600253,0.181932321315623,Cairo,0,8716,3902.0
Cairo_y2020.tif,1169,0.006843455945252352,0.10179213002566297,Cairo,0,8766,3902.0
Cairo_y2020.tif,1557,0.5080282594733462,0.24614964675658316,Cairo,0,8794,3902.0
Cairo_y2020.tif,886,0.0,0.0465293453724605,Cairo,0,7848,3902.0
Cairo_y2020.tif,619,0.0,0.03613085621970921,Cairo,0,7884,3902.0
Cairo_y2020.tif,607,0.0,0.031886326194398684,Cairo,0,7911,3902.0
Cairo_y2020.tif,1562,0.0,0.03604353393085788,Cairo,0,8006,3902.0
Cairo_y2020.tif,555,0.0,0.03472072072072073,Cairo,0,7933,3902.0
Cairo_y2020.tif,550,0.0,0.04980909090909091,Cairo,0,7963,3902.0
Cairo_y2020.tif,855,0.0,0.03419298245614035,Cairo,0,7984,3902.0
Cairo_y2020.tif,1346,0.0,0.03015230312035662,Cairo,0,8023,3902.0
Cairo_y2020.tif,554,0.0,0.05257220216606498,Cairo,0,8005,3902.0
Cairo_y2020.tif,2263,0.0,0.06700839593460008,Cairo,0,8049,3902.0
Cairo_y2020.tif,1073,0.15843429636533085,0.09147250698974838,Cairo,0,7843,3902.0
Cairo_y2020.tif,1341,0.0,0.045495898583146906,Cairo,0,7934,3902.0
Cairo_y2020.tif,1544,0.0822538860103627,0.08103950777202075,Cairo,0,7928,3902.0
Cairo_y2020.tif,1704,0.10035211267605634,0.11893779342723006,Cairo,0,8026,3902.0
Cairo_y2020.tif,2185,0.044393592677345536,0.07250343249427918,Cairo,0,7994,3902.0
Cairo_y2020.tif,1372,0.0,0.03331632653061225,Cairo,0,7999,3902.0
Cairo_y2020.tif,891,0.0,0.017783389450056114,Cairo,0,8013,3902.0
Cairo_y2020.tif,2549,0.14044723420949393,0.09121027854060416,Cairo,0,7965,3902.0
Cairo_y2020.tif,2298,0.0,0.039066579634464756,Cairo,0,8038,3902.0
Cairo_y2020.tif,1900,0.4373684210526316,0.18497894736842105,Cairo,0,8061,3902.0
Cairo_y2020.tif,1620,0.008024691358024692,0.059824074074074085,Cairo,0,7899,3902.0
Cairo_y2020.tif,523,0.0,0.05219885277246654,Cairo,0,7949,3902.0
Cairo_y2020.tif,1197,0.002506265664160401,0.07159565580618213,Cairo,0,7956,3902.0
Cairo_y2020.tif,947,0.0,0.031156282998944042,Cairo,0,7976,3902.0
Cairo_y2020.tif,539,0.0,0.02538961038961039,Cairo,0,7988,3902.0
Cairo_y2020.tif,490,0.0,0.05464285714285715,Cairo,0,7987,3902.0
Cairo_y2020.tif,1058,0.0,0.06043950850661626,Cairo,0,8050,3902.0
Cairo_y2020.tif,667,0.010494752623688156,0.062076461769115444,Cairo,0,8015,3902.0
Cairo_y2020.tif,1054,0.0,0.030716318785578754,Cairo,0,8063,3902.0
Cairo_y2020.tif,602,0.0,0.038953488372093024,Cairo,0,8036,3902.0
Cairo_y2020.tif,1959,0.0015313935681470138,0.05271056661562022,Cairo,0,8169,3902.0
Cairo_y2020.tif,1071,0.08590102707749767,0.12902894491129785,Cairo,0,8108,3902.0
Cairo_y2020.tif,819,0.0,0.026984126984126985,Cairo,0,8114,3902.0
Cairo_y2020.tif,1297,0.0007710100231303007,0.0644448727833462,Cairo,0,8149,3902.0
Cairo_y2020.tif,1200,0.0,0.02988333333333333,Cairo,0,8205,3902.0
Cairo_y2020.tif,871,0.0,0.05809414466130885,Cairo,0,8178,3902.0
Cairo_y2020.tif,1192,0.0,0.04021812080536913,Cairo,0,8206,3902.0
Cairo_y2020.tif,1073,0.0,0.04357875116495807,Cairo,0,8146,3902.0
Cairo_y2020.tif,1899,0.004739336492890996,0.08800421274354923,Cairo,0,8234,3902.0
Cairo_y2020.tif,585,0.2170940170940171,0.09574358974358975,Cairo,0,8195,3902.0
Cairo_y2020.tif,600,0.0,0.06394166666666666,Cairo,0,8034,3902.0
Cairo_y2020.tif,600,0.0,0.02236666666666667,Cairo,0,8065,3902.0
Cairo_y2020.tif,541,0.0,0.027088724584103514,Cairo,0,8054,3902.0
Cairo_y2020.tif,628,0.0,0.03404458598726114,Cairo,0,8081,3902.0
Cairo_y2020.tif,2231,0.0,0.030995069475571495,Cairo,0,8124,3902.0
Cairo_y2020.tif,1035,0.0,0.028106280193236723,Cairo,0,8100,3902.0
Cairo_y2020.tif,880,0.0,0.024238636363636365,Cairo,0,8119,3902.0
Cairo_y2020.tif,1379,0.0,0.03031544597534445,Cairo,0,8162,3902.0
Cairo_y2020.tif,1166,0.0,0.026372212692967408,Cairo,0,8182,3902.0
Cairo_y2020.tif,1730,0.0,0.05971676300578035,Cairo,0,8211,3902.0
Cairo_y2020.tif,1727,0.01447596988998263,0.09526346265199769,Cairo,0,8017,3902.0
Cairo_y2020.tif,2585,0.0,0.0448027079303675,Cairo,0,8075,3902.0
Cairo_y2020.tif,2443,0.0,0.04627097830536226,Cairo,0,8104,3902.0
Cairo_y2020.tif,1227,0.0,0.0580317848410758,Cairo,0,8157,3902.0
Cairo_y2020.tif,1120,0.0,0.05494642857142858,Cairo,0,8177,3902.0
Cairo_y2020.tif,813,0.0,0.03471709717097171,Cairo,0,8213,3902.0
Cairo_y2020.tif,1807,0.0,0.03158273381294965,Cairo,0,8229,3902.0
Cairo_y2020.tif,1171,0.0,0.061678052946199824,Cairo,0,8247,3902.0
Cairo_y2020.tif,1156,0.0,0.055570934256055374,Cairo,0,8265,3902.0
Cairo_y2020.tif,670,0.0,0.04035820895522388,Cairo,0,8290,3902.0
Cairo_y2020.tif,781,0.0,0.039910371318822024,Cairo,0,8041,3902.0
Cairo_y2020.tif,1400,0.0,0.03154285714285714,Cairo,0,8078,3902.0
Cairo_y2020.tif,1407,0.0,0.03066453447050462,Cairo,0,8107,3902.0
Cairo_y2020.tif,1358,0.0,0.04339837997054492,Cairo,0,8134,3902.0
Cairo_y2020.tif,702,0.0,0.0720940170940171,Cairo,0,8151,3902.0
Cairo_y2020.tif,1046,0.0,0.040468451242829835,Cairo,0,8156,3902.0
Cairo_y2020.tif,1268,0.0,0.06347791798107257,Cairo,0,8148,3902.0
Cairo_y2020.tif,1212,0.0,0.03049504950495049,Cairo,0,8232,3902.0
Cairo_y2020.tif,660,0.0,0.03449242424242424,Cairo,0,8212,3902.0
Cairo_y2020.tif,923,0.0,0.043239436619718324,Cairo,0,8243,3902.0
Cairo_y2020.tif,954,0.0,0.060089098532494764,Cairo,0,8231,3902.0
Cairo_y2020.tif,1343,0.0,0.07306403574087864,Cairo,0,8266,3902.0
Cairo_y2020.tif,1248,0.0,0.04703525641025641,Cairo,0,8253,3902.0
Cairo_y2020.tif,1208,0.0,0.04151076158940398,Cairo,0,8249,3902.0
Cairo_y2020.tif,707,0.0,0.047673267326732674,Cairo,0,8277,3902.0
Cairo_y2020.tif,1148,0.0,0.03314459930313589,Cairo,0,8260,3902.0
Cairo_y2020.tif,620,0.0,0.03690322580645161,Cairo,0,8297,3902.0
Cairo_y2020.tif,585,0.0,0.03329914529914531,Cairo,0,8344,3902.0
Cairo_y2020.tif,915,0.0,0.03826229508196722,Cairo,0,8382,3902.0
Cairo_y2020.tif,1686,0.0,0.0374614472123369,Cairo,0,8328,3902.0
Cairo_y2020.tif,569,0.0,0.034279437609841826,Cairo,0,8254,3902.0
Cairo_y2020.tif,1965,0.0,0.04544783715012723,Cairo,0,8353,3902.0
Cairo_y2020.tif,2053,0.0,0.05513395031660985,Cairo,0,8368,3902.0
Cairo_y2020.tif,2183,0.0,0.04456710948236372,Cairo,0,8398,3902.0
Cairo_y2020.tif,1228,0.0,0.03036237785016287,Cairo,0,8324,3902.0
Cairo_y2020.tif,1371,0.0,0.04525528811086798,Cairo,0,8301,3902.0
Cairo_y2020.tif,632,0.0,0.03420886075949367,Cairo,0,8373,3902.0
Cairo_y2020.tif,1883,0.0,0.04213223579394584,Cairo,0,8448,3902.0
Cairo_y2020.tif,621,0.0,0.032890499194847024,Cairo,0,8424,3902.0
Cairo_y2020.tif,807,0.0,0.06250309789343247,Cairo,0,8460,3902.0
Cairo_y2020.tif,2074,0.0,0.042492767598842816,Cairo,0,8340,3902.0
Cairo_y2020.tif,1180,0.0,0.04244915254237289,Cairo,0,8321,3902.0
Cairo_y2020.tif,933,0.0,0.03552518756698821,Cairo,0,8361,3902.0
Cairo_y2020.tif,814,0.0,0.04242014742014743,Cairo,0,8365,3902.0
Cairo_y2020.tif,1242,0.0,0.07883252818035426,Cairo,0,8393,3902.0
Cairo_y2020.tif,618,0.0,0.051464401294498384,Cairo,0,8360,3902.0
Cairo_y2020.tif,2068,0.004352030947775629,0.08034574468085107,Cairo,0,8454,3902.0
Cairo_y2020.tif,877,0.0,0.040410490307867745,Cairo,0,8429,3902.0
Cairo_y2020.tif,1023,0.0,0.047326490713587493,Cairo,0,8486,3902.0
Cairo_y2020.tif,3433,0.0,0.03753422662394408,Cairo,0,8595,3902.0
Cairo_y2020.tif,976,0.0,0.034241803278688525,Cairo,0,8396,3902.0
Cairo_y2020.tif,643,0.0,0.07131415241057543,Cairo,0,8407,3902.0
Cairo_y2020.tif,1448,0.0,0.03998273480662983,Cairo,0,8463,3902.0
Cairo_y2020.tif,1940,0.0,0.02724742268041237,Cairo,0,8447,3902.0
Cairo_y2020.tif,837,0.0,0.031320191158900834,Cairo,0,8443,3902.0
Cairo_y2020.tif,1122,0.0,0.042237076648841354,Cairo,0,8468,3902.0
Cairo_y2020.tif,724,0.0,0.025669889502762434,Cairo,0,8483,3902.0
Cairo_y2020.tif,664,0.0,0.0321460843373494,Cairo,0,8489,3902.0
Cairo_y2020.tif,1270,0.0,0.03551574803149607,Cairo,0,8508,3902.0
Cairo_y2020.tif,1761,0.0,0.05005678591709256,Cairo,0,8542,3902.0
Cairo_y2020.tif,1911,0.0,0.05468079539508111,Cairo,0,8559,3902.0
Cairo_y2020.tif,1561,0.0,0.03108584240871237,Cairo,0,8467,3902.0
Cairo_y2020.tif,1369,0.0,0.03055514974433893,Cairo,0,8527,3902.0
Cairo_y2020.tif,2043,0.0,0.056461086637298104,Cairo,0,8614,3902.0
Cairo_y2020.tif,586,0.0,0.039360068259385664,Cairo,0,8545,3902.0
Cairo_y2020.tif,1538,0.0,0.04144018205461639,Cairo,0,8618,3902.0
Cairo_y2020.tif,892,0.0,0.03358183856502243,Cairo,0,8593,3902.0
Cairo_y2020.tif,664,0.0,0.04440512048192771,Cairo,0,8585,3902.0
Cairo_y2020.tif,1142,0.0,0.03432136602451839,Cairo,0,8606,3902.0
Cairo_y2020.tif,1196,0.0,0.04514632107023411,Cairo,0,8607,3902.0
Cairo_y2020.tif,1453,0.0,0.03569855471438404,Cairo,0,8442,3902.0
Cairo_y2020.tif,775,0.007741935483870968,0.050083870967741945,Cairo,0,8378,3902.0
Cairo_y2020.tif,2490,0.023694779116465864,0.03683534136546185,Cairo,0,8465,3902.0
Cairo_y2020.tif,2220,0.17072072072072073,0.10595945945945946,Cairo,0,8482,3902.0
Cairo_y2020.tif,1606,0.7496886674968867,0.21847758405977585,Cairo,0,8524,3902.0
Cairo_y2020.tif,2049,0.028306490971205467,0.07850414836505613,Cairo,0,8574,3902.0
Cairo_y2020.tif,1355,0.0,0.04309225092250923,Cairo,0,8589,3902.0
Cairo_y2020.tif,1092,0.2490842490842491,0.11879120879120879,Cairo,0,8573,3902.0
Cairo_y2020.tif,2559,0.1160609613130129,0.11052754982415007,Cairo,0,8671,3902.0
Cairo_y2020.tif,1160,0.0,0.03447413793103448,Cairo,0,8673,3902.0
Cairo_y2020.tif,698,0.0,0.03539398280802292,Cairo,0,8528,3902.0
Cairo_y2020.tif,1314,0.0,0.04102359208523592,Cairo,0,8565,3902.0
Cairo_y2020.tif,1407,0.0,0.049136460554371014,Cairo,0,8588,3902.0
Cairo_y2020.tif,1485,0.0,0.04116498316498316,Cairo,0,8613,3902.0
Cairo_y2020.tif,1209,0.0,0.04005789909015716,Cairo,0,8639,3902.0
Cairo_y2020.tif,5008,0.0,0.03507388178913738,Cairo,0,8693,3902.0
Cairo_y2020.tif,486,0.0,0.04175925925925927,Cairo,0,8650,3902.0
Cairo_y2020.tif,913,0.0,0.027535596933187304,Cairo,0,8677,3902.0
Cairo_y2020.tif,914,0.0,0.037095185995623635,Cairo,0,8695,3902.0
Cairo_y2020.tif,524,0.0,0.04349236641221375,Cairo,0,8685,3902.0
Cairo_y2020.tif,1110,0.0,0.0446036036036036,Cairo,0,8523,3902.0
Cairo_y2020.tif,2304,0.0,0.05040147569444445,Cairo,0,8575,3902.0
Cairo_y2020.tif,1044,0.0,0.04915229885057472,Cairo,0,8558,3902.0
Cairo_y2020.tif,1893,0.0,0.05805071315372425,Cairo,0,8645,3902.0
Cairo_y2020.tif,2035,0.0,0.07324324324324324,Cairo,0,8647,3902.0
Cairo_y2020.tif,790,0.0,0.05379113924050633,Cairo,0,8655,3902.0
Cairo_y2020.tif,1679,0.0,0.044842167957117346,Cairo,0,8672,3902.0
Cairo_y2020.tif,1184,0.04222972972972973,0.13737753378378376,Cairo,0,8688,3902.0
Cairo_y2020.tif,692,0.0,0.07665462427745665,Cairo,0,8731,3902.0
Cairo_y2020.tif,575,0.029565217391304348,0.12520869565217393,Cairo,0,8735,3902.0
Cairo_y2020.tif,929,0.0,0.05265339074273413,Cairo,0,8643,3902.0
Cairo_y2020.tif,1643,0.0,0.04788496652465004,Cairo,0,8669,3902.0
Cairo_y2020.tif,991,0.0,0.07313824419778002,Cairo,0,8675,3902.0
Cairo_y2020.tif,922,0.0,0.045314533622559654,Cairo,0,8684,3902.0
Cairo_y2020.tif,1321,0.0,0.04766464799394399,Cairo,0,8713,3902.0
Cairo_y2020.tif,1158,0.0,0.038527633851468054,Cairo,0,8737,3902.0
Cairo_y2020.tif,1158,0.0,0.07786701208981,Cairo,0,8714,3902.0
Cairo_y2020.tif,563,0.0,0.029786856127886324,Cairo,0,8723,3902.0
Cairo_y2020.tif,2034,0.0,0.03730088495575222,Cairo,0,8762,3902.0
Cairo_y2020.tif,503,0.0,0.022544731610337976,Cairo,0,8756,3902.0
Cairo_y2020.tif,790,0.0,0.030094936708860768,Cairo,0,8715,3902.0
Cairo_y2020.tif,545,0.0,0.05006422018348623,Cairo,0,8724,3902.0
Cairo_y2020.tif,2245,0.0,0.034091314031180396,Cairo,0,8810,3902.0
Cairo_y2020.tif,967,0.0,0.039441571871768354,Cairo,0,8739,3902.0
Cairo_y2020.tif,2377,0.0,0.043251998317206566,Cairo,0,8776,3902.0
Cairo_y2020.tif,1107,0.0,0.018337850045167116,Cairo,0,8782,3902.0
Cairo_y2020.tif,636,0.0,0.04919811320754717,Cairo,0,8758,3902.0
Cairo_y2020.tif,869,0.0,0.04334292289988493,Cairo,0,8779,3902.0
Cairo_y2020.tif,572,0.0,0.03406468531468532,Cairo,0,8793,3902.0
Cairo_y2020.tif,826,0.0,0.04521186440677966,Cairo,0,8815,3902.0
Cairo_y2020.tif,1017,0.007866273352999017,0.05736971484759096,Cairo,0,8726,3902.0
Cairo_y2020.tif,643,0.0015552099533437014,0.11790824261275272,Cairo,0,8752,3902.0
Cairo_y2020.tif,2030,0.014778325123152709,0.06185221674876847,Cairo,0,8797,3902.0
Cairo_y2020.tif,621,0.0,0.0904428341384863,Cairo,0,8761,3902.0
Cairo_y2020.tif,705,0.0,0.04533333333333334,Cairo,0,8788,3902.0
Cairo_y2020.tif,1168,0.019691780821917807,0.10808219178082193,Cairo,0,8838,3902.0
Cairo_y2020.tif,806,0.0,0.04474565756823821,Cairo,0,8823,3902.0
Cairo_y2020.tif,646,0.0,0.06390092879256966,Cairo,0,8811,3902.0
Cairo_y2020.tif,515,0.0,0.041456310679611655,Cairo,0,8814,3902.0
Cairo_y2020.tif,561,0.0,0.0824777183600713,Cairo,0,8868,3902.0
Cairo_y2020.tif,563,0.0,0.09991119005328597,Cairo,0,8804,3902.0
Cairo_y2020.tif,1635,0.0,0.05292048929663609,Cairo,0,8859,3902.0
Cairo_y2020.tif,1802,0.0,0.027316870144284133,Cairo,0,8828,3902.0
Cairo_y2020.tif,1310,0.0,0.032641221374045806,Cairo,0,8854,3902.0
Cairo_y2020.tif,1086,0.0,0.06588397790055249,Cairo,0,8901,3902.0
Cairo_y2020.tif,1120,0.0,0.027598214285714285,Cairo,0,8926,3902.0
Cairo_y2020.tif,539,0.0,0.05223562152133581,Cairo,0,8906,3902.0
Cairo_y2020.tif,805,0.0,0.04063354037267081,Cairo,0,8942,3902.0
Cairo_y2020.tif,1144,0.0,0.032915209790209794,Cairo,0,8958,3902.0
Cairo_y2020.tif,1841,0.0,0.03612167300380229,Cairo,0,8996,3902.0
Cairo_y2020.tif,629,0.0,0.030914149443561207,Cairo,0,8837,3902.0
Cairo_y2020.tif,1506,0.0,0.036404382470119526,Cairo,0,8862,3902.0
Cairo_y2020.tif,588,0.0,0.03835884353741496,Cairo,0,8851,3902.0
Cairo_y2020.tif,1729,0.0,0.05334297281665703,Cairo,0,8924,3902.0
Cairo_y2020.tif,542,0.0,0.03728782287822879,Cairo,0,8883,3902.0
Cairo_y2020.tif,861,0.0,0.0466144018583043,Cairo,0,8913,3902.0
Cairo_y2020.tif,627,0.0,0.034657097288676234,Cairo,0,8943,3902.0
Cairo_y2020.tif,826,0.0,0.042215496368038744,Cairo,0,8969,3902.0
Cairo_y2020.tif,1023,0.0,0.0347702834799609,Cairo,0,8999,3902.0
Cairo_y2020.tif,1632,0.0,0.022720588235294117,Cairo,0,9030,3902.0
Cairo_y2020.tif,286,1.0,0.3762587412587413,Cairo,1,2658,3902.0
Cairo_y2020.tif,2222,0.7785778577857786,0.2972997299729973,Cairo,1,2830,3902.0
Cairo_y2020.tif,649,0.7288135593220338,0.32554699537750387,Cairo,1,2852,3902.0
Cairo_y2020.tif,814,1.0,0.40727272727272723,Cairo,1,2864,3902.0
Cairo_y2020.tif,758,1.0,0.4204419525065963,Cairo,1,2804,3902.0
Cairo_y2020.tif,244,1.0,0.4300204918032786,Cairo,1,2793,3902.0
Cairo_y2020.tif,574,1.0,0.39799651567944255,Cairo,1,2812,3902.0
Cairo_y2020.tif,319,0.9780564263322884,0.39222570532915363,Cairo,1,2879,3902.0
Cairo_y2020.tif,1109,0.9774571686203787,0.36187105500450856,Cairo,1,2880,3902.0
Cairo_y2020.tif,589,0.3904923599320883,0.21764006791171478,Cairo,1,2844,3902.0
Cairo_y2020.tif,5470,0.7290676416819013,0.2897760511882998,Cairo,0,2824,3902.0
Cairo_y2020.tif,1180,0.6050847457627119,0.23333474576271185,Cairo,0,2714,3902.0
Cairo_y2020.tif,445,0.849438202247191,0.3106741573033708,Cairo,1,2731,3902.0
Cairo_y2020.tif,245,0.23265306122448978,0.2622244897959184,Cairo,1,2783,3902.0
Cairo_y2020.tif,1832,0.37936681222707425,0.17307041484716154,Cairo,0,2862,3902.0
Cairo_y2020.tif,448,0.11160714285714286,0.18845982142857146,Cairo,1,2869,3902.0
Cairo_y2020.tif,651,0.019969278033794162,0.18292626728110598,Cairo,0,2867,3902.0
Cairo_y2020.tif,288,0.0,0.14859375,Cairo,0,2863,3902.0
Cairo_y2020.tif,417,0.9952038369304557,0.39384892086330936,Cairo,1,2912,3902.0
Cairo_y2020.tif,850,0.06352941176470588,0.09585294117647059,Cairo,0,2993,3902.0
Cairo_y2020.tif,329,1.0,0.4037082066869301,Cairo,1,2629,3902.0
Cairo_y2020.tif,252,1.0,0.42017857142857146,Cairo,1,2689,3902.0
Cairo_y2020.tif,563,0.9822380106571936,0.3548845470692718,Cairo,0,2741,3902.0
Cairo_y2020.tif,492,0.9959349593495935,0.4139024390243902,Cairo,1,2753,3902.0
Cairo_y2020.tif,1498,0.9813084112149533,0.3567857142857143,Cairo,1,2854,3902.0
Cairo_y2020.tif,307,0.9055374592833876,0.328029315960912,Cairo,1,2800,3902.0
Cairo_y2020.tif,337,0.9910979228486647,0.3572551928783383,Cairo,1,2828,3902.0
Cairo_y2020.tif,328,1.0,0.4111128048780488,Cairo,1,2858,3902.0
Cairo_y2020.tif,607,0.9719934102141681,0.38950576606260295,Cairo,1,2920,3902.0
Cairo_y2020.tif,814,0.828009828009828,0.3549447174447174,Cairo,1,2943,3902.0
Cairo_y2020.tif,271,1.0,0.4243357933579336,Cairo,1,2871,3902.0
Cairo_y2020.tif,358,1.0,0.42143854748603354,Cairo,1,2876,3902.0
Cairo_y2020.tif,449,1.0,0.40387527839643644,Cairo,1,2952,3902.0
Cairo_y2020.tif,1587,0.3755513547574039,0.15589477000630123,Cairo,0,3002,3902.0
Cairo_y2020.tif,827,0.4836759371221282,0.1841172914147521,Cairo,0,3031,3902.0
Cairo_y2020.tif,246,0.9878048780487805,0.36522357723577237,Cairo,1,3040,3902.0
Cairo_y2020.tif,194,1.0,0.39847938144329903,Cairo,0,3053,3902.0
Cairo_y2020.tif,186,1.0,0.4034946236559139,Cairo,1,3065,3902.0
Cairo_y2020.tif,183,1.0,0.3894808743169399,Cairo,1,3071,3902.0
Cairo_y2020.tif,720,0.06111111111111111,0.11849305555555555,Cairo,0,3159,3902.0
Cairo_y2020.tif,678,0.336283185840708,0.24712389380530975,Cairo,1,2861,3902.0
Cairo_y2020.tif,183,0.29508196721311475,0.22945355191256836,Cairo,1,2860,3902.0
Cairo_y2020.tif,403,0.315136476426799,0.22820099255583123,Cairo,1,2859,3902.0
Cairo_y2020.tif,317,0.501577287066246,0.2542271293375394,Cairo,1,2851,3902.0
Cairo_y2020.tif,257,0.0,0.13054474708171204,Cairo,1,2913,3902.0
Cairo_y2020.tif,215,0.0,0.1908837209302326,Cairo,1,2931,3902.0
Cairo_y2020.tif,677,0.0,0.091506646971935,Cairo,1,3062,3902.0
Cairo_y2020.tif,2130,0.008450704225352112,0.043593896713615035,Cairo,0,3072,3902.0
Cairo_y2020.tif,470,0.09361702127659574,0.1853723404255319,Cairo,1,2995,3902.0
Cairo_y2020.tif,179,0.4022346368715084,0.23689944134078214,Cairo,1,3025,3902.0
Cairo_y2020.tif,378,1.0,0.4064814814814815,Cairo,1,2875,3902.0
Cairo_y2020.tif,478,1.0,0.3905857740585774,Cairo,1,2947,3902.0
Cairo_y2020.tif,331,1.0,0.4109969788519638,Cairo,1,2958,3902.0
Cairo_y2020.tif,707,1.0,0.4090947666195191,Cairo,1,3011,3902.0
Cairo_y2020.tif,824,1.0,0.4100606796116505,Cairo,1,2962,3902.0
Cairo_y2020.tif,313,1.0,0.411038338658147,Cairo,1,3041,3902.0
Cairo_y2020.tif,1107,1.0,0.41624209575429083,Cairo,1,3075,3902.0
Cairo_y2020.tif,290,1.0,0.42846551724137927,Cairo,1,3097,3902.0
Cairo_y2020.tif,961,1.0,0.4087304890738813,Cairo,1,3147,3902.0
Cairo_y2020.tif,284,1.0,0.40735915492957747,Cairo,1,3155,3902.0
Cairo_y2020.tif,600,1.0,0.38304999999999995,Cairo,1,2994,3902.0
Cairo_y2020.tif,547,0.5959780621572212,0.27148080438756855,Cairo,1,3028,3902.0
Cairo_y2020.tif,678,0.3554572271386431,0.2380014749262537,Cairo,1,3177,3902.0
Cairo_y2020.tif,686,0.9431486880466472,0.3458600583090379,Cairo,1,3129,3902.0
Cairo_y2020.tif,297,1.0,0.3401346801346802,Cairo,1,3142,3902.0
Cairo_y2020.tif,331,1.0,0.338202416918429,Cairo,1,3132,3902.0
Cairo_y2020.tif,307,0.9674267100977199,0.31074918566775245,Cairo,1,3194,3902.0
Cairo_y2020.tif,557,0.9497307001795332,0.3134739676840215,Cairo,1,3214,3902.0
Cairo_y2020.tif,673,0.9049034175334324,0.3163372956909361,Cairo,1,3226,3902.0
Cairo_y2020.tif,656,1.0,0.40267530487804876,Cairo,1,3228,3902.0
Cairo_y2020.tif,303,0.0,0.07414191419141915,Cairo,1,3093,3902.0
Cairo_y2020.tif,284,0.6514084507042254,0.2808450704225352,Cairo,1,3166,3902.0
Cairo_y2020.tif,142,0.2887323943661972,0.23348591549295775,Cairo,0,3058,3902.0
Cairo_y2020.tif,443,0.0,0.05069977426636569,Cairo,1,3119,3902.0
Cairo_y2020.tif,472,0.0,0.05638771186440678,Cairo,0,3145,3902.0
Cairo_y2020.tif,1218,0.07799671592775041,0.12529146141215108,Cairo,0,3275,3902.0
Cairo_y2020.tif,1325,0.3441509433962264,0.14633962264150943,Cairo,0,3286,3902.0
Cairo_y2020.tif,276,0.9927536231884058,0.3840036231884058,Cairo,1,3331,3902.0
Cairo_y2020.tif,875,0.9577142857142857,0.39656,Cairo,1,3338,3902.0
Cairo_y2020.tif,791,0.7079646017699115,0.31049304677623263,Cairo,1,3267,3902.0
Cairo_y2020.tif,639,0.9796557120500783,0.332981220657277,Cairo,1,3256,3902.0
Cairo_y2020.tif,630,1.0,0.40414285714285714,Cairo,1,3245,3902.0
Cairo_y2020.tif,239,0.5899581589958159,0.28855648535564854,Cairo,1,3252,3902.0
Cairo_y2020.tif,821,0.9792935444579781,0.31608404384896466,Cairo,0,3315,3902.0
Cairo_y2020.tif,482,0.46680497925311204,0.22582987551867223,Cairo,1,3340,3902.0
Cairo_y2020.tif,522,0.3103448275862069,0.14863026819923372,Cairo,0,3356,3902.0
Cairo_y2020.tif,694,0.19452449567723343,0.11706051873198849,Cairo,0,3377,3902.0
Cairo_y2020.tif,849,0.4817432273262662,0.26151354534746757,Cairo,1,3446,3902.0
Cairo_y2020.tif,443,0.9796839729119639,0.36769751693002256,Cairo,1,3461,3902.0
Cairo_y2020.tif,296,0.8918918918918919,0.30177364864864864,Cairo,1,3428,3902.0
Cairo_y2020.tif,828,0.8333333333333334,0.36317632850241544,Cairo,0,3210,3902.0
Cairo_y2020.tif,1991,0.5765946760421898,0.23876946258161727,Cairo,1,3270,3902.0
Cairo_y2020.tif,617,1.0,0.38504051863857375,Cairo,1,3243,3902.0
Cairo_y2020.tif,329,1.0,0.39074468085106384,Cairo,1,3254,3902.0
Cairo_y2020.tif,938,0.6823027718550106,0.25513326226012795,Cairo,0,3314,3902.0
Cairo_y2020.tif,670,0.48656716417910445,0.1927462686567164,Cairo,0,3430,3902.0
Cairo_y2020.tif,571,0.830122591943958,0.2805604203152364,Cairo,0,3427,3902.0
Cairo_y2020.tif,302,0.9470198675496688,0.3232450331125828,Cairo,1,3507,3902.0
Cairo_y2020.tif,587,0.8841567291311755,0.32471890971039186,Cairo,1,3508,3902.0
Cairo_y2020.tif,642,0.8271028037383178,0.3127180685358255,Cairo,1,3518,3902.0
Cairo_y2020.tif,279,0.8136200716845878,0.3350179211469534,Cairo,1,2657,3902.0
Cairo_y2020.tif,247,0.9271255060728745,0.35767206477732794,Cairo,0,2678,3902.0
Cairo_y2020.tif,386,1.0,0.38572538860103633,Cairo,1,2692,3902.0
Cairo_y2020.tif,560,1.0,0.4236785714285714,Cairo,1,2712,3902.0
Cairo_y2020.tif,460,1.0,0.3986304347826087,Cairo,1,2672,3902.0
Cairo_y2020.tif,818,1.0,0.40135085574572127,Cairo,1,2694,3902.0
Cairo_y2020.tif,794,1.0,0.3786964735516374,Cairo,1,2707,3902.0
Cairo_y2020.tif,302,1.0,0.36432119205298014,Cairo,1,2780,3902.0
Cairo_y2020.tif,1065,0.6713615023474179,0.3114741784037559,Cairo,1,2857,3902.0
Cairo_y2020.tif,696,0.7298850574712644,0.31515086206896553,Cairo,1,2849,3902.0
Cairo_y2020.tif,5155,0.2254122211445199,0.15228709990300682,Cairo,0,3271,3902.0
Cairo_y2020.tif,2506,0.11292897047086992,0.10174581005586593,Cairo,0,2925,3902.0
Cairo_y2020.tif,1431,0.7155835080363382,0.3016142557651992,Cairo,1,2909,3902.0
Cairo_y2020.tif,467,0.0,0.09284796573875803,Cairo,1,2996,3902.0
Cairo_y2020.tif,669,0.08071748878923767,0.15393871449925262,Cairo,0,3026,3902.0
Cairo_y2020.tif,1608,0.005597014925373134,0.061268656716417916,Cairo,0,3114,3902.0
Cairo_y2020.tif,4434,0.0,0.023228461885430762,Cairo,0,3298,3902.0
Cairo_y2020.tif,372,0.0,0.08103494623655914,Cairo,0,3181,3902.0
Cairo_y2020.tif,225,0.0,0.09973333333333334,Cairo,1,3164,3902.0
Cairo_y2020.tif,574,0.01916376306620209,0.11854529616724736,Cairo,0,3262,3902.0
Cairo_y2020.tif,484,1.0,0.42211776859504135,Cairo,1,2840,3902.0
Cairo_y2020.tif,968,0.3274793388429752,0.2253409090909091,Cairo,0,2937,3902.0
Cairo_y2020.tif,318,0.8773584905660378,0.3417138364779874,Cairo,1,2938,3902.0
Cairo_y2020.tif,729,0.0,0.07407407407407407,Cairo,1,2968,3902.0
Cairo_y2020.tif,431,0.009280742459396751,0.14844547563805105,Cairo,0,3080,3902.0
Cairo_y2020.tif,998,0.41282565130260523,0.2276452905811623,Cairo,1,3089,3902.0
Cairo_y2020.tif,671,0.020864381520119227,0.16203427719821165,Cairo,1,3043,3902.0
Cairo_y2020.tif,363,0.0,0.1205785123966942,Cairo,0,3018,3902.0
Cairo_y2020.tif,654,0.5275229357798165,0.277974006116208,Cairo,1,3087,3902.0
Cairo_y2020.tif,560,0.0,0.08794642857142858,Cairo,0,3020,3902.0
Cairo_y2020.tif,315,0.0,0.10425396825396824,Cairo,1,3148,3902.0
Cairo_y2020.tif,292,0.0,0.10116438356164384,Cairo,0,3156,3902.0
Cairo_y2020.tif,380,0.0,0.09726315789473683,Cairo,0,3184,3902.0
Cairo_y2020.tif,491,0.0,0.10298370672097759,Cairo,1,3215,3902.0
Cairo_y2020.tif,557,0.0,0.08468581687612209,Cairo,1,3230,3902.0
Cairo_y2020.tif,421,0.0023752969121140144,0.075,Cairo,1,3241,3902.0
Cairo_y2020.tif,466,0.6158798283261803,0.27944206008583694,Cairo,1,3249,3902.0
Cairo_y2020.tif,1173,0.9147485080988917,0.31829497016197783,Cairo,1,3320,3902.0
Cairo_y2020.tif,786,0.24045801526717558,0.20361323155216285,Cairo,0,3292,3902.0
Cairo_y2020.tif,521,0.8119001919385797,0.2600767754318618,Cairo,0,3321,3902.0
Cairo_y2020.tif,288,0.9756944444444444,0.40531249999999996,Cairo,1,3359,3902.0
Cairo_y2020.tif,245,0.9755102040816327,0.4057959183673469,Cairo,1,3365,3902.0
Cairo_y2020.tif,721,1.0,0.414001386962552,Cairo,1,3369,3902.0
Cairo_y2020.tif,357,0.907563025210084,0.3357142857142857,Cairo,1,3401,3902.0
Cairo_y2020.tif,245,1.0,0.40806122448979587,Cairo,1,3392,3902.0
Cairo_y2020.tif,270,0.15555555555555556,0.22964814814814813,Cairo,1,3414,3902.0
Cairo_y2020.tif,780,1.0,0.4318974358974359,Cairo,1,3496,3902.0
Cairo_y2020.tif,425,1.0,0.4354117647058824,Cairo,1,3499,3902.0
Cairo_y2020.tif,651,1.0,0.42465437788018434,Cairo,1,3500,3902.0
Cairo_y2020.tif,580,0.9655172413793104,0.3887844827586207,Cairo,1,3494,3902.0
Cairo_y2020.tif,686,0.8177842565597667,0.27946793002915454,Cairo,0,3380,3902.0
Cairo_y2020.tif,367,0.335149863760218,0.15331062670299728,Cairo,0,3403,3902.0
Cairo_y2020.tif,377,0.6710875331564987,0.24320954907161804,Cairo,0,3402,3902.0
Cairo_y2020.tif,282,0.851063829787234,0.3301418439716312,Cairo,1,3501,3902.0
Cairo_y2020.tif,491,0.845213849287169,0.310010183299389,Cairo,1,3503,3902.0
Cairo_y2020.tif,448,0.9732142857142857,0.38766741071428573,Cairo,1,3498,3902.0
Cairo_y2020.tif,356,1.0,0.3852949438202248,Cairo,1,3504,3902.0
Cairo_y2020.tif,369,1.0,0.37875338753387533,Cairo,1,3505,3902.0
Cairo_y2020.tif,736,0.7703804347826086,0.28751358695652174,Cairo,1,3421,3902.0
Cairo_y2020.tif,432,1.0,0.3286689814814815,Cairo,0,3502,3902.0
Cairo_y2020.tif,503,0.7157057654075547,0.26901590457256463,Cairo,1,2892,3902.0
Cairo_y2020.tif,250,0.0,0.08441999999999998,Cairo,1,2927,3902.0
Cairo_y2020.tif,425,0.004705882352941176,0.07181176470588234,Cairo,1,2976,3902.0
Cairo_y2020.tif,433,0.0,0.054133949191685904,Cairo,1,2997,3902.0
Cairo_y2020.tif,523,0.0,0.032265774378585084,Cairo,0,3045,3902.0
Cairo_y2020.tif,233,0.0,0.08141630901287554,Cairo,1,3084,3902.0
Cairo_y2020.tif,1692,0.0,0.04520094562647754,Cairo,0,3336,3902.0
Cairo_y2020.tif,836,0.013157894736842105,0.10150119617224881,Cairo,0,3853,3902.0
Cairo_y2020.tif,459,0.3464052287581699,0.19105664488017426,Cairo,1,3899,3902.0
Cairo_y2020.tif,397,0.4105793450881612,0.212455919395466,Cairo,1,3994,3902.0
Cairo_y2020.tif,381,0.010498687664041995,0.04543307086614174,Cairo,1,3342,3902.0
Cairo_y2020.tif,710,0.18732394366197183,0.14871830985915493,Cairo,0,3394,3902.0
Cairo_y2020.tif,405,0.1382716049382716,0.17291358024691358,Cairo,0,3445,3902.0
Cairo_y2020.tif,494,0.951417004048583,0.3725303643724696,Cairo,1,3434,3902.0
Cairo_y2020.tif,935,0.8588235294117647,0.34902673796791434,Cairo,1,3389,3902.0
Cairo_y2020.tif,578,0.012110726643598616,0.14012110726643598,Cairo,1,3491,3902.0
Cairo_y2020.tif,913,0.7152245345016429,0.2826232201533406,Cairo,1,3567,3902.0
Cairo_y2020.tif,1664,0.6706730769230769,0.3070703125,Cairo,1,3591,3902.0
Cairo_y2020.tif,714,1.0,0.43280112044817926,Cairo,1,3598,3902.0
Cairo_y2020.tif,299,0.8896321070234113,0.32421404682274246,Cairo,1,3655,3902.0
Cairo_y2020.tif,351,0.7122507122507122,0.24136752136752138,Cairo,1,3513,3902.0
Cairo_y2020.tif,1174,0.26490630323679726,0.16221039182282795,Cairo,0,3727,3902.0
Cairo_y2020.tif,424,0.0330188679245283,0.11305424528301887,Cairo,1,3733,3902.0
Cairo_y2020.tif,1029,0.022351797862001945,0.09673955296404277,Cairo,0,3742,3902.0
Cairo_y2020.tif,430,1.0,0.37061627906976746,Cairo,1,3713,3902.0
Cairo_y2020.tif,565,0.16283185840707964,0.1293805309734513,Cairo,0,3712,3902.0
Cairo_y2020.tif,251,1.0,0.3558764940239043,Cairo,1,3716,3902.0
Cairo_y2020.tif,300,0.9933333333333333,0.34495,Cairo,1,3718,3902.0
Cairo_y2020.tif,370,0.7297297297297297,0.26975675675675675,Cairo,1,3724,3902.0
Cairo_y2020.tif,368,1.0,0.3810461956521739,Cairo,1,3705,3902.0
Cairo_y2020.tif,248,0.056451612903225805,0.20118951612903224,Cairo,1,3612,3902.0
Cairo_y2020.tif,231,0.21645021645021645,0.2199350649350649,Cairo,1,3624,3902.0
Cairo_y2020.tif,259,0.0,0.1838996138996139,Cairo,1,3605,3902.0
Cairo_y2020.tif,277,0.0,0.1683754512635379,Cairo,1,3602,3902.0
Cairo_y2020.tif,519,0.43545279383429675,0.25065510597302504,Cairo,1,3645,3902.0
Cairo_y2020.tif,714,0.8375350140056023,0.34447478991596636,Cairo,1,3658,3902.0
Cairo_y2020.tif,804,0.986318407960199,0.3650870646766169,Cairo,1,3696,3902.0
Cairo_y2020.tif,282,1.0,0.4027836879432624,Cairo,1,3702,3902.0
Cairo_y2020.tif,547,0.9872029250457038,0.40533820840950635,Cairo,1,3704,3902.0
Cairo_y2020.tif,509,1.0,0.3825540275049116,Cairo,1,3698,3902.0
Cairo_y2020.tif,873,1.0,0.3971649484536082,Cairo,1,2906,3902.0
Cairo_y2020.tif,292,1.0,0.3561643835616438,Cairo,1,2893,3902.0
Cairo_y2020.tif,641,1.0,0.39732449297971917,Cairo,1,2921,3902.0
Cairo_y2020.tif,453,0.9249448123620309,0.3158278145695364,Cairo,1,3030,3902.0
Cairo_y2020.tif,302,1.0,0.35276490066225163,Cairo,1,3069,3902.0
Cairo_y2020.tif,207,0.8502415458937198,0.32980676328502423,Cairo,1,3034,3902.0
Cairo_y2020.tif,664,0.9036144578313253,0.3432756024096385,Cairo,0,3125,3902.0
Cairo_y2020.tif,178,0.8089887640449438,0.3102528089887641,Cairo,1,3067,3902.0
Cairo_y2020.tif,384,0.9609375,0.3248697916666667,Cairo,0,3117,3902.0
Cairo_y2020.tif,296,0.6385135135135135,0.2627195945945946,Cairo,1,3092,3902.0
Cairo_y2020.tif,491,1.0,0.3910590631364562,Cairo,1,2984,3902.0
Cairo_y2020.tif,572,0.7307692307692307,0.307229020979021,Cairo,1,2985,3902.0
Cairo_y2020.tif,536,0.9944029850746269,0.3819682835820895,Cairo,1,3007,3902.0
Cairo_y2020.tif,353,1.0,0.37053824362606236,Cairo,1,2998,3902.0
Cairo_y2020.tif,611,0.855973813420622,0.3088379705400982,Cairo,1,3051,3902.0
Cairo_y2020.tif,282,0.8439716312056738,0.29342198581560286,Cairo,0,3068,3902.0
Cairo_y2020.tif,531,0.1638418079096045,0.16516949152542373,Cairo,0,3131,3902.0
Cairo_y2020.tif,268,0.6082089552238806,0.25815298507462686,Cairo,1,3086,3902.0
Cairo_y2020.tif,991,0.5893037336024218,0.24281533804238142,Cairo,0,3180,3902.0
Cairo_y2020.tif,436,0.9311926605504587,0.3663188073394495,Cairo,1,3204,3902.0
Cairo_y2020.tif,925,0.0,0.1256810810810811,Cairo,1,3128,3902.0
Cairo_y2020.tif,333,0.984984984984985,0.32668168168168166,Cairo,0,3094,3902.0
Cairo_y2020.tif,620,0.7629032258064516,0.2485725806451613,Cairo,0,3138,3902.0
Cairo_y2020.tif,519,0.0,0.0980635838150289,Cairo,0,3141,3902.0
Cairo_y2020.tif,576,0.09027777777777778,0.1439583333333333,Cairo,0,3195,3902.0
Cairo_y2020.tif,1692,0.0035460992907801418,0.06907801418439717,Cairo,0,3225,3902.0
Cairo_y2020.tif,3237,0.26475131294408405,0.17465091133765834,Cairo,0,3279,3902.0
Cairo_y2020.tif,183,0.39344262295081966,0.24486338797814208,Cairo,1,3171,3902.0
Cairo_y2020.tif,404,0.07178217821782178,0.15615099009900993,Cairo,0,3216,3902.0
Cairo_y2020.tif,408,0.0,0.08432598039215687,Cairo,1,3250,3902.0
Cairo_y2020.tif,882,0.8401360544217688,0.3123072562358277,Cairo,1,3200,3902.0
Cairo_y2020.tif,1409,0.2540809084457062,0.1388573456352023,Cairo,0,3316,3902.0
Cairo_y2020.tif,734,0.9686648501362398,0.3379632152588556,Cairo,1,3218,3902.0
Cairo_y2020.tif,662,0.716012084592145,0.26876132930513597,Cairo,1,3231,3902.0
Cairo_y2020.tif,2460,0.10203252032520325,0.10772357723577236,Cairo,0,3376,3902.0
Cairo_y2020.tif,1267,0.7829518547750592,0.27929755327545386,Cairo,0,3440,3902.0
Cairo_y2020.tif,266,0.981203007518797,0.34571428571428575,Cairo,1,3449,3902.0
Cairo_y2020.tif,333,0.96996996996997,0.3403453453453454,Cairo,1,3457,3902.0
Cairo_y2020.tif,289,0.9688581314878892,0.37250865051903115,Cairo,1,3466,3902.0
Cairo_y2020.tif,299,0.9899665551839465,0.37698996655518396,Cairo,1,3479,3902.0
Cairo_y2020.tif,292,0.958904109589041,0.3489212328767123,Cairo,1,3136,3902.0
Cairo_y2020.tif,204,0.9509803921568627,0.3428921568627451,Cairo,0,3150,3902.0
Cairo_y2020.tif,382,1.0,0.39090314136125653,Cairo,0,3280,3902.0
Cairo_y2020.tif,242,1.0,0.40351239669421485,Cairo,0,3288,3902.0
Cairo_y2020.tif,291,1.0,0.3682817869415807,Cairo,0,3307,3902.0
Cairo_y2020.tif,284,1.0,0.38489436619718304,Cairo,1,3319,3902.0
Cairo_y2020.tif,244,1.0,0.40383196721311476,Cairo,1,3333,3902.0
Cairo_y2020.tif,372,1.0,0.4103494623655915,Cairo,1,3351,3902.0
Cairo_y2020.tif,244,1.0,0.39885245901639355,Cairo,1,3362,3902.0
Cairo_y2020.tif,1008,0.8422619047619048,0.3104166666666667,Cairo,1,3412,3902.0
Cairo_y2020.tif,532,0.2744360902255639,0.16038533834586463,Cairo,1,3211,3902.0
Cairo_y2020.tif,569,0.6836555360281195,0.27606326889279437,Cairo,0,3235,3902.0
Cairo_y2020.tif,379,0.7572559366754618,0.3260817941952507,Cairo,1,3240,3902.0
Cairo_y2020.tif,488,1.0,0.39312500000000006,Cairo,0,3260,3902.0
Cairo_y2020.tif,406,1.0,0.40036945812807884,Cairo,0,3277,3902.0
Cairo_y2020.tif,367,0.5885558583106267,0.27005449591280656,Cairo,0,3313,3902.0
Cairo_y2020.tif,287,0.9965156794425087,0.3855226480836237,Cairo,0,3293,3902.0
Cairo_y2020.tif,236,0.09322033898305085,0.23271186440677966,Cairo,0,3337,3902.0
Cairo_y2020.tif,275,0.9963636363636363,0.3819272727272727,Cairo,0,3324,3902.0
Cairo_y2020.tif,239,0.4895397489539749,0.2663807531380753,Cairo,1,3352,3902.0
Cairo_y2020.tif,335,0.9552238805970149,0.3702537313432836,Cairo,0,3357,3902.0
Cairo_y2020.tif,367,1.0,0.36929155313351497,Cairo,1,3381,3902.0
Cairo_y2020.tif,273,1.0,0.3648351648351648,Cairo,0,3398,3902.0
Cairo_y2020.tif,1024,0.1015625,0.09959472656250001,Cairo,0,3472,3902.0
Cairo_y2020.tif,825,0.9842424242424243,0.3410000000000001,Cairo,0,3471,3902.0
Cairo_y2020.tif,334,0.781437125748503,0.25953592814371257,Cairo,0,3442,3902.0
Cairo_y2020.tif,732,0.9986338797814208,0.37480191256830603,Cairo,0,3492,3902.0
Cairo_y2020.tif,458,0.9563318777292577,0.36792576419213974,Cairo,0,3524,3902.0
Cairo_y2020.tif,476,1.0,0.351313025210084,Cairo,1,3559,3902.0
Cairo_y2020.tif,181,0.8453038674033149,0.3102209944751381,Cairo,0,3539,3902.0
Cairo_y2020.tif,440,0.7863636363636364,0.2539659090909091,Cairo,0,3374,3902.0
Cairo_y2020.tif,428,0.6495327102803738,0.3218224299065421,Cairo,0,3432,3902.0
Cairo_y2020.tif,412,0.7014563106796117,0.31656553398058257,Cairo,0,3448,3902.0
Cairo_y2020.tif,345,0.6115942028985507,0.27776811594202894,Cairo,1,3464,3902.0
Cairo_y2020.tif,364,0.4175824175824176,0.26156593406593404,Cairo,1,3482,3902.0
Cairo_y2020.tif,378,0.3306878306878307,0.23781746031746032,Cairo,1,3497,3902.0
Cairo_y2020.tif,602,0.1362126245847176,0.2008970099667774,Cairo,0,3530,3902.0
Cairo_y2020.tif,609,0.13136288998357964,0.19233169129720856,Cairo,0,3558,3902.0
Cairo_y2020.tif,518,0.2857142857142857,0.2452509652509653,Cairo,0,3578,3902.0
Cairo_y2020.tif,1201,0.26894254787676936,0.16860116569525396,Cairo,1,3609,3902.0
Cairo_y2020.tif,275,0.0,0.20823636363636364,Cairo,0,3408,3902.0
Cairo_y2020.tif,326,0.009202453987730062,0.1686349693251534,Cairo,0,3400,3902.0
Cairo_y2020.tif,480,0.0,0.09289583333333333,Cairo,1,3475,3902.0
Cairo_y2020.tif,3765,0.5527224435590969,0.22014475431606906,Cairo,0,3617,3902.0
Cairo_y2020.tif,281,0.0,0.09971530249110319,Cairo,0,3490,3902.0
Cairo_y2020.tif,253,0.015810276679841896,0.20456521739130437,Cairo,0,3489,3902.0
Cairo_y2020.tif,291,0.0,0.12623711340206184,Cairo,0,3510,3902.0
Cairo_y2020.tif,416,0.0,0.12403846153846156,Cairo,1,3527,3902.0
Cairo_y2020.tif,200,0.0,0.09449999999999999,Cairo,0,3643,3902.0
Cairo_y2020.tif,151,0.0,0.11480132450331126,Cairo,1,3641,3902.0
Cairo_y2020.tif,363,0.90633608815427,0.30964187327823695,Cairo,1,3586,3902.0
Cairo_y2020.tif,548,1.0,0.3898631386861314,Cairo,0,3574,3902.0
Cairo_y2020.tif,274,0.48175182481751827,0.26673357664233577,Cairo,0,3631,3902.0
Cairo_y2020.tif,450,0.35333333333333333,0.2054777777777778,Cairo,1,3677,3902.0
Cairo_y2020.tif,188,0.30851063829787234,0.21103723404255317,Cairo,0,3688,3902.0
Cairo_y2020.tif,219,0.365296803652968,0.22678082191780824,Cairo,0,3671,3902.0
Cairo_y2020.tif,504,0.23214285714285715,0.23266865079365082,Cairo,0,3726,3902.0
Cairo_y2020.tif,355,0.9661971830985916,0.3462112676056338,Cairo,1,3738,3902.0
Cairo_y2020.tif,241,0.058091286307053944,0.18118257261410786,Cairo,0,3691,3902.0
Cairo_y2020.tif,298,1.0,0.4077181208053691,Cairo,1,3751,3902.0
Cairo_y2020.tif,214,1.0,0.4057242990654206,Cairo,1,3422,3902.0
Cairo_y2020.tif,228,1.0,0.3717763157894737,Cairo,1,3451,3902.0
Cairo_y2020.tif,889,0.6692913385826772,0.2975871766029247,Cairo,1,3467,3902.0
Cairo_y2020.tif,548,0.7737226277372263,0.29399635036496347,Cairo,1,3488,3902.0
Cairo_y2020.tif,437,0.2219679633867277,0.22807780320366133,Cairo,1,3604,3902.0
Cairo_y2020.tif,441,0.873015873015873,0.31967120181405895,Cairo,1,3608,3902.0
Cairo_y2020.tif,314,0.8439490445859873,0.3229458598726115,Cairo,1,3615,3902.0
Cairo_y2020.tif,216,0.0,0.19513888888888892,Cairo,1,3599,3902.0
Cairo_y2020.tif,259,0.8455598455598455,0.27781853281853286,Cairo,1,3606,3902.0
Cairo_y2020.tif,187,1.0,0.3350267379679145,Cairo,1,3618,3902.0
Cairo_y2020.tif,1010,0.9871287128712871,0.3891534653465346,Cairo,1,3514,3902.0
Cairo_y2020.tif,882,1.0,0.4018253968253968,Cairo,1,3535,3902.0
Cairo_y2020.tif,323,1.0,0.41385448916408674,Cairo,1,3543,3902.0
Cairo_y2020.tif,804,0.5696517412935324,0.2840174129353234,Cairo,0,3633,3902.0
Cairo_y2020.tif,236,0.923728813559322,0.32220338983050845,Cairo,1,3555,3902.0
Cairo_y2020.tif,205,0.6048780487804878,0.2917073170731707,Cairo,1,3571,3902.0
Cairo_y2020.tif,422,0.18246445497630331,0.18669431279620852,Cairo,1,3596,3902.0
Cairo_y2020.tif,423,0.2198581560283688,0.21055555555555558,Cairo,1,3619,3902.0
Cairo_y2020.tif,343,0.1457725947521866,0.21960641399416905,Cairo,0,3653,3902.0
Cairo_y2020.tif,773,0.1888745148771022,0.21579560155239327,Cairo,1,3706,3902.0
Cairo_y2020.tif,779,0.7137355584082157,0.2689730423620026,Cairo,1,3521,3902.0
Cairo_y2020.tif,625,0.8592,0.32883199999999996,Cairo,1,3529,3902.0
Cairo_y2020.tif,257,0.9883268482490273,0.32912451361867706,Cairo,1,3532,3902.0
Cairo_y2020.tif,422,0.4881516587677725,0.23830568720379147,Cairo,1,3552,3902.0
Cairo_y2020.tif,323,1.0,0.36075851393188857,Cairo,0,3553,3902.0
Cairo_y2020.tif,337,0.02967359050445104,0.19663204747774482,Cairo,1,3611,3902.0
Cairo_y2020.tif,173,1.0,0.3602890173410405,Cairo,1,3610,3902.0
Cairo_y2020.tif,321,0.01557632398753894,0.1519626168224299,Cairo,1,3644,3902.0
Cairo_y2020.tif,716,0.5363128491620112,0.2504399441340782,Cairo,1,3659,3902.0
Cairo_y2020.tif,335,1.0,0.36071641791044784,Cairo,0,3635,3902.0
Cairo_y2020.tif,189,1.0,0.3467989417989417,Cairo,1,3621,3902.0
Cairo_y2020.tif,268,0.29850746268656714,0.2419402985074627,Cairo,1,3575,3902.0
Cairo_y2020.tif,191,0.9319371727748691,0.33871727748691094,Cairo,1,3626,3902.0
Cairo_y2020.tif,182,0.7912087912087912,0.3204945054945055,Cairo,1,3628,3902.0
Cairo_y2020.tif,446,0.7040358744394619,0.29604260089686096,Cairo,1,3629,3902.0
Cairo_y2020.tif,261,0.3103448275862069,0.22599616858237548,Cairo,1,3638,3902.0
Cairo_y2020.tif,472,0.08686440677966102,0.2161758474576271,Cairo,1,3768,3902.0
Cairo_y2020.tif,193,0.7046632124352331,0.3254663212435233,Cairo,1,3805,3902.0
Cairo_y2020.tif,225,0.6844444444444444,0.32746666666666663,Cairo,1,3807,3902.0
Cairo_y2020.tif,247,0.6761133603238867,0.2886842105263158,Cairo,1,3826,3902.0
Cairo_y2020.tif,197,0.6294416243654822,0.27911167512690355,Cairo,0,3669,3902.0
Cairo_y2020.tif,345,0.9971014492753624,0.3466811594202899,Cairo,1,3697,3902.0
Cairo_y2020.tif,483,0.012422360248447204,0.13730848861283643,Cairo,1,3740,3902.0
Cairo_y2020.tif,325,0.3723076923076923,0.22038461538461537,Cairo,1,3754,3902.0
Cairo_y2020.tif,284,0.852112676056338,0.3044718309859155,Cairo,1,3732,3902.0
Cairo_y2020.tif,313,0.19808306709265175,0.205926517571885,Cairo,1,3771,3902.0
Cairo_y2020.tif,292,0.2534246575342466,0.20061643835616438,Cairo,1,3790,3902.0
Cairo_y2020.tif,232,0.9655172413793104,0.3286853448275862,Cairo,0,3823,3902.0
Cairo_y2020.tif,243,0.9259259259259259,0.32020576131687245,Cairo,1,3831,3902.0
Cairo_y2020.tif,289,0.31833910034602075,0.2324740484429066,Cairo,0,3813,3902.0
Cairo_y2020.tif,661,0.0,0.11813161875945538,Cairo,0,3723,3902.0
Cairo_y2020.tif,635,0.15905511811023623,0.20708661417322835,Cairo,1,3721,3902.0
Cairo_y2020.tif,299,0.6588628762541806,0.2960033444816053,Cairo,0,3736,3902.0
Cairo_y2020.tif,381,0.05249343832020997,0.1921784776902887,Cairo,1,3752,3902.0
Cairo_y2020.tif,300,0.9933333333333333,0.3294666666666667,Cairo,1,3780,3902.0
Cairo_y2020.tif,646,0.17027863777089783,0.22689628482972135,Cairo,1,3782,3902.0
Cairo_y2020.tif,519,0.9113680154142582,0.3215028901734104,Cairo,1,3812,3902.0
Cairo_y2020.tif,1035,0.24444444444444444,0.2361207729468599,Cairo,0,3867,3902.0
Cairo_y2020.tif,567,0.9347442680776014,0.31711640211640213,Cairo,1,3845,3902.0
Cairo_y2020.tif,433,0.5958429561200924,0.26734411085450344,Cairo,1,3893,3902.0
Cairo_y2020.tif,231,0.8138528138528138,0.30212121212121207,Cairo,1,3830,3902.0
Cairo_y2020.tif,230,0.7608695652173914,0.3146304347826087,Cairo,1,3834,3902.0
Cairo_y2020.tif,656,0.6570121951219512,0.31255335365853665,Cairo,1,3886,3902.0
Cairo_y2020.tif,411,0.6788321167883211,0.3367274939172749,Cairo,1,3855,3902.0
Cairo_y2020.tif,560,0.9714285714285714,0.4152410714285714,Cairo,1,3829,3902.0
Cairo_y2020.tif,2268,0.2208994708994709,0.1436067019400353,Cairo,0,3929,3902.0
Cairo_y2020.tif,310,0.5419354838709678,0.2899677419354838,Cairo,1,3941,3902.0
Cairo_y2020.tif,755,0.49801324503311256,0.2634701986754967,Cairo,1,3935,3902.0
Cairo_y2020.tif,456,0.5482456140350878,0.3039802631578948,Cairo,1,3945,3902.0
Cairo_y2020.tif,402,0.5771144278606966,0.3095024875621891,Cairo,1,3949,3902.0
Cairo_y2020.tif,650,0.3830769230769231,0.24232307692307692,Cairo,1,3825,3902.0
Cairo_y2020.tif,585,0.0547008547008547,0.19615384615384615,Cairo,0,3874,3902.0
Cairo_y2020.tif,354,0.07344632768361582,0.21953389830508477,Cairo,1,3889,3902.0
Cairo_y2020.tif,542,0.17158671586715868,0.207979704797048,Cairo,0,3908,3902.0
Cairo_y2020.tif,411,0.6423357664233577,0.27108272506082726,Cairo,0,3913,3902.0
Cairo_y2020.tif,285,0.7192982456140351,0.31045614035087715,Cairo,1,3937,3902.0
Cairo_y2020.tif,286,0.8076923076923077,0.34015734265734265,Cairo,1,3964,3902.0
Cairo_y2020.tif,276,0.7681159420289855,0.3333152173913044,Cairo,0,3986,3902.0
Cairo_y2020.tif,959,0.06360792492179354,0.15240354535974973,Cairo,0,4015,3902.0
Cairo_y2020.tif,1025,0.7853658536585366,0.33434634146341463,Cairo,1,4007,3902.0
Cairo_y2020.tif,736,0.7214673913043478,0.3375475543478261,Cairo,1,3978,3902.0
Cairo_y2020.tif,211,0.0947867298578199,0.21952606635071092,Cairo,1,3938,3902.0
Cairo_y2020.tif,307,0.7328990228013029,0.33309446254071656,Cairo,1,3902,3902.0
Cairo_y2020.tif,223,0.11210762331838565,0.2331390134529148,Cairo,1,3970,3902.0
Cairo_y2020.tif,645,0.17519379844961241,0.24100000000000002,Cairo,1,4030,3902.0
Cairo_y2020.tif,610,0.980327868852459,0.39918032786885244,Cairo,1,4085,3902.0
Cairo_y2020.tif,248,1.0,0.37324596774193547,Cairo,1,4084,3902.0
Cairo_y2020.tif,207,0.9371980676328503,0.34405797101449276,Cairo,1,4097,3902.0
Cairo_y2020.tif,558,0.9731182795698925,0.37384408602150543,Cairo,1,4151,3902.0
Cairo_y2020.tif,585,0.41196581196581195,0.267,Cairo,1,4105,3902.0
Cairo_y2020.tif,271,0.0,0.12243542435424357,Cairo,0,4059,3902.0
Cairo_y2020.tif,997,0.49047141424272817,0.26422768304914745,Cairo,1,4129,3902.0
Cairo_y2020.tif,624,0.9855769230769231,0.3579727564102564,Cairo,1,4091,3902.0
Cairo_y2020.tif,693,0.0,0.08524531024531025,Cairo,0,4108,3902.0
Cairo_y2020.tif,377,0.9628647214854111,0.33571618037135276,Cairo,1,4146,3902.0
Cairo_y2020.tif,323,0.21981424148606812,0.20456656346749227,Cairo,0,4117,3902.0
Cairo_y2020.tif,555,1.0,0.3813063063063063,Cairo,1,4115,3902.0
Cairo_y2020.tif,309,0.0,0.1304692556634304,Cairo,0,4159,3902.0
Cairo_y2020.tif,588,1.0,0.4039115646258503,Cairo,1,4195,3902.0
Cairo_y2020.tif,296,0.8445945945945946,0.31298986486486485,Cairo,0,4193,3902.0
Cairo_y2020.tif,335,0.6447761194029851,0.2975820895522388,Cairo,1,3592,3902.0
Cairo_y2020.tif,337,0.8813056379821959,0.3324925816023739,Cairo,0,3616,3902.0
Cairo_y2020.tif,397,0.9974811083123426,0.3621410579345088,Cairo,1,3646,3902.0
Cairo_y2020.tif,360,1.0,0.3815138888888889,Cairo,1,3664,3902.0
Cairo_y2020.tif,469,0.55863539445629,0.26844349680170576,Cairo,1,3651,3902.0
Cairo_y2020.tif,396,1.0,0.3945328282828283,Cairo,1,3682,3902.0
Cairo_y2020.tif,526,1.0,0.40364068441064643,Cairo,1,3707,3902.0
Cairo_y2020.tif,247,0.7651821862348178,0.33137651821862346,Cairo,1,3690,3902.0
Cairo_y2020.tif,341,0.9472140762463344,0.3664222873900293,Cairo,1,3737,3902.0
Cairo_y2020.tif,693,0.7359307359307359,0.2824891774891775,Cairo,0,3816,3902.0
Cairo_y2020.tif,432,0.018518518518518517,0.11497685185185186,Cairo,0,3654,3902.0
Cairo_y2020.tif,239,0.0,0.10910041841004185,Cairo,0,3679,3902.0
Cairo_y2020.tif,8399,0.12632456244791046,0.10886236456721039,Cairo,0,3915,3902.0
Cairo_y2020.tif,175,0.0,0.07531428571428571,Cairo,0,3701,3902.0
Cairo_y2020.tif,275,0.0,0.126,Cairo,1,3731,3902.0
Cairo_y2020.tif,368,0.0,0.07785326086956522,Cairo,0,3719,3902.0
Cairo_y2020.tif,485,0.0,0.08122680412371133,Cairo,0,3798,3902.0
Cairo_y2020.tif,289,0.0,0.09910034602076125,Cairo,1,3881,3902.0
Cairo_y2020.tif,521,0.0,0.12880038387715928,Cairo,0,3953,3902.0
Cairo_y2020.tif,392,0.0,0.12901785714285716,Cairo,0,3951,3902.0
Cairo_y2020.tif,510,1.0,0.41722549019607835,Cairo,1,3762,3902.0
Cairo_y2020.tif,354,0.8333333333333334,0.31992937853107345,Cairo,1,3774,3902.0
Cairo_y2020.tif,237,0.0,0.14845991561181435,Cairo,0,3741,3902.0
Cairo_y2020.tif,433,0.39260969976905313,0.24595842956120093,Cairo,1,3797,3902.0
Cairo_y2020.tif,316,0.015822784810126583,0.21594936708860762,Cairo,0,3909,3902.0
Cairo_y2020.tif,366,0.22131147540983606,0.2392486338797814,Cairo,0,3912,3902.0
Cairo_y2020.tif,155,0.0,0.047451612903225804,Cairo,0,3827,3902.0
Cairo_y2020.tif,382,0.7408376963350786,0.28787958115183243,Cairo,1,3918,3902.0
Cairo_y2020.tif,360,0.8861111111111111,0.3405833333333333,Cairo,0,3926,3902.0
Cairo_y2020.tif,266,1.0,0.387124060150376,Cairo,1,3932,3902.0
Cairo_y2020.tif,593,0.8819561551433389,0.3295193929173693,Cairo,1,3810,3902.0
Cairo_y2020.tif,268,1.0,0.39908582089552236,Cairo,0,3785,3902.0
Cairo_y2020.tif,557,0.9766606822262118,0.3795511669658887,Cairo,1,3815,3902.0
Cairo_y2020.tif,323,0.8792569659442725,0.3437151702786378,Cairo,1,3832,3902.0
Cairo_y2020.tif,502,0.7729083665338645,0.3150298804780876,Cairo,1,3876,3902.0
Cairo_y2020.tif,213,1.0,0.3720422535211268,Cairo,0,3903,3902.0
Cairo_y2020.tif,404,0.7623762376237624,0.3032178217821782,Cairo,1,3920,3902.0
Cairo_y2020.tif,583,1.0,0.4313464837049743,Cairo,1,4011,3902.0
Cairo_y2020.tif,495,1.0,0.3933131313131313,Cairo,1,3939,3902.0
Cairo_y2020.tif,226,1.0,0.4335619469026549,Cairo,0,4021,3902.0
Cairo_y2020.tif,258,1.0,0.4143023255813953,Cairo,1,3936,3902.0
Cairo_y2020.tif,352,1.0,0.43036931818181823,Cairo,0,3944,3902.0
Cairo_y2020.tif,893,0.010078387458006719,0.12194288913773797,Cairo,1,3973,3902.0
Cairo_y2020.tif,449,1.0,0.4459910913140312,Cairo,1,3955,3902.0
Cairo_y2020.tif,354,1.0,0.449816384180791,Cairo,1,3968,3902.0
Cairo_y2020.tif,147,0.0,0.056530612244897964,Cairo,0,3888,3902.0
Cairo_y2020.tif,649,1.0,0.445808936825886,Cairo,0,3972,3902.0
Cairo_y2020.tif,505,1.0,0.4304059405940594,Cairo,0,3988,3902.0
Cairo_y2020.tif,467,1.0,0.4236723768736617,Cairo,0,4000,3902.0
Cairo_y2020.tif,199,0.0,0.11487437185929648,Cairo,0,3948,3902.0
Cairo_y2020.tif,361,0.25761772853185594,0.23037396121883655,Cairo,1,3914,3902.0
Cairo_y2020.tif,679,0.5655375552282769,0.27949926362297495,Cairo,1,3957,3902.0
Cairo_y2020.tif,255,0.2980392156862745,0.21705882352941178,Cairo,1,3933,3902.0
Cairo_y2020.tif,329,1.0,0.34905775075987844,Cairo,0,3990,3902.0
Cairo_y2020.tif,810,0.737037037037037,0.31144444444444447,Cairo,1,3992,3902.0
Cairo_y2020.tif,1073,0.7586206896551724,0.35888164026095065,Cairo,1,4006,3902.0
Cairo_y2020.tif,421,0.5985748218527316,0.32785035629453674,Cairo,1,4038,3902.0
Cairo_y2020.tif,371,1.0,0.36498652291105127,Cairo,1,4050,3902.0
Cairo_y2020.tif,556,0.9550359712230215,0.36437050359712225,Cairo,1,4060,3902.0
Cairo_y2020.tif,694,0.9639769452449568,0.37436599423631123,Cairo,1,4077,3902.0
Cairo_y2020.tif,175,0.0,0.03974285714285714,Cairo,0,3924,3902.0
Cairo_y2020.tif,381,0.0,0.10199475065616798,Cairo,1,3946,3902.0
Cairo_y2020.tif,287,0.0,0.09439024390243901,Cairo,0,3943,3902.0
Cairo_y2020.tif,283,0.0,0.09733215547703179,Cairo,0,3940,3902.0
Cairo_y2020.tif,703,0.0,0.06652204836415362,Cairo,0,3974,3902.0
Cairo_y2020.tif,352,0.9375,0.31078125,Cairo,1,4031,3902.0
Cairo_y2020.tif,178,0.9382022471910112,0.32561797752808985,Cairo,1,4039,3902.0
Cairo_y2020.tif,178,0.9550561797752809,0.3227247191011236,Cairo,1,4043,3902.0
Cairo_y2020.tif,4459,0.061897286387082306,0.04716304104059206,Cairo,0,4224,3902.0
Cairo_y2020.tif,791,0.5537294563843237,0.1831795195954488,Cairo,0,4095,3902.0
Cairo_y2020.tif,155,0.22580645161290322,0.2135806451612903,Cairo,1,3991,3902.0
Cairo_y2020.tif,229,0.9388646288209607,0.31,Cairo,0,4010,3902.0
Cairo_y2020.tif,193,0.9844559585492227,0.34282383419689116,Cairo,0,4020,3902.0
Cairo_y2020.tif,228,0.868421052631579,0.3598026315789474,Cairo,0,4034,3902.0
Cairo_y2020.tif,269,0.8810408921933085,0.3725836431226766,Cairo,0,4049,3902.0
Cairo_y2020.tif,215,0.5906976744186047,0.24923255813953488,Cairo,0,4075,3902.0
Cairo_y2020.tif,251,1.0,0.40470119521912346,Cairo,1,4062,3902.0
Cairo_y2020.tif,248,0.8145161290322581,0.27989919354838705,Cairo,0,4081,3902.0
Cairo_y2020.tif,393,1.0,0.4149745547073791,Cairo,0,4076,3902.0
Cairo_y2020.tif,202,0.8811881188118812,0.3281683168316832,Cairo,0,4089,3902.0
Cairo_y2020.tif,474,1.0,0.4324472573839663,Cairo,1,3998,3902.0
Cairo_y2020.tif,466,1.0,0.43965665236051515,Cairo,0,4013,3902.0
Cairo_y2020.tif,263,1.0,0.44062737642585553,Cairo,1,4041,3902.0
Cairo_y2020.tif,270,1.0,0.43651851851851853,Cairo,0,4052,3902.0
Cairo_y2020.tif,366,1.0,0.39987704918032785,Cairo,0,4069,3902.0
Cairo_y2020.tif,265,0.2981132075471698,0.20303773584905657,Cairo,1,4119,3902.0
Cairo_y2020.tif,215,0.2186046511627907,0.19513953488372093,Cairo,0,4126,3902.0
Cairo_y2020.tif,210,0.6047619047619047,0.21626190476190477,Cairo,0,4134,3902.0
Cairo_y2020.tif,899,0.9221357063403782,0.3607786429365962,Cairo,1,4141,3902.0
Cairo_y2020.tif,300,0.0,0.14780000000000001,Cairo,1,4198,3902.0
Cairo_y2020.tif,182,1.0,0.36994505494505486,Cairo,0,4094,3902.0
Cairo_y2020.tif,195,1.0,0.3878461538461539,Cairo,1,4102,3902.0
Cairo_y2020.tif,848,0.660377358490566,0.27775353773584904,Cairo,0,4109,3902.0
Cairo_y2020.tif,221,1.0,0.3889592760180996,Cairo,0,4111,3902.0
Cairo_y2020.tif,452,0.9823008849557522,0.37382743362831866,Cairo,1,4120,3902.0
Cairo_y2020.tif,470,0.9638297872340426,0.35340425531914893,Cairo,0,4144,3902.0
Cairo_y2020.tif,340,1.0,0.3844411764705883,Cairo,1,4153,3902.0
Cairo_y2020.tif,287,0.9965156794425087,0.3701219512195122,Cairo,0,4164,3902.0
Cairo_y2020.tif,147,0.7278911564625851,0.2816666666666667,Cairo,0,4145,3902.0
Cairo_y2020.tif,319,0.780564263322884,0.2836206896551724,Cairo,1,4176,3902.0
Cairo_y2020.tif,716,0.611731843575419,0.2615013966480447,Cairo,1,3714,3902.0
Cairo_y2020.tif,247,0.6882591093117408,0.2681983805668016,Cairo,1,3709,3902.0
Cairo_y2020.tif,567,0.029982363315696647,0.07571428571428572,Cairo,0,3821,3902.0
Cairo_y2020.tif,439,0.5990888382687927,0.2340774487471526,Cairo,1,3836,3902.0
Cairo_y2020.tif,181,0.9226519337016574,0.3674033149171271,Cairo,1,3840,3902.0
Cairo_y2020.tif,287,0.9303135888501742,0.3627526132404181,Cairo,1,3844,3902.0
Cairo_y2020.tif,290,0.8448275862068966,0.33165517241379305,Cairo,1,3846,3902.0
Cairo_y2020.tif,319,0.41379310344827586,0.2734326018808777,Cairo,1,3854,3902.0
Cairo_y2020.tif,309,0.22006472491909385,0.23758899676375403,Cairo,1,3859,3902.0
Cairo_y2020.tif,185,0.33513513513513515,0.22686486486486485,Cairo,1,3864,3902.0
Cairo_y2020.tif,341,1.0,0.41036656891495604,Cairo,1,3722,3902.0
Cairo_y2020.tif,281,1.0,0.44003558718861213,Cairo,1,3730,3902.0
Cairo_y2020.tif,1322,0.45915279878971255,0.21598335854765505,Cairo,1,3756,3902.0
Cairo_y2020.tif,3379,0.3252441550754661,0.14879994081089082,Cairo,0,3849,3902.0
Cairo_y2020.tif,171,0.12280701754385964,0.1850877192982456,Cairo,0,3796,3902.0
Cairo_y2020.tif,838,0.6706443914081146,0.30325775656324583,Cairo,1,3833,3902.0
Cairo_y2020.tif,475,0.5178947368421053,0.2635894736842105,Cairo,1,3879,3902.0
Cairo_y2020.tif,296,1.0,0.3712162162162162,Cairo,1,3910,3902.0
Cairo_y2020.tif,785,0.5617834394904458,0.25171974522292995,Cairo,1,3967,3902.0
Cairo_y2020.tif,504,1.0,0.4028968253968254,Cairo,1,3963,3902.0
Cairo_y2020.tif,263,0.07224334600760456,0.1844296577946768,Cairo,1,3871,3902.0
Cairo_y2020.tif,300,0.01,0.1542,Cairo,1,3875,3902.0
Cairo_y2020.tif,311,0.04180064308681672,0.14043408360128617,Cairo,1,3880,3902.0
Cairo_y2020.tif,194,0.3402061855670103,0.21198453608247422,Cairo,1,3895,3902.0
Cairo_y2020.tif,236,0.1059322033898305,0.09747881355932204,Cairo,1,3904,3902.0
Cairo_y2020.tif,365,0.0,0.15993150684931506,Cairo,1,3921,3902.0
Cairo_y2020.tif,209,0.014354066985645933,0.17507177033492824,Cairo,1,3952,3902.0
Cairo_y2020.tif,207,0.0,0.08900966183574878,Cairo,1,3925,3902.0
Cairo_y2020.tif,184,0.0,0.16029891304347824,Cairo,1,3977,3902.0
Cairo_y2020.tif,382,0.05759162303664921,0.15890052356020942,Cairo,1,3965,3902.0
Cairo_y2020.tif,720,0.3138888888888889,0.20313888888888887,Cairo,0,3786,3902.0
Cairo_y2020.tif,424,0.3160377358490566,0.20143867924528305,Cairo,0,3793,3902.0
Cairo_y2020.tif,1245,0.9847389558232932,0.3972690763052209,Cairo,1,3890,3902.0
Cairo_y2020.tif,824,0.691747572815534,0.3123058252427185,Cairo,1,3960,3902.0
Cairo_y2020.tif,547,0.9049360146252285,0.35800731261425955,Cairo,1,3907,3902.0
Cairo_y2020.tif,1793,0.6876742889012828,0.3197573898494144,Cairo,1,4051,3902.0
Cairo_y2020.tif,1089,0.5996326905417815,0.2962350780532599,Cairo,1,4042,3902.0
Cairo_y2020.tif,753,1.0,0.41733067729083667,Cairo,1,3989,3902.0
Cairo_y2020.tif,3190,0.6090909090909091,0.22056583072100314,Cairo,0,4124,3902.0
Cairo_y2020.tif,498,0.8433734939759037,0.35911646586345375,Cairo,1,4073,3902.0
Cairo_y2020.tif,223,0.0,0.15643497757847533,Cairo,1,4001,3902.0
Cairo_y2020.tif,3301,0.008785216601029992,0.046298091487428056,Cairo,0,4440,3902.0
Cairo_y2020.tif,273,0.0,0.15003663003663004,Cairo,1,4019,3902.0
Cairo_y2020.tif,961,0.0,0.13579604578563995,Cairo,1,4027,3902.0
Cairo_y2020.tif,245,0.3673469387755102,0.22716326530612244,Cairo,1,4032,3902.0
Cairo_y2020.tif,584,0.0,0.10826198630136986,Cairo,1,4046,3902.0
Cairo_y2020.tif,590,0.7711864406779662,0.27690677966101696,Cairo,1,4054,3902.0
Cairo_y2020.tif,230,0.8478260869565217,0.2906304347826087,Cairo,1,4087,3902.0
Cairo_y2020.tif,916,0.4443231441048035,0.2443504366812227,Cairo,1,4156,3902.0
Cairo_y2020.tif,841,0.11296076099881094,0.16312722948870395,Cairo,0,4183,3902.0
Cairo_y2020.tif,330,1.0,0.44495454545454555,Cairo,1,3969,3902.0
Cairo_y2020.tif,409,1.0,0.44102689486552565,Cairo,1,4005,3902.0
Cairo_y2020.tif,754,0.7228116710875332,0.3334615384615385,Cairo,1,4070,3902.0
Cairo_y2020.tif,535,1.0,0.447,Cairo,1,4037,3902.0
Cairo_y2020.tif,233,0.38197424892703863,0.247725321888412,Cairo,0,4082,3902.0
Cairo_y2020.tif,1332,1.0,0.44968843843843853,Cairo,1,4169,3902.0
Cairo_y2020.tif,1071,1.0,0.4355368814192344,Cairo,1,4190,3902.0
Cairo_y2020.tif,1282,0.8416536661466458,0.3138065522620905,Cairo,1,4207,3902.0
Cairo_y2020.tif,956,0.7447698744769874,0.32274058577405856,Cairo,1,4241,3902.0
Cairo_y2020.tif,300,1.0,0.45218333333333344,Cairo,1,4233,3902.0
Cairo_y2020.tif,928,1.0,0.3973706896551724,Cairo,1,4093,3902.0
Cairo_y2020.tif,302,0.0,0.1869867549668874,Cairo,1,4101,3902.0
Cairo_y2020.tif,819,0.3711843711843712,0.2557020757020757,Cairo,1,4181,3902.0
Cairo_y2020.tif,706,0.16288951841359772,0.2305311614730878,Cairo,1,4180,3902.0
Cairo_y2020.tif,828,1.0,0.37778381642512077,Cairo,1,4256,3902.0
Cairo_y2020.tif,433,1.0,0.403256351039261,Cairo,1,4208,3902.0
Cairo_y2020.tif,700,1.0,0.4043428571428571,Cairo,1,4263,3902.0
Cairo_y2020.tif,1968,0.8495934959349594,0.3191946138211382,Cairo,0,4341,3902.0
Cairo_y2020.tif,678,0.06047197640117994,0.2003761061946903,Cairo,0,4275,3902.0
Cairo_y2020.tif,520,0.35384615384615387,0.22901923076923078,Cairo,0,4330,3902.0
Cairo_y2020.tif,388,0.0,0.10461340206185565,Cairo,1,4192,3902.0
Cairo_y2020.tif,372,0.3709677419354839,0.19514784946236557,Cairo,1,4142,3902.0
Cairo_y2020.tif,518,0.0,0.062345559845559846,Cairo,0,4202,3902.0
Cairo_y2020.tif,356,0.2612359550561798,0.25390449438202245,Cairo,1,4168,3902.0
Cairo_y2020.tif,216,0.08333333333333333,0.12166666666666667,Cairo,0,4188,3902.0
Cairo_y2020.tif,187,0.0,0.1075668449197861,Cairo,1,4196,3902.0
Cairo_y2020.tif,133,0.015037593984962405,0.1951503759398496,Cairo,1,4225,3902.0
Cairo_y2020.tif,323,0.33436532507739936,0.22996904024767803,Cairo,1,4245,3902.0
Cairo_y2020.tif,424,0.5801886792452831,0.27181603773584906,Cairo,1,4325,3902.0
Cairo_y2020.tif,865,0.2855491329479769,0.16079190751445088,Cairo,0,4366,3902.0
Cairo_y2020.tif,440,1.0,0.4373409090909091,Cairo,1,4240,3902.0
Cairo_y2020.tif,317,0.9589905362776026,0.41525236593059933,Cairo,1,4280,3902.0
Cairo_y2020.tif,178,0.9831460674157303,0.35837078651685395,Cairo,1,4258,3902.0
Cairo_y2020.tif,626,0.6261980830670927,0.2834025559105432,Cairo,1,4291,3902.0
Cairo_y2020.tif,372,0.1881720430107527,0.15333333333333335,Cairo,1,4297,3902.0
Cairo_y2020.tif,304,0.7697368421052632,0.3432565789473684,Cairo,1,4268,3902.0
Cairo_y2020.tif,214,0.705607476635514,0.32904205607476633,Cairo,1,4311,3902.0
Cairo_y2020.tif,642,0.004672897196261682,0.1330529595015576,Cairo,0,4337,3902.0
Cairo_y2020.tif,389,0.007712082262210797,0.11651670951156813,Cairo,0,4361,3902.0
Cairo_y2020.tif,128,0.0,0.1306640625,Cairo,1,4354,3902.0
Cairo_y2020.tif,732,0.8346994535519126,0.3167418032786885,Cairo,1,4346,3902.0
Cairo_y2020.tif,291,1.0,0.40597938144329904,Cairo,1,4340,3902.0
Cairo_y2020.tif,640,0.9703125,0.349609375,Cairo,1,4376,3902.0
Cairo_y2020.tif,259,0.0,0.08222007722007721,Cairo,0,4358,3902.0
Cairo_y2020.tif,404,1.0,0.3537376237623762,Cairo,1,4396,3902.0
Cairo_y2020.tif,3902,0.036647872885699644,0.09634930804715532,Cairo,0,4543,3902.0
Cairo_y2020.tif,477,0.3018867924528302,0.22363731656184485,Cairo,1,4533,3902.0
Cairo_y2020.tif,356,0.3539325842696629,0.2324578651685393,Cairo,0,4537,3902.0
Cairo_y2020.tif,312,0.28846153846153844,0.2060737179487179,Cairo,1,4544,3902.0
Cairo_y2020.tif,2745,0.1395264116575592,0.08036065573770493,Cairo,0,4548,3902.0
Cairo_y2020.tif,1430,0.17762237762237762,0.1055944055944056,Cairo,0,4148,3902.0
Cairo_y2020.tif,3301,0.19448651923659496,0.1039684943956377,Cairo,0,4281,3902.0
Cairo_y2020.tif,420,0.03571428571428571,0.07829761904761906,Cairo,0,4138,3902.0
Cairo_y2020.tif,1775,0.2180281690140845,0.16479718309859154,Cairo,0,4312,3902.0
Cairo_y2020.tif,281,0.23487544483985764,0.1590391459074733,Cairo,0,4200,3902.0
Cairo_y2020.tif,871,0.7290470723306545,0.2405683122847302,Cairo,0,4255,3902.0
Cairo_y2020.tif,249,0.3654618473895582,0.16218875502008034,Cairo,0,4248,3902.0
Cairo_y2020.tif,421,0.0,0.09268408551068887,Cairo,0,4333,3902.0
Cairo_y2020.tif,400,0.335,0.18608750000000002,Cairo,0,4342,3902.0
Cairo_y2020.tif,384,0.1796875,0.1962369791666667,Cairo,0,4353,3902.0
Cairo_y2020.tif,446,1.0,0.3963116591928251,Cairo,1,4092,3902.0
Cairo_y2020.tif,951,1.0,0.3959200841219768,Cairo,1,4121,3902.0
Cairo_y2020.tif,611,1.0,0.41503273322422257,Cairo,1,4135,3902.0
Cairo_y2020.tif,621,1.0,0.4140096618357487,Cairo,1,4165,3902.0
Cairo_y2020.tif,385,1.0,0.42228571428571426,Cairo,1,4162,3902.0
Cairo_y2020.tif,524,1.0,0.42758587786259544,Cairo,0,4184,3902.0
Cairo_y2020.tif,502,1.0,0.42934262948207164,Cairo,1,4197,3902.0
Cairo_y2020.tif,521,1.0,0.42581573896353164,Cairo,1,4271,3902.0
Cairo_y2020.tif,657,1.0,0.4096879756468798,Cairo,1,4273,3902.0
Cairo_y2020.tif,173,1.0,0.39546242774566476,Cairo,1,4290,3902.0
Cairo_y2020.tif,221,0.8371040723981901,0.2875565610859729,Cairo,0,4171,3902.0
Cairo_y2020.tif,214,0.32242990654205606,0.23074766355140186,Cairo,0,4191,3902.0
Cairo_y2020.tif,558,0.6612903225806451,0.3181182795698925,Cairo,1,4223,3902.0
Cairo_y2020.tif,345,0.043478260869565216,0.12518840579710144,Cairo,1,4264,3902.0
Cairo_y2020.tif,333,0.02702702702702703,0.20723723723723722,Cairo,1,4251,3902.0
Cairo_y2020.tif,712,0.35674157303370785,0.17490168539325843,Cairo,0,4309,3902.0
Cairo_y2020.tif,546,0.0,0.10468864468864468,Cairo,0,4289,3902.0
Cairo_y2020.tif,274,0.8357664233576643,0.28357664233576646,Cairo,1,4315,3902.0
Cairo_y2020.tif,291,0.8213058419243986,0.30683848797250857,Cairo,1,4317,3902.0
Cairo_y2020.tif,417,0.7410071942446043,0.29264988009592324,Cairo,0,4319,3902.0
Cairo_y2020.tif,211,0.05687203791469194,0.18777251184834126,Cairo,0,4201,3902.0
Cairo_y2020.tif,226,0.7477876106194691,0.33601769911504425,Cairo,0,4210,3902.0
Cairo_y2020.tif,473,0.17547568710359407,0.2059725158562368,Cairo,0,4265,3902.0
Cairo_y2020.tif,326,1.0,0.4308588957055215,Cairo,1,4242,3902.0
Cairo_y2020.tif,784,1.0,0.38843750000000005,Cairo,0,4261,3902.0
Cairo_y2020.tif,161,0.0,0.19062111801242237,Cairo,0,4257,3902.0
Cairo_y2020.tif,234,0.0,0.18096153846153845,Cairo,0,4285,3902.0
Cairo_y2020.tif,189,0.5396825396825397,0.29243386243386243,Cairo,1,4269,3902.0
Cairo_y2020.tif,252,1.0,0.42311507936507936,Cairo,1,4305,3902.0
Cairo_y2020.tif,398,1.0,0.3886557788944724,Cairo,1,4320,3902.0
Cairo_y2020.tif,659,0.15629742033383914,0.18973444613050075,Cairo,1,4328,3902.0
Cairo_y2020.tif,345,0.057971014492753624,0.17233333333333334,Cairo,0,4293,3902.0
Cairo_y2020.tif,592,0.0,0.07100506756756757,Cairo,0,4355,3902.0
Cairo_y2020.tif,467,0.0,0.10100642398286938,Cairo,0,4377,3902.0
Cairo_y2020.tif,241,0.004149377593360996,0.1503941908713693,Cairo,1,4394,3902.0
Cairo_y2020.tif,876,0.0,0.05268835616438356,Cairo,1,4407,3902.0
Cairo_y2020.tif,264,0.030303030303030304,0.16532196969696972,Cairo,0,4410,3902.0
Cairo_y2020.tif,312,0.0,0.08155448717948718,Cairo,0,4414,3902.0
Cairo_y2020.tif,566,0.0,0.1046643109540636,Cairo,1,4446,3902.0
Cairo_y2020.tif,524,0.0,0.034427480916030546,Cairo,0,4444,3902.0
Cairo_y2020.tif,242,0.1322314049586777,0.18396694214876033,Cairo,0,4373,3902.0
Cairo_y2020.tif,2794,0.26879026485325697,0.1363045812455261,Cairo,0,4430,3902.0
Cairo_y2020.tif,232,0.0,0.13553879310344827,Cairo,0,4382,3902.0
Cairo_y2020.tif,327,0.0,0.12091743119266055,Cairo,0,4379,3902.0
Cairo_y2020.tif,280,0.4785714285714286,0.23780357142857145,Cairo,0,4385,3902.0
Cairo_y2020.tif,388,0.0,0.10155927835051547,Cairo,0,4408,3902.0
Cairo_y2020.tif,378,0.0,0.1408068783068783,Cairo,0,4417,3902.0
Cairo_y2020.tif,461,0.40563991323210413,0.22670281995661604,Cairo,0,4421,3902.0
Cairo_y2020.tif,395,0.17215189873417722,0.2042151898734177,Cairo,0,4416,3902.0
Cairo_y2020.tif,219,0.0684931506849315,0.1871232876712329,Cairo,0,4422,3902.0
Cairo_y2020.tif,288,0.1527777777777778,0.22180555555555556,Cairo,0,4314,3902.0
Cairo_y2020.tif,428,0.40186915887850466,0.2466939252336449,Cairo,0,4335,3902.0
Cairo_y2020.tif,225,1.0,0.4123555555555556,Cairo,1,4359,3902.0
Cairo_y2020.tif,679,1.0,0.4002282768777614,Cairo,1,4389,3902.0
Cairo_y2020.tif,319,0.4952978056426332,0.2481818181818182,Cairo,0,4347,3902.0
Cairo_y2020.tif,431,1.0,0.4133874709976797,Cairo,1,4345,3902.0
Cairo_y2020.tif,303,0.46534653465346537,0.2416996699669967,Cairo,1,4383,3902.0
Cairo_y2020.tif,835,1.0,0.40847904191616774,Cairo,1,4423,3902.0
Cairo_y2020.tif,547,1.0,0.39794332723948816,Cairo,1,4455,3902.0
Cairo_y2020.tif,523,0.4588910133843212,0.2613288718929254,Cairo,0,4504,3902.0
Cairo_y2020.tif,336,0.05952380952380952,0.166875,Cairo,1,4445,3902.0
Cairo_y2020.tif,373,0.0,0.13626005361930296,Cairo,0,4433,3902.0
Cairo_y2020.tif,192,0.0,0.15580729166666665,Cairo,0,4451,3902.0
Cairo_y2020.tif,198,0.0,0.15593434343434343,Cairo,0,4450,3902.0
Cairo_y2020.tif,284,0.09507042253521127,0.20406690140845068,Cairo,0,4459,3902.0
Cairo_y2020.tif,288,0.7881944444444444,0.26890624999999996,Cairo,1,4461,3902.0
Cairo_y2020.tif,177,0.0,0.17983050847457627,Cairo,0,4470,3902.0
Cairo_y2020.tif,293,0.0,0.12426621160409555,Cairo,0,4482,3902.0
Cairo_y2020.tif,409,0.034229828850855744,0.14811735941320292,Cairo,0,4477,3902.0
Cairo_y2020.tif,350,0.11428571428571428,0.19678571428571429,Cairo,0,4494,3902.0
Cairo_y2020.tif,307,0.8175895765472313,0.32977198697068405,Cairo,1,4509,3902.0
Cairo_y2020.tif,343,0.8513119533527697,0.33620991253644317,Cairo,1,4514,3902.0
Cairo_y2020.tif,418,1.0,0.4163995215311005,Cairo,1,4467,3902.0
Cairo_y2020.tif,320,0.034375,0.220921875,Cairo,0,4493,3902.0
Cairo_y2020.tif,349,0.6962750716332379,0.3192979942693409,Cairo,0,4524,3902.0
Cairo_y2020.tif,255,0.11372549019607843,0.2549607843137255,Cairo,0,4500,3902.0
Cairo_y2020.tif,354,0.5903954802259888,0.2942514124293785,Cairo,1,4538,3902.0
Cairo_y2020.tif,590,0.9508474576271186,0.3619661016949153,Cairo,0,4541,3902.0
Cairo_y2020.tif,552,0.7373188405797102,0.303161231884058,Cairo,0,4550,3902.0
Cairo_y2020.tif,440,0.2159090909090909,0.17115909090909093,Cairo,1,4577,3902.0
Cairo_y2020.tif,440,0.0,0.07697727272727274,Cairo,0,4506,3902.0
Cairo_y2020.tif,692,0.07514450867052024,0.21853323699421964,Cairo,0,4498,3902.0
Cairo_y2020.tif,202,0.0,0.09646039603960396,Cairo,0,4507,3902.0
Cairo_y2020.tif,368,0.0,0.1741304347826087,Cairo,0,4515,3902.0
Cairo_y2020.tif,278,0.01079136690647482,0.15480215827338129,Cairo,0,4521,3902.0
Cairo_y2020.tif,703,0.0,0.10826458036984353,Cairo,0,4557,3902.0
Cairo_y2020.tif,486,0.16872427983539096,0.22342592592592592,Cairo,0,4553,3902.0
Cairo_y2020.tif,183,0.0,0.09590163934426228,Cairo,1,4531,3902.0
Cairo_y2020.tif,438,0.0,0.13218036529680366,Cairo,0,4561,3902.0
Cairo_y2020.tif,324,0.0,0.12473765432098766,Cairo,0,4555,3902.0
Cairo_y2020.tif,360,0.9944444444444445,0.3965833333333333,Cairo,1,4160,3902.0
Cairo_y2020.tif,424,0.9787735849056604,0.3891037735849057,Cairo,1,4170,3902.0
Cairo_y2020.tif,456,0.9802631578947368,0.38622807017543853,Cairo,0,4177,3902.0
Cairo_y2020.tif,480,0.9166666666666666,0.36733333333333335,Cairo,1,4216,3902.0
Cairo_y2020.tif,481,0.004158004158004158,0.19698544698544698,Cairo,0,4130,3902.0
Cairo_y2020.tif,488,0.9569672131147541,0.3734631147540984,Cairo,1,4158,3902.0
Cairo_y2020.tif,246,0.5691056910569106,0.275,Cairo,1,4229,3902.0
Cairo_y2020.tif,566,0.04063604240282685,0.1883480565371025,Cairo,1,4237,3902.0
Cairo_y2020.tif,447,0.024608501118568233,0.1895413870246085,Cairo,1,4219,3902.0
Cairo_y2020.tif,444,0.24774774774774774,0.20667792792792797,Cairo,0,4324,3902.0
Cairo_y2020.tif,399,0.49373433583959897,0.2688721804511278,Cairo,0,4222,3902.0
Cairo_y2020.tif,199,0.7487437185929648,0.3084673366834171,Cairo,1,4254,3902.0
Cairo_y2020.tif,213,0.7417840375586855,0.2984272300469484,Cairo,1,4266,3902.0
Cairo_y2020.tif,568,1.0,0.4209154929577465,Cairo,1,4221,3902.0
Cairo_y2020.tif,311,0.7813504823151125,0.3266237942122187,Cairo,0,4259,3902.0
Cairo_y2020.tif,539,0.9016697588126159,0.3335899814471243,Cairo,1,4349,3902.0
Cairo_y2020.tif,334,1.0,0.42555389221556883,Cairo,1,4277,3902.0
Cairo_y2020.tif,484,0.8966942148760331,0.3284917355371901,Cairo,1,4370,3902.0
Cairo_y2020.tif,173,1.0,0.41751445086705197,Cairo,1,4299,3902.0
Cairo_y2020.tif,3868,0.3456566701137539,0.1757445708376422,Cairo,0,4480,3902.0
Cairo_y2020.tif,910,0.0,0.17784615384615385,Cairo,1,4374,3902.0
Cairo_y2020.tif,1207,0.6470588235294118,0.28432062966031485,Cairo,1,4427,3902.0
Cairo_y2020.tif,875,0.656,0.29432571428571425,Cairo,1,4448,3902.0
Cairo_y2020.tif,223,0.0,0.07778026905829598,Cairo,1,4364,3902.0
Cairo_y2020.tif,648,0.19135802469135801,0.24511574074074075,Cairo,1,4452,3902.0
Cairo_y2020.tif,922,0.0,0.16377440347071584,Cairo,1,4456,3902.0
Cairo_y2020.tif,227,0.0,0.1477533039647577,Cairo,0,4372,3902.0
Cairo_y2020.tif,428,0.8691588785046729,0.3406658878504673,Cairo,1,4443,3902.0
Cairo_y2020.tif,222,0.0,0.06441441441441441,Cairo,0,4419,3902.0
Cairo_y2020.tif,572,0.0,0.071486013986014,Cairo,0,4447,3902.0
Cairo_y2020.tif,457,0.8643326039387309,0.3287746170678337,Cairo,1,4304,3902.0
Cairo_y2020.tif,190,1.0,0.39171052631578945,Cairo,1,4327,3902.0
Cairo_y2020.tif,248,0.9879032258064516,0.33423387096774193,Cairo,1,4365,3902.0
Cairo_y2020.tif,291,0.6116838487972509,0.23151202749140895,Cairo,1,4388,3902.0
Cairo_y2020.tif,248,0.5524193548387096,0.25560483870967743,Cairo,0,4356,3902.0
Cairo_y2020.tif,367,0.1907356948228883,0.15197547683923707,Cairo,1,4386,3902.0
Cairo_y2020.tif,1538,0.39466840052015606,0.20730494148244474,Cairo,1,4463,3902.0
Cairo_y2020.tif,521,0.06525911708253358,0.13056621880998082,Cairo,0,4464,3902.0
Cairo_y2020.tif,211,0.004739336492890996,0.15168246445497632,Cairo,0,4483,3902.0
Cairo_y2020.tif,462,0.021645021645021644,0.17846320346320346,Cairo,0,4499,3902.0
Cairo_y2020.tif,567,0.5837742504409171,0.23820105820105822,Cairo,0,4384,3902.0
Cairo_y2020.tif,1257,0.9832935560859188,0.33158313444709625,Cairo,1,4420,3902.0
Cairo_y2020.tif,238,0.4831932773109244,0.18031512605042016,Cairo,0,4426,3902.0
Cairo_y2020.tif,574,0.0,0.11652439024390245,Cairo,0,4481,3902.0
Cairo_y2020.tif,178,0.2247191011235955,0.18595505617977529,Cairo,0,4478,3902.0
Cairo_y2020.tif,197,0.0,0.10870558375634518,Cairo,0,4513,3902.0
Cairo_y2020.tif,290,0.0,0.06712068965517241,Cairo,0,4520,3902.0
Cairo_y2020.tif,962,0.07380457380457381,0.15056652806652807,Cairo,0,4582,3902.0
Cairo_y2020.tif,280,0.0,0.08208928571428571,Cairo,1,4558,3902.0
Cairo_y2020.tif,784,0.0,0.08707270408163266,Cairo,0,4597,3902.0
Cairo_y2020.tif,359,0.09192200557103064,0.2116991643454039,Cairo,1,4604,3902.0
Cairo_y2020.tif,200,0.24,0.22167499999999996,Cairo,0,4607,3902.0
Cairo_y2020.tif,295,0.0,0.11955932203389831,Cairo,1,4602,3902.0
Cairo_y2020.tif,293,0.020477815699658702,0.21081911262798636,Cairo,0,4643,3902.0
Cairo_y2020.tif,486,0.0,0.1490843621399177,Cairo,1,4673,3902.0
Cairo_y2020.tif,1990,0.0020100502512562816,0.05668592964824121,Cairo,0,4687,3902.0
Cairo_y2020.tif,161,0.0,0.11052795031055902,Cairo,1,4674,3902.0
Cairo_y2020.tif,177,0.0,0.08480225988700565,Cairo,1,4675,3902.0
Cairo_y2020.tif,199,0.0,0.09499999999999999,Cairo,0,4677,3902.0
Cairo_y2020.tif,170,0.0,0.1098529411764706,Cairo,1,4678,3902.0
Cairo_y2020.tif,225,0.05333333333333334,0.15264444444444444,Cairo,0,4591,3902.0
Cairo_y2020.tif,3418,0.010825043885313048,0.08638385020479812,Cairo,0,4682,3902.0
Cairo_y2020.tif,607,0.0,0.07883031301482701,Cairo,0,4650,3902.0
Cairo_y2020.tif,1688,0.03139810426540284,0.08547985781990522,Cairo,0,4726,3902.0
Cairo_y2020.tif,227,0.0,0.06550660792951542,Cairo,1,4669,3902.0
Cairo_y2020.tif,438,0.0,0.05031963470319635,Cairo,0,4691,3902.0
Cairo_y2020.tif,1032,0.0,0.04731589147286822,Cairo,0,4769,3902.0
Cairo_y2020.tif,552,0.0,0.07262681159420291,Cairo,0,4788,3902.0
Cairo_y2020.tif,1331,0.0,0.04844853493613825,Cairo,0,4827,3902.0
Cairo_y2020.tif,541,0.0,0.04370609981515712,Cairo,0,4806,3902.0
Cairo_y2020.tif,397,0.060453400503778336,0.20801007556675066,Cairo,0,4523,3902.0
Cairo_y2020.tif,385,0.0,0.12932467532467531,Cairo,1,4503,3902.0
Cairo_y2020.tif,5183,0.35191973760370443,0.16128111132548717,Cairo,1,4690,3902.0
Cairo_y2020.tif,233,0.44206008583690987,0.20678111587982836,Cairo,0,4627,3902.0
Cairo_y2020.tif,459,0.0,0.05934640522875818,Cairo,0,4734,3902.0
Cairo_y2020.tif,620,0.11774193548387096,0.14912903225806454,Cairo,0,4826,3902.0
Cairo_y2020.tif,897,0.0033444816053511705,0.09127090301003345,Cairo,1,4850,3902.0
Cairo_y2020.tif,1278,0.018779342723004695,0.08280516431924882,Cairo,0,4855,3902.0
Cairo_y2020.tif,283,0.0,0.0537279151943463,Cairo,0,4793,3902.0
Cairo_y2020.tif,274,0.0,0.07782846715328468,Cairo,0,4824,3902.0
Cairo_y2020.tif,1006,0.017892644135188866,0.16998508946322066,Cairo,0,4496,3902.0
Cairo_y2020.tif,270,0.0,0.10496296296296295,Cairo,0,4540,3902.0
Cairo_y2020.tif,411,0.0,0.12524330900243308,Cairo,1,4551,3902.0
Cairo_y2020.tif,184,0.0,0.1302717391304348,Cairo,0,4554,3902.0
Cairo_y2020.tif,345,0.0,0.1514782608695652,Cairo,0,4564,3902.0
Cairo_y2020.tif,353,0.36827195467422097,0.2393342776203966,Cairo,0,4527,3902.0
Cairo_y2020.tif,556,0.012589928057553957,0.12281474820143887,Cairo,0,4574,3902.0
Cairo_y2020.tif,2011,0.008950770760815515,0.06989557434112383,Cairo,0,4645,3902.0
Cairo_y2020.tif,254,0.0,0.06192913385826772,Cairo,1,4743,3902.0
Cairo_y2020.tif,8268,0.01463473633284954,0.05300193517174649,Cairo,0,4923,3902.0
Cairo_y2020.tif,299,0.0,0.07267558528428093,Cairo,0,4798,3902.0
Cairo_y2020.tif,744,0.0,0.023387096774193553,Cairo,0,4882,3902.0
Cairo_y2020.tif,200,0.0,0.027700000000000006,Cairo,0,4801,3902.0
Cairo_y2020.tif,649,0.0,0.032157164869029274,Cairo,0,4868,3902.0
Cairo_y2020.tif,1679,0.0,0.03265336509827278,Cairo,0,4919,3902.0
Cairo_y2020.tif,163,0.0,0.02794478527607362,Cairo,1,4817,3902.0
Cairo_y2020.tif,313,0.0,0.09658146964856229,Cairo,0,4843,3902.0
Cairo_y2020.tif,244,0.0,0.08194672131147543,Cairo,0,4845,3902.0
Cairo_y2020.tif,165,0.0,0.04133333333333333,Cairo,1,4847,3902.0
Cairo_y2020.tif,244,0.0,0.02184426229508197,Cairo,1,4853,3902.0
Cairo_y2020.tif,393,0.183206106870229,0.13782442748091606,Cairo,1,4411,3902.0
Cairo_y2020.tif,286,0.2867132867132867,0.22213286713286715,Cairo,1,4393,3902.0
Cairo_y2020.tif,1294,0.0,0.03234157650695518,Cairo,0,4429,3902.0
Cairo_y2020.tif,323,0.43653250773993807,0.21030959752321984,Cairo,1,4399,3902.0
Cairo_y2020.tif,603,0.3548922056384743,0.23845771144278605,Cairo,1,4378,3902.0
Cairo_y2020.tif,227,0.7929515418502202,0.28914096916299564,Cairo,0,4369,3902.0
Cairo_y2020.tif,258,0.7945736434108527,0.29515503875968996,Cairo,0,4392,3902.0
Cairo_y2020.tif,508,0.655511811023622,0.22676181102362203,Cairo,0,4415,3902.0
Cairo_y2020.tif,274,0.0,0.027445255474452552,Cairo,1,4510,3902.0
Cairo_y2020.tif,4029,0.0,0.01563167038967486,Cairo,0,4592,3902.0
Cairo_y2020.tif,1631,0.03188228080931944,0.07460760269773145,Cairo,0,4398,3902.0
Cairo_y2020.tif,1135,0.006167400881057269,0.10284140969162996,Cairo,0,4439,3902.0
Cairo_y2020.tif,304,0.0,0.08041118421052632,Cairo,0,4434,3902.0
Cairo_y2020.tif,750,0.044,0.12591333333333335,Cairo,1,4471,3902.0
Cairo_y2020.tif,1081,0.0,0.06796022201665125,Cairo,0,4486,3902.0
Cairo_y2020.tif,649,0.10939907550077041,0.10155624036979968,Cairo,0,4475,3902.0
Cairo_y2020.tif,976,0.08094262295081968,0.1288831967213115,Cairo,1,4586,3902.0
Cairo_y2020.tif,717,0.17433751743375175,0.12193165969316598,Cairo,0,4526,3902.0
Cairo_y2020.tif,648,0.004629629629629629,0.15509259259259262,Cairo,1,4573,3902.0
Cairo_y2020.tif,605,0.16198347107438016,0.2301404958677686,Cairo,1,4572,3902.0
Cairo_y2020.tif,851,0.2056404230317274,0.15351938895417158,Cairo,0,4562,3902.0
Cairo_y2020.tif,701,0.62339514978602,0.28767475035663337,Cairo,1,4588,3902.0
Cairo_y2020.tif,691,0.7409551374819102,0.2511143270622287,Cairo,0,4630,3902.0
Cairo_y2020.tif,586,0.643344709897611,0.26379692832764506,Cairo,1,4620,3902.0
Cairo_y2020.tif,923,0.02925243770314193,0.11060671722643554,Cairo,1,4640,3902.0
Cairo_y2020.tif,212,0.9764150943396226,0.35806603773584905,Cairo,1,4652,3902.0
Cairo_y2020.tif,181,1.0,0.4119060773480663,Cairo,1,4659,3902.0
Cairo_y2020.tif,300,0.13,0.16483333333333333,Cairo,0,4662,3902.0
Cairo_y2020.tif,587,0.9574105621805792,0.36034923339011926,Cairo,1,4692,3902.0
Cairo_y2020.tif,518,0.8841698841698842,0.36914092664092657,Cairo,1,4689,3902.0
Cairo_y2020.tif,502,0.24302788844621515,0.21618525896414345,Cairo,0,4603,3902.0
Cairo_y2020.tif,406,0.45320197044334976,0.20423645320197042,Cairo,0,4615,3902.0
Cairo_y2020.tif,1793,0.03290574456218628,0.10747908533184605,Cairo,0,4656,3902.0
Cairo_y2020.tif,239,0.0,0.08010460251046025,Cairo,0,4660,3902.0
Cairo_y2020.tif,267,0.6591760299625468,0.23220973782771537,Cairo,0,4655,3902.0
Cairo_y2020.tif,426,0.4107981220657277,0.22954225352112678,Cairo,1,4681,3902.0
Cairo_y2020.tif,136,0.5808823529411765,0.18051470588235294,Cairo,1,4683,3902.0
Cairo_y2020.tif,4715,0.0,0.03508589607635207,Cairo,0,4972,3902.0
Cairo_y2020.tif,356,0.0,0.06827247191011236,Cairo,1,4680,3902.0
Cairo_y2020.tif,241,0.0,0.05346473029045644,Cairo,0,4724,3902.0
Cairo_y2020.tif,680,0.08529411764705883,0.1804558823529412,Cairo,0,4723,3902.0
Cairo_y2020.tif,239,0.0041841004184100415,0.1851255230125523,Cairo,1,4700,3902.0
Cairo_y2020.tif,387,0.0,0.028307493540051683,Cairo,0,4715,3902.0
Cairo_y2020.tif,232,0.0,0.11170258620689655,Cairo,0,4733,3902.0
Cairo_y2020.tif,1637,0.01588271227855834,0.06673182651191203,Cairo,0,4742,3902.0
Cairo_y2020.tif,352,0.0,0.03137784090909091,Cairo,0,4745,3902.0
Cairo_y2020.tif,131,0.0,0.03148854961832061,Cairo,1,4771,3902.0
Cairo_y2020.tif,513,0.0,0.048011695906432755,Cairo,0,4802,3902.0
Cairo_y2020.tif,159,0.0,0.027327044025157225,Cairo,1,4776,3902.0
Cairo_y2020.tif,462,0.0,0.08313852813852814,Cairo,0,4797,3902.0
Cairo_y2020.tif,327,0.0,0.049067278287461755,Cairo,0,4749,3902.0
Cairo_y2020.tif,209,0.0,0.049712918660287084,Cairo,0,4748,3902.0
Cairo_y2020.tif,545,0.0,0.05442201834862385,Cairo,1,4784,3902.0
Cairo_y2020.tif,236,0.0,0.044766949152542375,Cairo,0,4787,3902.0
Cairo_y2020.tif,182,0.0,0.04678571428571428,Cairo,0,4786,3902.0
Cairo_y2020.tif,169,0.0,0.04784023668639053,Cairo,1,4785,3902.0
Cairo_y2020.tif,380,0.0,0.08717105263157894,Cairo,0,4796,3902.0
Cairo_y2020.tif,234,0.0,0.03685897435897436,Cairo,0,4820,3902.0
Cairo_y2020.tif,172,0.0,0.05026162790697674,Cairo,0,4821,3902.0
Cairo_y2020.tif,179,0.0,0.036508379888268154,Cairo,1,4822,3902.0
Cairo_y2020.tif,1142,0.2583187390542907,0.2039492119089317,Cairo,1,4766,3902.0
Cairo_y2020.tif,672,1.0,0.40546130952380954,Cairo,1,4752,3902.0
Cairo_y2020.tif,1134,0.9144620811287478,0.3385846560846561,Cairo,1,4756,3902.0
Cairo_y2020.tif,473,0.7082452431289641,0.25926004228329813,Cairo,1,4763,3902.0
Cairo_y2020.tif,684,1.0,0.34596491228070175,Cairo,1,4813,3902.0
Cairo_y2020.tif,1357,0.11864406779661017,0.14151805453205601,Cairo,0,4844,3902.0
Cairo_y2020.tif,581,0.9672977624784854,0.33711703958691913,Cairo,1,4835,3902.0
Cairo_y2020.tif,257,0.2529182879377432,0.18523346303501947,Cairo,1,4864,3902.0
Cairo_y2020.tif,930,0.975268817204301,0.35053763440860214,Cairo,1,4879,3902.0
Cairo_y2020.tif,307,0.3941368078175896,0.2410097719869707,Cairo,1,4880,3902.0
Cairo_y2020.tif,372,0.010752688172043012,0.09849462365591398,Cairo,0,4841,3902.0
Cairo_y2020.tif,332,0.0,0.0421987951807229,Cairo,1,4865,3902.0
Cairo_y2020.tif,168,0.0,0.035357142857142865,Cairo,0,4866,3902.0
Cairo_y2020.tif,160,0.0,0.05353125000000001,Cairo,1,4867,3902.0
Cairo_y2020.tif,234,0.0,0.04931623931623932,Cairo,0,4869,3902.0
Cairo_y2020.tif,164,0.0,0.034847560975609766,Cairo,0,4891,3902.0
Cairo_y2020.tif,169,0.0,0.04452662721893491,Cairo,1,4893,3902.0
Cairo_y2020.tif,165,0.0,0.05824242424242424,Cairo,1,4894,3902.0
Cairo_y2020.tif,225,0.0,0.044244444444444454,Cairo,0,4895,3902.0
Cairo_y2020.tif,1128,0.0,0.05193262411347518,Cairo,0,4914,3902.0
Cairo_y2020.tif,327,0.8012232415902141,0.25185015290519874,Cairo,0,4857,3902.0
Cairo_y2020.tif,451,0.19955654101995565,0.17339246119733925,Cairo,1,4881,3902.0
Cairo_y2020.tif,1163,0.5150472914875323,0.24853396388650045,Cairo,1,4901,3902.0
Cairo_y2020.tif,408,0.9754901960784313,0.3027328431372549,Cairo,1,4902,3902.0
Cairo_y2020.tif,271,0.0,0.09771217712177123,Cairo,0,4938,3902.0
Cairo_y2020.tif,277,0.49458483754512633,0.23992779783393506,Cairo,1,4928,3902.0
Cairo_y2020.tif,252,1.0,0.3548412698412698,Cairo,1,4963,3902.0
Cairo_y2020.tif,210,0.8809523809523809,0.30673809523809525,Cairo,1,4973,3902.0
Cairo_y2020.tif,680,1.0,0.37314705882352944,Cairo,1,4946,3902.0
Cairo_y2020.tif,671,0.18479880774962743,0.1688822652757079,Cairo,1,5001,3902.0
Cairo_y2020.tif,520,0.5942307692307692,0.2922980769230769,Cairo,1,4906,3902.0
Cairo_y2020.tif,529,0.500945179584121,0.2676275992438564,Cairo,1,4926,3902.0
Cairo_y2020.tif,339,0.0,0.07218289085545722,Cairo,1,4948,3902.0
Cairo_y2020.tif,601,0.9916805324459235,0.3797587354409318,Cairo,1,4918,3902.0
Cairo_y2020.tif,221,0.004524886877828055,0.15789592760180998,Cairo,0,4934,3902.0
Cairo_y2020.tif,364,0.9368131868131868,0.3337087912087912,Cairo,1,4966,3902.0
Cairo_y2020.tif,346,0.33236994219653176,0.23430635838150288,Cairo,1,4999,3902.0
Cairo_y2020.tif,266,0.0,0.11454887218045114,Cairo,0,4965,3902.0
Cairo_y2020.tif,952,0.4107142857142857,0.2374159663865546,Cairo,1,5016,3902.0
Cairo_y2020.tif,326,0.0,0.08418711656441717,Cairo,1,5007,3902.0
Cairo_y2020.tif,255,0.0,0.05945098039215686,Cairo,0,4773,3902.0
Cairo_y2020.tif,191,0.1518324607329843,0.11934554973821991,Cairo,1,4779,3902.0
Cairo_y2020.tif,225,0.044444444444444446,0.10853333333333334,Cairo,0,4809,3902.0
Cairo_y2020.tif,244,0.0,0.07327868852459017,Cairo,0,4852,3902.0
Cairo_y2020.tif,686,0.0,0.057172011661807576,Cairo,0,4921,3902.0
Cairo_y2020.tif,424,0.0,0.06778301886792454,Cairo,0,4942,3902.0
Cairo_y2020.tif,413,0.0,0.07652542372881357,Cairo,0,4964,3902.0
Cairo_y2020.tif,2533,0.0015791551519936833,0.06671733122779314,Cairo,0,5078,3902.0
Cairo_y2020.tif,412,0.0,0.07020631067961165,Cairo,0,5027,3902.0
Cairo_y2020.tif,230,0.0,0.0771304347826087,Cairo,0,5022,3902.0
Cairo_y2020.tif,403,0.0,0.06145161290322581,Cairo,0,4830,3902.0
Cairo_y2020.tif,323,0.0,0.033250773993808054,Cairo,0,4859,3902.0
Cairo_y2020.tif,1826,0.001095290251916758,0.076013143483023,Cairo,0,4933,3902.0
Cairo_y2020.tif,321,0.0,0.03378504672897197,Cairo,0,4878,3902.0
Cairo_y2020.tif,448,0.0,0.036171875000000006,Cairo,0,4889,3902.0
Cairo_y2020.tif,238,0.0,0.0523529411764706,Cairo,0,4907,3902.0
Cairo_y2020.tif,2608,0.0,0.04606786809815951,Cairo,0,5070,3902.0
Cairo_y2020.tif,378,0.0,0.05661375661375661,Cairo,0,4969,3902.0
Cairo_y2020.tif,2887,0.0,0.04281607204710773,Cairo,0,5105,3902.0
Cairo_y2020.tif,338,0.0,0.044674556213017746,Cairo,1,4994,3902.0
Cairo_y2020.tif,421,0.0,0.045617577197149636,Cairo,0,4846,3902.0
Cairo_y2020.tif,244,0.0,0.042110655737704915,Cairo,0,4903,3902.0
Cairo_y2020.tif,501,0.0,0.06499001996007985,Cairo,0,4909,3902.0
Cairo_y2020.tif,366,0.0,0.047855191256830604,Cairo,1,4922,3902.0
Cairo_y2020.tif,817,0.0,0.04897184822521421,Cairo,0,4953,3902.0
Cairo_y2020.tif,1382,0.01447178002894356,0.055625904486251807,Cairo,0,4996,3902.0
Cairo_y2020.tif,364,0.0521978021978022,0.20184065934065934,Cairo,0,4976,3902.0
Cairo_y2020.tif,214,0.014018691588785047,0.15507009345794392,Cairo,0,4979,3902.0
Cairo_y2020.tif,119,0.14285714285714285,0.25252100840336134,Cairo,1,4984,3902.0
Cairo_y2020.tif,408,0.25980392156862747,0.22676470588235298,Cairo,1,5040,3902.0
Cairo_y2020.tif,204,0.0,0.02811274509803922,Cairo,1,4875,3902.0
Cairo_y2020.tif,1382,0.0,0.047666425470332854,Cairo,0,4967,3902.0
Cairo_y2020.tif,1115,0.0,0.06895515695067264,Cairo,0,4985,3902.0
Cairo_y2020.tif,946,0.0,0.12458773784355182,Cairo,0,5013,3902.0
Cairo_y2020.tif,220,0.0,0.06329545454545454,Cairo,0,4995,3902.0
Cairo_y2020.tif,133,0.0,0.047631578947368414,Cairo,0,5004,3902.0
Cairo_y2020.tif,1193,0.0,0.10736378876781225,Cairo,0,5068,3902.0
Cairo_y2020.tif,232,0.0,0.05838362068965518,Cairo,0,5034,3902.0
Cairo_y2020.tif,963,0.0,0.06796469366562825,Cairo,0,5071,3902.0
Cairo_y2020.tif,240,0.0,0.05406250000000001,Cairo,1,5058,3902.0
Cairo_y2020.tif,293,0.0,0.0829692832764505,Cairo,1,5035,3902.0
Cairo_y2020.tif,124,0.5725806451612904,0.2765725806451614,Cairo,0,5019,3902.0
Cairo_y2020.tif,313,0.0,0.08196485623003195,Cairo,0,5030,3902.0
Cairo_y2020.tif,111,0.4774774774774775,0.28477477477477475,Cairo,0,5015,3902.0
Cairo_y2020.tif,252,0.12698412698412698,0.1789484126984127,Cairo,0,4993,3902.0
Cairo_y2020.tif,154,0.4155844155844156,0.2574675324675324,Cairo,0,5032,3902.0
Cairo_y2020.tif,97,0.020618556701030927,0.2154639175257732,Cairo,1,5038,3902.0
Cairo_y2020.tif,312,0.0,0.13748397435897436,Cairo,1,5079,3902.0
Cairo_y2020.tif,498,0.0,0.12548192771084338,Cairo,1,5085,3902.0
Cairo_y2020.tif,375,0.0,0.14741333333333334,Cairo,0,5062,3902.0
Cairo_y2020.tif,416,0.0,0.07995192307692309,Cairo,1,5090,3902.0
Cairo_y2020.tif,775,0.0,0.09341935483870968,Cairo,0,5094,3902.0
Cairo_y2020.tif,999,0.6396396396396397,0.19578578578578576,Cairo,0,5129,3902.0
Cairo_y2020.tif,275,0.0,0.12334545454545455,Cairo,0,5173,3902.0
Cairo_y2020.tif,280,0.017857142857142856,0.1786607142857143,Cairo,1,5184,3902.0
Cairo_y2020.tif,490,0.1673469387755102,0.19367346938775512,Cairo,1,5213,3902.0
Cairo_y2020.tif,582,0.0,0.10607388316151202,Cairo,1,5170,3902.0
Cairo_y2020.tif,1369,0.9152666179693206,0.2820525931336742,Cairo,0,5246,3902.0
Cairo_y2020.tif,611,0.0,0.13754500818330603,Cairo,1,5226,3902.0
Cairo_y2020.tif,206,0.043689320388349516,0.1926941747572816,Cairo,0,5267,3902.0
Cairo_y2020.tif,295,0.0,0.05871186440677966,Cairo,0,5023,3902.0
Cairo_y2020.tif,372,0.0,0.12364247311827958,Cairo,1,5046,3902.0
Cairo_y2020.tif,414,0.0,0.11885265700483091,Cairo,0,5074,3902.0
Cairo_y2020.tif,509,0.0,0.03787819253438114,Cairo,0,5159,3902.0
Cairo_y2020.tif,592,0.0,0.10307432432432433,Cairo,1,5138,3902.0
Cairo_y2020.tif,351,0.0,0.040071225071225076,Cairo,0,5141,3902.0
Cairo_y2020.tif,273,0.0,0.058901098901098896,Cairo,1,5122,3902.0
Cairo_y2020.tif,105,0.0,0.07009523809523809,Cairo,1,5125,3902.0
Cairo_y2020.tif,323,0.0,0.04913312693498452,Cairo,1,5182,3902.0
Cairo_y2020.tif,317,0.0,0.036876971608832805,Cairo,0,5225,3902.0
Cairo_y2020.tif,107,0.0,0.1807943925233645,Cairo,0,5061,3902.0
Cairo_y2020.tif,108,0.0,0.1338888888888889,Cairo,0,5088,3902.0
Cairo_y2020.tif,220,0.0,0.13588636363636364,Cairo,0,5120,3902.0
Cairo_y2020.tif,171,0.0,0.08637426900584796,Cairo,1,5128,3902.0
Cairo_y2020.tif,104,0.0,0.10307692307692307,Cairo,0,5123,3902.0
Cairo_y2020.tif,173,0.0,0.08627167630057804,Cairo,1,5131,3902.0
Cairo_y2020.tif,107,0.0,0.08897196261682241,Cairo,1,5127,3902.0
Cairo_y2020.tif,725,0.0,0.0941103448275862,Cairo,1,5166,3902.0
Cairo_y2020.tif,161,0.0,0.058602484472049694,Cairo,0,5114,3902.0
Cairo_y2020.tif,145,0.0,0.05062068965517241,Cairo,1,5139,3902.0
Cairo_y2020.tif,294,0.0,0.05545918367346939,Cairo,0,5072,3902.0
Cairo_y2020.tif,451,0.0,0.08978935698447894,Cairo,0,5113,3902.0
Cairo_y2020.tif,315,0.0,0.03858730158730159,Cairo,0,5109,3902.0
Cairo_y2020.tif,590,0.0,0.10427118644067795,Cairo,0,5111,3902.0
Cairo_y2020.tif,257,0.0,0.042976653696498064,Cairo,0,5108,3902.0
Cairo_y2020.tif,447,0.0,0.03461968680089486,Cairo,0,5162,3902.0
Cairo_y2020.tif,257,0.0,0.03157587548638133,Cairo,1,5160,3902.0
Cairo_y2020.tif,333,0.0,0.06060060060060061,Cairo,0,5165,3902.0
Cairo_y2020.tif,566,0.0,0.09263250883392227,Cairo,0,5205,3902.0
Cairo_y2020.tif,334,0.0,0.03158682634730539,Cairo,0,5211,3902.0
Cairo_y2020.tif,255,0.0,0.04737254901960785,Cairo,0,5178,3902.0
Cairo_y2020.tif,107,0.0,0.047803738317757014,Cairo,0,5176,3902.0
Cairo_y2020.tif,162,0.0,0.04586419753086419,Cairo,0,5177,3902.0
Cairo_y2020.tif,317,0.0,0.06977917981072557,Cairo,0,5164,3902.0
Cairo_y2020.tif,159,0.0,0.05031446540880502,Cairo,0,5174,3902.0
Cairo_y2020.tif,126,0.0,0.047222222222222235,Cairo,0,5183,3902.0
Cairo_y2020.tif,177,0.0,0.05906779661016948,Cairo,0,5192,3902.0
Cairo_y2020.tif,117,0.0,0.08965811965811966,Cairo,0,5208,3902.0
Cairo_y2020.tif,87,0.0,0.07178160919540232,Cairo,0,5203,3902.0
Cairo_y2020.tif,498,0.0,0.0890863453815261,Cairo,0,5235,3902.0
Cairo_y2020.tif,476,0.0,0.10205882352941176,Cairo,0,4438,3902.0
Cairo_y2020.tif,890,0.0,0.09447752808988764,Cairo,1,4492,3902.0
Cairo_y2020.tif,822,0.0,0.11531630170316301,Cairo,0,4501,3902.0
Cairo_y2020.tif,845,0.0,0.07572781065088757,Cairo,0,4508,3902.0
Cairo_y2020.tif,698,0.0,0.031389684813753586,Cairo,0,4469,3902.0
Cairo_y2020.tif,472,0.0,0.038220338983050856,Cairo,1,4453,3902.0
Cairo_y2020.tif,840,0.0,0.04301785714285715,Cairo,0,4511,3902.0
Cairo_y2020.tif,1277,0.0,0.04072435395458105,Cairo,0,4528,3902.0
Cairo_y2020.tif,1157,0.0,0.03269230769230769,Cairo,0,4539,3902.0
Cairo_y2020.tif,596,0.0,0.026543624161073826,Cairo,1,4485,3902.0
Cairo_y2020.tif,410,0.0,0.05884146341463414,Cairo,0,4428,3902.0
Cairo_y2020.tif,862,0.19489559164733178,0.21488399071925757,Cairo,1,4412,3902.0
Cairo_y2020.tif,443,0.0,0.033837471783295714,Cairo,0,4441,3902.0
Cairo_y2020.tif,1244,0.0409967845659164,0.09409163987138265,Cairo,0,4488,3902.0
Cairo_y2020.tif,1056,0.0,0.02988636363636364,Cairo,0,4473,3902.0
Cairo_y2020.tif,387,0.0,0.04343669250645994,Cairo,0,4495,3902.0
Cairo_y2020.tif,463,0.0,0.037105831533477324,Cairo,0,4466,3902.0
Cairo_y2020.tif,339,0.0,0.052728613569321535,Cairo,0,4505,3902.0
Cairo_y2020.tif,365,0.0,0.050753424657534255,Cairo,0,4517,3902.0
Cairo_y2020.tif,1006,0.0,0.09754473161033798,Cairo,0,4497,3902.0
Cairo_y2020.tif,1608,0.0018656716417910447,0.11040733830845771,Cairo,1,4487,3902.0
Cairo_y2020.tif,277,0.0,0.1397111913357401,Cairo,0,4442,3902.0
Cairo_y2020.tif,386,0.0,0.1019041450777202,Cairo,0,4476,3902.0
Cairo_y2020.tif,180,0.0,0.12319444444444443,Cairo,0,4460,3902.0
Cairo_y2020.tif,652,0.0,0.11976993865030676,Cairo,1,4516,3902.0
Cairo_y2020.tif,577,0.0,0.06701906412478337,Cairo,1,4502,3902.0
Cairo_y2020.tif,310,0.0,0.1686451612903226,Cairo,0,4545,3902.0
Cairo_y2020.tif,346,0.45375722543352603,0.2794219653179191,Cairo,1,4536,3902.0
Cairo_y2020.tif,301,0.026578073089700997,0.21945182724252493,Cairo,0,4563,3902.0
Cairo_y2020.tif,185,0.6216216216216216,0.3041891891891892,Cairo,0,4525,3902.0
Cairo_y2020.tif,829,0.2255729794933655,0.20288299155609169,Cairo,1,4549,3902.0
Cairo_y2020.tif,416,0.3173076923076923,0.26778846153846153,Cairo,0,4584,3902.0
Cairo_y2020.tif,554,0.0,0.12001805054151626,Cairo,0,4556,3902.0
Cairo_y2020.tif,1011,0.05242334322453017,0.1728437190900099,Cairo,1,4621,3902.0
Cairo_y2020.tif,299,0.016722408026755852,0.11856187290969898,Cairo,0,4587,3902.0
Cairo_y2020.tif,922,0.2440347071583514,0.21126898047722345,Cairo,0,4629,3902.0
Cairo_y2020.tif,389,0.961439588688946,0.3038560411311054,Cairo,0,4616,3902.0
Cairo_y2020.tif,752,0.22739361702127658,0.20878324468085105,Cairo,0,4649,3902.0
Cairo_y2020.tif,782,0.7404092071611253,0.2895460358056266,Cairo,1,4618,3902.0
Cairo_y2020.tif,316,0.015822784810126583,0.14306962025316458,Cairo,0,4619,3902.0
Cairo_y2020.tif,407,0.0,0.027800982800982803,Cairo,0,4484,3902.0
Cairo_y2020.tif,394,0.0,0.03865482233502538,Cairo,0,4534,3902.0
Cairo_y2020.tif,795,0.03018867924528302,0.11967295597484277,Cairo,0,4547,3902.0
Cairo_y2020.tif,554,0.0036101083032490976,0.09236462093862816,Cairo,0,4532,3902.0
Cairo_y2020.tif,455,0.0,0.03728571428571429,Cairo,0,4552,3902.0
Cairo_y2020.tif,491,0.0,0.03518329938900204,Cairo,1,4566,3902.0
Cairo_y2020.tif,628,0.0,0.02059713375796178,Cairo,1,4581,3902.0
Cairo_y2020.tif,962,0.0,0.037068607068607075,Cairo,0,4626,3902.0
Cairo_y2020.tif,582,0.0,0.05081615120274914,Cairo,0,4575,3902.0
Cairo_y2020.tif,822,0.0,0.02839416058394161,Cairo,0,4665,3902.0
Cairo_y2020.tif,308,0.0,0.04842532467532467,Cairo,0,4542,3902.0
Cairo_y2020.tif,1724,0.0,0.04379640371229698,Cairo,0,4595,3902.0
Cairo_y2020.tif,573,0.0,0.02630890052356021,Cairo,0,4571,3902.0
Cairo_y2020.tif,609,0.0,0.04777504105090312,Cairo,0,4567,3902.0
Cairo_y2020.tif,590,0.0,0.02766101694915254,Cairo,0,4559,3902.0
Cairo_y2020.tif,655,0.0,0.046473282442748086,Cairo,0,4568,3902.0
Cairo_y2020.tif,786,0.0,0.056692111959287535,Cairo,1,4606,3902.0
Cairo_y2020.tif,756,0.0,0.05316137566137566,Cairo,0,4634,3902.0
Cairo_y2020.tif,485,0.0,0.024484536082474233,Cairo,0,4612,3902.0
Cairo_y2020.tif,586,0.0,0.07198805460750854,Cairo,1,4631,3902.0
Cairo_y2020.tif,714,0.0,0.03190476190476191,Cairo,0,4593,3902.0
Cairo_y2020.tif,730,0.0,0.027130136986301373,Cairo,0,4672,3902.0
Cairo_y2020.tif,500,0.0,0.034620000000000005,Cairo,0,4611,3902.0
Cairo_y2020.tif,917,0.0,0.03779716466739367,Cairo,0,4617,3902.0
Cairo_y2020.tif,698,0.0,0.025007163323782233,Cairo,0,4610,3902.0
Cairo_y2020.tif,1135,0.00881057268722467,0.08701762114537447,Cairo,0,4594,3902.0
Cairo_y2020.tif,542,0.0,0.04135608856088561,Cairo,0,4614,3902.0
Cairo_y2020.tif,1567,0.0,0.022083599234205487,Cairo,1,4708,3902.0
Cairo_y2020.tif,444,0.0,0.02935810810810811,Cairo,0,4667,3902.0
Cairo_y2020.tif,617,0.0,0.022512155591572124,Cairo,0,4651,3902.0
Cairo_y2020.tif,857,0.0,0.047642940490081685,Cairo,0,4647,3902.0
Cairo_y2020.tif,591,0.0,0.14522842639593908,Cairo,0,4601,3902.0
Cairo_y2020.tif,945,0.2677248677248677,0.18423809523809526,Cairo,1,4633,3902.0
Cairo_y2020.tif,548,0.0,0.04068430656934307,Cairo,0,4663,3902.0
Cairo_y2020.tif,846,0.0,0.04949172576832152,Cairo,0,4696,3902.0
Cairo_y2020.tif,646,0.9256965944272446,0.3261764705882353,Cairo,1,4695,3902.0
Cairo_y2020.tif,815,0.37668711656441717,0.24174233128834358,Cairo,0,4754,3902.0
Cairo_y2020.tif,1117,0.03043867502238138,0.14128021486123546,Cairo,0,4717,3902.0
Cairo_y2020.tif,544,0.4522058823529412,0.2388143382352941,Cairo,0,4720,3902.0
Cairo_y2020.tif,1737,0.0,0.08089810017271157,Cairo,0,4783,3902.0
Cairo_y2020.tif,514,0.2490272373540856,0.23144941634241245,Cairo,0,4637,3902.0
Cairo_y2020.tif,616,0.5340909090909091,0.25956168831168835,Cairo,0,4657,3902.0
Cairo_y2020.tif,868,0.5794930875576036,0.2766359447004608,Cairo,0,4654,3902.0
Cairo_y2020.tif,342,0.30994152046783624,0.2436842105263158,Cairo,1,4632,3902.0
Cairo_y2020.tif,548,0.4324817518248175,0.24800182481751826,Cairo,1,4671,3902.0
Cairo_y2020.tif,828,0.026570048309178744,0.11985507246376813,Cairo,0,4705,3902.0
Cairo_y2020.tif,1507,0.79628400796284,0.31582282680822826,Cairo,1,4738,3902.0
Cairo_y2020.tif,1064,0.6691729323308271,0.3097697368421053,Cairo,1,4774,3902.0
Cairo_y2020.tif,1117,1.0,0.4102954341987466,Cairo,1,4808,3902.0
Cairo_y2020.tif,782,0.7404092071611253,0.32711636828644497,Cairo,1,4811,3902.0
Cairo_y2020.tif,2698,0.24314306893995552,0.12208858413639735,Cairo,0,4710,3902.0
Cairo_y2020.tif,592,0.0,0.0470777027027027,Cairo,0,4658,3902.0
Cairo_y2020.tif,363,0.0,0.02020661157024793,Cairo,1,4666,3902.0
Cairo_y2020.tif,721,0.07073509015256588,0.10307905686546462,Cairo,0,4716,3902.0
Cairo_y2020.tif,301,0.0,0.018737541528239202,Cairo,0,4706,3902.0
Cairo_y2020.tif,846,0.0,0.023989361702127662,Cairo,0,4804,3902.0
Cairo_y2020.tif,2460,0.0,0.0413089430894309,Cairo,0,4862,3902.0
Cairo_y2020.tif,1256,0.1321656050955414,0.10536226114649683,Cairo,0,4775,3902.0
Cairo_y2020.tif,492,0.0,0.03451219512195122,Cairo,0,4750,3902.0
Cairo_y2020.tif,332,0.0,0.03134036144578313,Cairo,0,4770,3902.0
Cairo_y2020.tif,349,0.0,0.10541547277936962,Cairo,0,4458,3902.0
Cairo_y2020.tif,381,0.0026246719160104987,0.10999999999999999,Cairo,0,4472,3902.0
Cairo_y2020.tif,612,0.0,0.05439542483660131,Cairo,0,4489,3902.0
Cairo_y2020.tif,319,0.0,0.05492163009404388,Cairo,0,4462,3902.0
Cairo_y2020.tif,179,0.03910614525139665,0.18181564245810056,Cairo,0,4479,3902.0
Cairo_y2020.tif,294,0.0,0.06154761904761905,Cairo,1,4518,3902.0
Cairo_y2020.tif,267,0.0,0.05672284644194756,Cairo,1,4529,3902.0
Cairo_y2020.tif,302,0.0,0.06228476821192053,Cairo,0,4560,3902.0
Cairo_y2020.tif,6843,0.08402747333041063,0.10826245798626334,Cairo,0,4699,3902.0
Cairo_y2020.tif,266,0.0,0.04716165413533835,Cairo,0,4570,3902.0
Cairo_y2020.tif,302,0.0,0.16788079470198677,Cairo,0,4578,3902.0
Cairo_y2020.tif,263,0.0,0.12245247148288972,Cairo,0,4576,3902.0
Cairo_y2020.tif,812,0.013546798029556651,0.12713669950738918,Cairo,0,4596,3902.0
Cairo_y2020.tif,378,0.05026455026455026,0.09252645502645503,Cairo,1,4580,3902.0
Cairo_y2020.tif,822,0.25547445255474455,0.20789537712895376,Cairo,1,4624,3902.0
Cairo_y2020.tif,1004,0.03884462151394422,0.10518426294820717,Cairo,0,4636,3902.0
Cairo_y2020.tif,351,0.41595441595441596,0.23008547008547006,Cairo,0,4609,3902.0
Cairo_y2020.tif,214,0.5607476635514018,0.2494859813084112,Cairo,0,4639,3902.0
Cairo_y2020.tif,1128,0.2296099290780142,0.2301108156028369,Cairo,1,4698,3902.0
Cairo_y2020.tif,847,0.05430932703659976,0.21138134592680047,Cairo,0,4703,3902.0
Cairo_y2020.tif,1075,0.09581395348837209,0.11632093023255814,Cairo,0,4613,3902.0
Cairo_y2020.tif,389,0.0,0.04322622107969151,Cairo,0,4608,3902.0
Cairo_y2020.tif,499,0.7915831663326653,0.21547094188376753,Cairo,0,4653,3902.0
Cairo_y2020.tif,338,0.46745562130177515,0.15319526627218935,Cairo,0,4664,3902.0
Cairo_y2020.tif,792,0.0,0.041874999999999996,Cairo,0,4730,3902.0
Cairo_y2020.tif,242,0.0,0.0547107438016529,Cairo,0,4684,3902.0
Cairo_y2020.tif,189,0.3862433862433862,0.1608730158730159,Cairo,1,4686,3902.0
Cairo_y2020.tif,4913,0.019132912680643193,0.04257378383879504,Cairo,0,4819,3902.0
Cairo_y2020.tif,256,0.046875,0.0999609375,Cairo,1,4709,3902.0
Cairo_y2020.tif,211,0.0,0.07751184834123223,Cairo,0,4729,3902.0
Cairo_y2020.tif,220,0.004545454545454545,0.07675000000000001,Cairo,0,4648,3902.0
Cairo_y2020.tif,306,0.0,0.06859477124183007,Cairo,0,4661,3902.0
Cairo_y2020.tif,218,0.0,0.06327981651376147,Cairo,0,4694,3902.0
Cairo_y2020.tif,410,0.007317073170731708,0.18564634146341466,Cairo,1,4685,3902.0
Cairo_y2020.tif,185,0.0,0.05048648648648649,Cairo,0,4713,3902.0
Cairo_y2020.tif,198,0.0,0.15568181818181817,Cairo,0,4731,3902.0
Cairo_y2020.tif,175,0.0,0.0674857142857143,Cairo,0,4718,3902.0
Cairo_y2020.tif,364,0.8104395604395604,0.2871703296703297,Cairo,1,4765,3902.0
Cairo_y2020.tif,586,0.1296928327645051,0.16935153583617749,Cairo,0,4757,3902.0
Cairo_y2020.tif,424,0.0,0.08777122641509434,Cairo,1,4746,3902.0
Cairo_y2020.tif,939,0.03407880724174654,0.12339723109691161,Cairo,0,4693,3902.0
Cairo_y2020.tif,1353,0.188470066518847,0.16488543976348852,Cairo,0,4721,3902.0
Cairo_y2020.tif,2886,0.09875259875259876,0.10559944559944559,Cairo,0,4791,3902.0
Cairo_y2020.tif,441,0.9659863945578231,0.3011678004535147,Cairo,0,4768,3902.0
Cairo_y2020.tif,708,0.0,0.06425141242937854,Cairo,1,4760,3902.0
Cairo_y2020.tif,671,0.323397913561848,0.22511177347242922,Cairo,0,4767,3902.0
Cairo_y2020.tif,800,0.00375,0.10058125000000001,Cairo,0,4782,3902.0
Cairo_y2020.tif,491,0.0,0.05658859470468431,Cairo,1,4805,3902.0
Cairo_y2020.tif,603,0.41459369817578773,0.2431177446102819,Cairo,0,4839,3902.0
Cairo_y2020.tif,1182,0.021150592216582064,0.06629018612521151,Cairo,1,4837,3902.0
Cairo_y2020.tif,214,0.0,0.06719626168224299,Cairo,0,4739,3902.0
Cairo_y2020.tif,309,0.0,0.04946601941747572,Cairo,0,4758,3902.0
Cairo_y2020.tif,2076,0.019267822736030827,0.11484585741811176,Cairo,0,4810,3902.0
Cairo_y2020.tif,516,0.0,0.15304263565891474,Cairo,0,4829,3902.0
Cairo_y2020.tif,823,0.0,0.1676063183475091,Cairo,1,4848,3902.0
Cairo_y2020.tif,707,0.0,0.16625884016973125,Cairo,0,4884,3902.0
Cairo_y2020.tif,1418,0.0,0.10107898448519041,Cairo,1,4958,3902.0
Cairo_y2020.tif,364,0.0,0.11244505494505494,Cairo,0,4888,3902.0
Cairo_y2020.tif,733,0.0,0.12036152796725784,Cairo,1,4950,3902.0
Cairo_y2020.tif,441,0.0,0.14352607709750567,Cairo,0,4898,3902.0
Cairo_y2020.tif,215,0.0,0.09434883720930233,Cairo,0,4737,3902.0
Cairo_y2020.tif,480,0.0,0.11347916666666666,Cairo,1,4762,3902.0
Cairo_y2020.tif,344,0.0,0.10238372093023256,Cairo,0,4777,3902.0
Cairo_y2020.tif,362,0.0,0.0968232044198895,Cairo,0,4792,3902.0
Cairo_y2020.tif,368,0.5081521739130435,0.1714538043478261,Cairo,0,4840,3902.0
Cairo_y2020.tif,174,0.0,0.10873563218390805,Cairo,0,4842,3902.0
Cairo_y2020.tif,1269,0.4160756501182033,0.17473995271867612,Cairo,0,4886,3902.0
Cairo_y2020.tif,327,0.0,0.12463302752293577,Cairo,0,4863,3902.0
Cairo_y2020.tif,5124,0.005659640905542545,0.06115925058548009,Cairo,0,4981,3902.0
Cairo_y2020.tif,263,0.7984790874524715,0.2768821292775665,Cairo,0,4998,3902.0
Cairo_y2020.tif,1758,0.38054607508532423,0.18381683731513082,Cairo,0,4945,3902.0
Cairo_y2020.tif,1415,0.14911660777385158,0.11652650176678445,Cairo,0,4929,3902.0
Cairo_y2020.tif,2172,0.07642725598526703,0.10511510128913443,Cairo,0,4986,3902.0
Cairo_y2020.tif,881,0.9954597048808173,0.39042565266742335,Cairo,0,4943,3902.0
Cairo_y2020.tif,639,0.2378716744913928,0.16167449139280127,Cairo,0,4954,3902.0
Cairo_y2020.tif,445,0.3235955056179775,0.2027303370786517,Cairo,0,4980,3902.0
Cairo_y2020.tif,1686,0.5148279952550415,0.2751542111506525,Cairo,0,5011,3902.0
Cairo_y2020.tif,871,0.05855338691159587,0.12225028702640643,Cairo,0,5000,3902.0
Cairo_y2020.tif,444,0.0,0.08273648648648649,Cairo,1,5110,3902.0
Cairo_y2020.tif,444,0.0,0.08986486486486486,Cairo,0,5136,3902.0
Cairo_y2020.tif,461,0.013015184381778741,0.13971800433839482,Cairo,1,4911,3902.0
Cairo_y2020.tif,435,0.0,0.1337126436781609,Cairo,1,4939,3902.0
Cairo_y2020.tif,474,0.0,0.07034810126582278,Cairo,0,4935,3902.0
Cairo_y2020.tif,1413,0.0,0.06073602264685067,Cairo,0,4977,3902.0
Cairo_y2020.tif,297,0.0,0.04446127946127946,Cairo,0,4989,3902.0
Cairo_y2020.tif,349,0.0,0.06302292263610315,Cairo,1,5021,3902.0
Cairo_y2020.tif,784,0.0,0.039808673469387754,Cairo,0,5043,3902.0
Cairo_y2020.tif,915,0.0,0.06920765027322405,Cairo,0,5041,3902.0
Cairo_y2020.tif,290,0.0,0.08291379310344826,Cairo,0,5115,3902.0
Cairo_y2020.tif,489,0.0,0.06829243353783232,Cairo,1,5104,3902.0
Cairo_y2020.tif,205,0.0,0.06282926829268294,Cairo,0,5024,3902.0
Cairo_y2020.tif,118,0.4915254237288136,0.2660593220338983,Cairo,0,5029,3902.0
Cairo_y2020.tif,84,0.5952380952380952,0.26702380952380955,Cairo,1,5028,3902.0
Cairo_y2020.tif,200,0.0,0.067425,Cairo,0,5044,3902.0
Cairo_y2020.tif,960,0.0,0.07132291666666667,Cairo,0,5084,3902.0
Cairo_y2020.tif,322,0.006211180124223602,0.14302795031055904,Cairo,1,5089,3902.0
Cairo_y2020.tif,215,0.0,0.045860465116279066,Cairo,0,5047,3902.0
Cairo_y2020.tif,195,0.2205128205128205,0.2355128205128205,Cairo,0,5073,3902.0
Cairo_y2020.tif,85,0.0,0.19211764705882356,Cairo,1,5051,3902.0
Cairo_y2020.tif,238,0.06722689075630252,0.19697478991596637,Cairo,1,5149,3902.0
Cairo_y2020.tif,1985,0.07204030226700252,0.08578841309823679,Cairo,0,3130,3902.0
Cairo_y2020.tif,1701,0.7278071722516167,0.24265138154027044,Cairo,0,3134,3902.0
Cairo_y2020.tif,1193,0.6043587594300084,0.22888097233864207,Cairo,0,3039,3902.0
Cairo_y2020.tif,1621,0.10734114743985194,0.14091301665638495,Cairo,0,3038,3902.0
Cairo_y2020.tif,2012,0.6411530815109344,0.20182157057654077,Cairo,0,3208,3902.0
Cairo_y2020.tif,14083,0.14144713484342825,0.07873535468295106,Cairo,0,3455,3902.0
Cairo_y2020.tif,1384,0.4421965317919075,0.17165823699421967,Cairo,0,3264,3902.0
Cairo_y2020.tif,1616,0.22400990099009901,0.13250618811881187,Cairo,0,3265,3902.0
Cairo_y2020.tif,2824,0.13845609065155806,0.07525318696883854,Cairo,0,3415,3902.0
Cairo_y2020.tif,3524,0.17962542565266743,0.11614500567536888,Cairo,0,3344,3902.0
Cairo_y2020.tif,996,0.007028112449799197,0.048152610441767066,Cairo,0,3165,3902.0
Cairo_y2020.tif,1284,0.6144859813084113,0.19934968847352025,Cairo,0,3182,3902.0
Cairo_y2020.tif,1279,0.16888193901485535,0.0914034401876466,Cairo,0,3266,3902.0
Cairo_y2020.tif,1351,0.11917098445595854,0.07642116950407106,Cairo,0,3317,3902.0
Cairo_y2020.tif,4083,0.010286554004408524,0.03987386725446975,Cairo,0,3406,3902.0
Cairo_y2020.tif,1357,0.061164333087693444,0.06505158437730288,Cairo,0,3424,3902.0
Cairo_y2020.tif,1044,0.9090038314176245,0.2560201149425287,Cairo,0,3429,3902.0
Cairo_y2020.tif,2348,0.7218909710391823,0.208822402044293,Cairo,0,3588,3902.0
Cairo_y2020.tif,1212,0.9579207920792079,0.345730198019802,Cairo,0,3570,3902.0
Cairo_y2020.tif,1169,0.9615055603079555,0.2974080410607357,Cairo,0,3547,3902.0
Cairo_y2020.tif,17870,0.0035254616675993284,0.03951371012870733,Cairo,0,3891,3902.0
Cairo_y2020.tif,1539,0.916829109811566,0.32075698505523065,Cairo,0,3576,3902.0
Cairo_y2020.tif,2212,0.30018083182640143,0.12327079566003617,Cairo,0,3665,3902.0
Cairo_y2020.tif,902,0.4334811529933481,0.14788248337028825,Cairo,0,3687,3902.0
Cairo_y2020.tif,941,0.9606801275239107,0.31023910733262483,Cairo,0,3725,3902.0
Cairo_y2020.tif,1015,0.5527093596059113,0.2047586206896552,Cairo,0,3739,3902.0
Cairo_y2020.tif,1074,0.4581005586592179,0.15266294227188082,Cairo,0,3781,3902.0
Cairo_y2020.tif,2739,0.4158451989777291,0.16326213946695875,Cairo,0,3801,3902.0
Cairo_y2020.tif,1370,0.7766423357664234,0.26552919708029193,Cairo,0,3843,3902.0
Cairo_y2020.tif,1448,0.393646408839779,0.19515883977900556,Cairo,0,3976,3902.0
Cairo_y2020.tif,683,0.986822840409956,0.34601756954612006,Cairo,0,3917,3902.0
Cairo_y2020.tif,1002,1.0,0.4136576846307385,Cairo,1,3975,3902.0
Cairo_y2020.tif,4161,0.5395337659216535,0.19180365296803653,Cairo,0,4103,3902.0
Cairo_y2020.tif,1079,1.0,0.3620991658943466,Cairo,0,4068,3902.0
Cairo_y2020.tif,2920,0.4565068493150685,0.20919349315068494,Cairo,0,4157,3902.0
Cairo_y2020.tif,4088,0.6320939334637965,0.2289041095890411,Cairo,0,4300,3902.0
Cairo_y2020.tif,1108,0.14981949458483754,0.12402978339350182,Cairo,0,4322,3902.0
Cairo_y2020.tif,1668,0.935251798561151,0.35559652278177456,Cairo,0,4232,3902.0
Cairo_y2020.tif,915,0.7868852459016393,0.29768306010928963,Cairo,1,4249,3902.0
Cairo_y2020.tif,1060,0.033962264150943396,0.12670283018867926,Cairo,0,4294,3902.0
Cairo_y2020.tif,1827,0.16037219485495346,0.13500821018062398,Cairo,0,3346,3902.0
Cairo_y2020.tif,1282,0.00546021840873635,0.05673946957878315,Cairo,0,3341,3902.0
Cairo_y2020.tif,1796,0.021158129175946547,0.11552895322939867,Cairo,0,3416,3902.0
Cairo_y2020.tif,1121,0.8331846565566459,0.2753880463871543,Cairo,0,3515,3902.0
Cairo_y2020.tif,2157,0.46824292999536393,0.17466852109411218,Cairo,0,3670,3902.0
Cairo_y2020.tif,97218,0.018576806764179474,0.021293021868378288,Cairo,0,4381,3902.0
Cairo_y2020.tif,2352,0.3562925170068027,0.13892857142857143,Cairo,0,3897,3902.0
Cairo_y2020.tif,30430,0.020571804140650674,0.040332566546171546,Cairo,0,4589,3902.0
Cairo_y2020.tif,6094,0.0,0.040914013784049894,Cairo,0,4644,3902.0
Cairo_y2020.tif,29307,0.15498003889855666,0.09598747739447912,Cairo,0,5065,3902.0
Cairo_y2020.tif,1184,0.28716216216216217,0.1392060810810811,Cairo,0,4310,3902.0
Cairo_y2020.tif,9118,0.22702347005922352,0.11915661329238869,Cairo,0,4465,3902.0
Cairo_y2020.tif,8294,0.24149987943091392,0.13338256571015192,Cairo,0,4522,3902.0
Cairo_y2020.tif,3644,0.22859495060373217,0.10701838638858398,Cairo,0,4457,3902.0
Cairo_y2020.tif,2062,0.24733268671193018,0.15685741998060138,Cairo,0,4519,3902.0
Cairo_y2020.tif,2984,0.0,0.02107573726541555,Cairo,0,4583,3902.0
Cairo_y2020.tif,2052,0.0,0.05552631578947369,Cairo,0,4623,3902.0
Cairo_y2020.tif,2617,0.9973251815055407,0.39120748949178447,Cairo,0,4642,3902.0
Cairo_y2020.tif,5394,0.2992213570634038,0.12938172043010754,Cairo,0,4794,3902.0
Cairo_y2020.tif,5739,0.29848405645582854,0.11618748910960097,Cairo,0,4735,3902.0
Cairo_y2020.tif,7157,0.23124214056168785,0.11809347491965906,Cairo,0,4772,3902.0
Cairo_y2020.tif,8210,0.014859926918392205,0.04646894031668697,Cairo,0,4833,3902.0
Cairo_y2020.tif,1677,0.9516994633273703,0.37428145497912946,Cairo,0,4728,3902.0
Cairo_y2020.tif,2074,0.0,0.02030617164898747,Cairo,0,4860,3902.0
Cairo_y2020.tif,2193,0.0,0.027264021887824893,Cairo,0,4968,3902.0
Cairo_y2020.tif,2443,0.7928776094965206,0.3349242734343021,Cairo,1,4816,3902.0
Cairo_y2020.tif,1243,1.0,0.3732823813354787,Cairo,1,4838,3902.0
Cairo_y2020.tif,7996,0.3002751375687844,0.15841108054027017,Cairo,0,5017,3902.0
Cairo_y2020.tif,2463,0.9890377588306942,0.37153674380836377,Cairo,1,4913,3902.0
Cairo_y2020.tif,1480,1.0,0.35957432432432435,Cairo,0,4990,3902.0
Cairo_y2020.tif,2138,0.006548175865294668,0.04825070159027128,Cairo,0,1862,3902.0
Cairo_y2020.tif,1650,0.0,0.03490606060606061,Cairo,0,1875,3902.0
Cairo_y2020.tif,1013,0.0,0.01564659427443238,Cairo,0,1916,3902.0
Cairo_y2020.tif,1566,0.0,0.0,Cairo,0,1953,3902.0
Cairo_y2020.tif,2376,0.010942760942760943,0.008558501683501684,Cairo,0,1952,3902.0
Cairo_y2020.tif,3357,0.015787905868334822,0.005411081322609474,Cairo,0,2030,3902.0
Cairo_y2020.tif,1322,0.0,0.0,Cairo,0,2137,3902.0
Cairo_y2020.tif,1580,0.0,0.0,Cairo,0,2281,3902.0
Cairo_y2020.tif,11896,0.527488231338265,0.2209448554135844,Cairo,0,7799,3902.0
Cairo_y2020.tif,28860,0.12865557865557867,0.05726437976437976,Cairo,0,8135,3902.0
Cairo_y2020.tif,3676,0.8724156692056583,0.34711099020674646,Cairo,0,5080,3902.0
Cairo_y2020.tif,17597,0.0009660737625731659,0.010294936636926749,Cairo,0,5510,3902.0
Cairo_y2020.tif,1081,1.0,0.3973450508788159,Cairo,0,5060,3902.0
Cairo_y2020.tif,3212,0.016811955168119553,0.040473225404732256,Cairo,0,5207,3902.0
Cairo_y2020.tif,15182,0.11572915294427612,0.04666941114477671,Cairo,0,5692,3902.0
Cairo_y2020.tif,6151,0.25654365143879043,0.12652089091204682,Cairo,0,5355,3902.0
Cairo_y2020.tif,2649,0.8248395620989053,0.290998489996225,Cairo,0,5234,3902.0
Cairo_y2020.tif,4533,0.29649238914626075,0.1161692036179131,Cairo,0,5373,3902.0
Cairo_y2020.tif,4562,0.29504603244191147,0.14192130644454184,Cairo,0,5490,3902.0
Cairo_y2020.tif,1156,0.04498269896193772,0.05511678200692042,Cairo,0,5584,3902.0
Cairo_y2020.tif,4341,0.16194425247638794,0.08764340013821699,Cairo,0,4952,3902.0
Cairo_y2020.tif,1808,0.2295353982300885,0.1503595132743363,Cairo,0,5117,3902.0
Cairo_y2020.tif,4020,0.13084577114427862,0.08701741293532339,Cairo,0,5086,3902.0
Cairo_y2020.tif,15806,0.17037833734025054,0.08647285840819942,Cairo,0,5383,3902.0
Cairo_y2020.tif,12148,0.34812314784326637,0.15059515969706946,Cairo,0,5413,3902.0
Cairo_y2020.tif,14862,0.3924774592921545,0.16560187054232273,Cairo,0,5632,3902.0
Cairo_y2020.tif,39675,0.13073724007561438,0.06318651543793322,Cairo,0,5747,3902.0
Cairo_y2020.tif,15881,0.7681506202380203,0.29653516781059125,Cairo,0,5828,3902.0
Cairo_y2020.tif,497,1.0,0.3681790744466801,Cairo,1,5601,3902.0
Cairo_y2020.tif,12325,0.44056795131845844,0.19298012170385395,Cairo,0,5898,3902.0
Cairo_y2020.tif,2239,0.0,0.028025904421616794,Cairo,1,4858,3902.0
Cairo_y2020.tif,1376,0.0,0.04606831395348837,Cairo,0,4828,3902.0
Cairo_y2020.tif,350,0.0,0.028314285714285715,Cairo,0,4790,3902.0
Cairo_y2020.tif,1153,0.0,0.026366001734605377,Cairo,0,4885,3902.0
Cairo_y2020.tif,421,0.0,0.02623515439429929,Cairo,1,4872,3902.0
Cairo_y2020.tif,331,0.0,0.08131419939577039,Cairo,1,4832,3902.0
Cairo_y2020.tif,737,0.0,0.024925373134328358,Cairo,0,4930,3902.0
Cairo_y2020.tif,345,0.0,0.06530434782608698,Cairo,1,4861,3902.0
Cairo_y2020.tif,604,0.0,0.02769867549668874,Cairo,0,4944,3902.0
Cairo_y2020.tif,966,0.0,0.028390269151138722,Cairo,1,4912,3902.0
Cairo_y2020.tif,605,0.21818181818181817,0.2056115702479339,Cairo,0,4747,3902.0
Cairo_y2020.tif,892,0.017937219730941704,0.14161434977578477,Cairo,1,4753,3902.0
Cairo_y2020.tif,1778,0.01968503937007874,0.13130764904386955,Cairo,0,4823,3902.0
Cairo_y2020.tif,821,0.06090133982947625,0.14098051157125457,Cairo,0,4795,3902.0
Cairo_y2020.tif,1172,0.033276450511945395,0.13876279863481228,Cairo,0,4883,3902.0
Cairo_y2020.tif,586,0.34982935153583616,0.2164419795221843,Cairo,0,4836,3902.0
Cairo_y2020.tif,433,0.0,0.07882217090069284,Cairo,0,4814,3902.0
Cairo_y2020.tif,1075,0.14790697674418604,0.22015348837209303,Cairo,1,4904,3902.0
Cairo_y2020.tif,1367,0.1485003657644477,0.19434162399414778,Cairo,0,4897,3902.0
Cairo_y2020.tif,469,0.0,0.09272921108742004,Cairo,0,4851,3902.0
Cairo_y2020.tif,637,0.5133437990580848,0.2767425431711146,Cairo,0,4825,3902.0
Cairo_y2020.tif,745,0.08859060402684564,0.13198657718120807,Cairo,1,4759,3902.0
Cairo_y2020.tif,388,0.43556701030927836,0.25507731958762886,Cairo,1,4854,3902.0
Cairo_y2020.tif,552,0.018115942028985508,0.16291666666666668,Cairo,0,4874,3902.0
Cairo_y2020.tif,360,0.7388888888888889,0.3004583333333333,Cairo,0,4870,3902.0
Cairo_y2020.tif,1224,0.7230392156862745,0.3385743464052287,Cairo,1,4940,3902.0
Cairo_y2020.tif,662,0.11933534743202417,0.1744788519637462,Cairo,0,4892,3902.0
Cairo_y2020.tif,557,0.6050269299820467,0.27477558348294434,Cairo,1,4896,3902.0
Cairo_y2020.tif,848,0.5660377358490566,0.2694575471698113,Cairo,1,4917,3902.0
Cairo_y2020.tif,636,0.4889937106918239,0.25694182389937104,Cairo,0,4910,3902.0
Cairo_y2020.tif,1165,0.14420600858369098,0.2096394849785408,Cairo,1,4937,3902.0
Cairo_y2020.tif,1644,0.5918491484184915,0.3078832116788321,Cairo,0,4949,3902.0
Cairo_y2020.tif,1611,0.48851644941030414,0.27939788950962136,Cairo,1,4959,3902.0
Cairo_y2020.tif,936,0.0,0.08697649572649573,Cairo,0,4920,3902.0
Cairo_y2020.tif,706,0.5141643059490085,0.27143059490084986,Cairo,0,4962,3902.0
Cairo_y2020.tif,452,0.0,0.11375,Cairo,0,4961,3902.0
Cairo_y2020.tif,1348,0.5801186943620178,0.26218100890207713,Cairo,0,4983,3902.0
Cairo_y2020.tif,690,0.0,0.057362318840579705,Cairo,0,4974,3902.0
Cairo_y2020.tif,387,0.0,0.044521963824289405,Cairo,1,4992,3902.0
Cairo_y2020.tif,974,0.0,0.09965092402464067,Cairo,0,5018,3902.0
Cairo_y2020.tif,776,0.002577319587628866,0.056005154639175256,Cairo,1,4873,3902.0
Cairo_y2020.tif,3766,0.0,0.03331253319171535,Cairo,0,4970,3902.0
Cairo_y2020.tif,3275,0.2100763358778626,0.10055725190839696,Cairo,0,4936,3902.0
Cairo_y2020.tif,942,0.0,0.03201167728237793,Cairo,0,4915,3902.0
Cairo_y2020.tif,642,0.11370716510903427,0.08841900311526481,Cairo,0,4916,3902.0
Cairo_y2020.tif,1207,0.041425020712510356,0.08553852526926264,Cairo,0,5002,3902.0
Cairo_y2020.tif,834,0.26019184652278177,0.17235611510791368,Cairo,0,5008,3902.0
Cairo_y2020.tif,1479,0.9614604462474645,0.34779580797836374,Cairo,0,5053,3902.0
Cairo_y2020.tif,2218,0.0,0.06200405770964832,Cairo,0,5036,3902.0
Cairo_y2020.tif,4469,0.040277466994853434,0.10501342582233161,Cairo,0,5155,3902.0
Cairo_y2020.tif,1940,0.8396907216494846,0.35450515463917526,Cairo,1,5026,3902.0
Cairo_y2020.tif,1074,0.19180633147113593,0.20476722532588457,Cairo,0,4978,3902.0
Cairo_y2020.tif,508,0.045275590551181105,0.1841240157480315,Cairo,0,4997,3902.0
Cairo_y2020.tif,1046,0.08795411089866156,0.19579349904397705,Cairo,1,5121,3902.0
Cairo_y2020.tif,1861,0.5024180548092424,0.2577592692101021,Cairo,0,5083,3902.0
Cairo_y2020.tif,1097,0.7019143117593437,0.310232452142206,Cairo,0,5146,3902.0
Cairo_y2020.tif,1454,0.10110041265474554,0.11280605226960108,Cairo,0,5133,3902.0
Cairo_y2020.tif,1554,0.9388674388674388,0.3498262548262549,Cairo,0,5156,3902.0
Cairo_y2020.tif,908,0.711453744493392,0.3102312775330397,Cairo,0,5202,3902.0
Cairo_y2020.tif,3133,0.015639961698052984,0.09548037025215449,Cairo,0,5336,3902.0
Cairo_y2020.tif,538,0.03717472118959108,0.1658550185873606,Cairo,1,5039,3902.0
Cairo_y2020.tif,412,0.0825242718446602,0.20303398058252428,Cairo,0,5054,3902.0
Cairo_y2020.tif,975,0.8594871794871795,0.32635897435897443,Cairo,0,5037,3902.0
Cairo_y2020.tif,766,0.0,0.1559007832898172,Cairo,1,5096,3902.0
Cairo_y2020.tif,800,0.90625,0.32609375,Cairo,0,5091,3902.0
Cairo_y2020.tif,1777,0.06584130557118739,0.14690489589195274,Cairo,0,5093,3902.0
Cairo_y2020.tif,1156,0.2093425605536332,0.22054498269896192,Cairo,0,5098,3902.0
Cairo_y2020.tif,1050,0.5733333333333334,0.2891285714285714,Cairo,0,5158,3902.0
Cairo_y2020.tif,2242,0.1400535236396075,0.1219558429973238,Cairo,0,5167,3902.0
Cairo_y2020.tif,578,0.1695501730103806,0.21713667820069205,Cairo,0,5185,3902.0
Cairo_y2020.tif,585,0.03418803418803419,0.10752136752136753,Cairo,0,5130,3902.0
Cairo_y2020.tif,2484,0.030998389694041867,0.08998590982286636,Cairo,0,5231,3902.0
Cairo_y2020.tif,2251,0.05952909817858729,0.05810306530430919,Cairo,0,5259,3902.0
Cairo_y2020.tif,1790,0.0,0.03170391061452514,Cairo,0,5321,3902.0
Cairo_y2020.tif,1873,0.33155365723438335,0.19982114255205552,Cairo,0,5232,3902.0
Cairo_y2020.tif,1990,0.3949748743718593,0.18983919597989948,Cairo,0,5229,3902.0
Cairo_y2020.tif,1361,0.28361498897869214,0.20468038207200592,Cairo,0,5268,3902.0
Cairo_y2020.tif,790,0.8253164556962025,0.2990379746835443,Cairo,1,5275,3902.0
Cairo_y2020.tif,594,0.05555555555555555,0.1711026936026936,Cairo,0,5323,3902.0
Cairo_y2020.tif,617,0.06807131280388978,0.1908103727714749,Cairo,0,5352,3902.0
Cairo_y2020.tif,1771,0.0,0.09012422360248448,Cairo,0,5200,3902.0
Cairo_y2020.tif,1783,0.034212002243409985,0.19104879416713402,Cairo,0,5251,3902.0
Cairo_y2020.tif,482,0.0,0.13895228215767633,Cairo,0,5219,3902.0
Cairo_y2020.tif,1141,0.0,0.08617879053461877,Cairo,0,5254,3902.0
Cairo_y2020.tif,1302,0.1674347158218126,0.1644278033794163,Cairo,0,5287,3902.0
Cairo_y2020.tif,1429,0.00979706088173548,0.11621763470958711,Cairo,0,5311,3902.0
Cairo_y2020.tif,1013,0.004935834155972359,0.05567620927936822,Cairo,0,5295,3902.0
Cairo_y2020.tif,664,0.46536144578313254,0.21501506024096384,Cairo,0,5345,3902.0
Cairo_y2020.tif,1328,0.13930722891566266,0.20205195783132535,Cairo,0,5363,3902.0
Cairo_y2020.tif,1510,0.02119205298013245,0.08347682119205299,Cairo,0,5442,3902.0
Cairo_y2020.tif,1269,0.9842395587076438,0.3719582348305752,Cairo,0,5365,3902.0
Cairo_y2020.tif,974,0.18993839835728954,0.212458932238193,Cairo,0,5433,3902.0
Cairo_y2020.tif,3224,0.5803349875930521,0.2404869727047146,Cairo,0,5481,3902.0
Cairo_y2020.tif,2383,0.9152328997062527,0.34786613512379355,Cairo,0,5447,3902.0
Cairo_y2020.tif,2261,0.5422379478107032,0.2365126050420168,Cairo,0,5505,3902.0
Cairo_y2020.tif,2639,0.5555134520651762,0.2496229632436529,Cairo,0,5562,3902.0
Cairo_y2020.tif,1715,0.6448979591836734,0.26223906705539357,Cairo,0,5531,3902.0
Cairo_y2020.tif,978,1.0,0.3930112474437628,Cairo,1,5517,3902.0
Cairo_y2020.tif,923,0.9989165763813651,0.40017876489707477,Cairo,0,5572,3902.0
Cairo_y2020.tif,372,1.0,0.43193548387096775,Cairo,1,5508,3902.0
Cairo_y2020.tif,350,0.14,0.20889999999999997,Cairo,1,5148,3902.0
Cairo_y2020.tif,188,0.0,0.041781914893617024,Cairo,1,5082,3902.0
Cairo_y2020.tif,86,0.0,0.19593023255813952,Cairo,0,5077,3902.0
Cairo_y2020.tif,202,0.20297029702970298,0.20321782178217823,Cairo,0,5150,3902.0
Cairo_y2020.tif,131,0.015267175572519083,0.16106870229007636,Cairo,0,5095,3902.0
Cairo_y2020.tif,109,0.0,0.04486238532110092,Cairo,1,5099,3902.0
Cairo_y2020.tif,221,0.0,0.09429864253393666,Cairo,0,5143,3902.0
Cairo_y2020.tif,134,0.0,0.07679104477611942,Cairo,1,5103,3902.0
Cairo_y2020.tif,77,0.0,0.12162337662337662,Cairo,0,5112,3902.0
Cairo_y2020.tif,147,0.0,0.10772108843537416,Cairo,0,5118,3902.0
Cairo_y2020.tif,366,0.0,0.08310109289617486,Cairo,1,5152,3902.0
Cairo_y2020.tif,431,0.0,0.11755220417633411,Cairo,1,5087,3902.0
Cairo_y2020.tif,374,0.0,0.07171122994652407,Cairo,1,5169,3902.0
Cairo_y2020.tif,965,0.0,0.05320207253886011,Cairo,0,5063,3902.0
Cairo_y2020.tif,837,0.0,0.05094982078853047,Cairo,1,5217,3902.0
Cairo_y2020.tif,621,0.0,0.04380837359098228,Cairo,0,5238,3902.0
Cairo_y2020.tif,499,0.0841683366733467,0.16541082164328658,Cairo,0,5206,3902.0
Cairo_y2020.tif,2954,0.03656059580230196,0.0789895057549086,Cairo,1,5280,3902.0
Cairo_y2020.tif,1439,0.0118137595552467,0.12246351633078528,Cairo,0,5292,3902.0
Cairo_y2020.tif,187,0.32620320855614976,0.1870320855614973,Cairo,1,5216,3902.0
Cairo_y2020.tif,296,0.0,0.07033783783783784,Cairo,0,5076,3902.0
Cairo_y2020.tif,464,0.0,0.09235991379310345,Cairo,0,5101,3902.0
Cairo_y2020.tif,472,0.0,0.051101694915254244,Cairo,1,5116,3902.0
Cairo_y2020.tif,366,0.0,0.031256830601092904,Cairo,1,5134,3902.0
Cairo_y2020.tif,467,0.0,0.023137044967880084,Cairo,0,5135,3902.0
Cairo_y2020.tif,645,0.0,0.11554263565891473,Cairo,0,5151,3902.0
Cairo_y2020.tif,214,0.0,0.11448598130841121,Cairo,1,5196,3902.0
Cairo_y2020.tif,478,0.0,0.02501046025104603,Cairo,0,5157,3902.0
Cairo_y2020.tif,658,0.0,0.1230243161094225,Cairo,0,5224,3902.0
Cairo_y2020.tif,249,0.0,0.13666666666666666,Cairo,0,5179,3902.0
Cairo_y2020.tif,549,0.0,0.07014571948998179,Cairo,0,5161,3902.0
Cairo_y2020.tif,274,0.0,0.14215328467153285,Cairo,0,5199,3902.0
Cairo_y2020.tif,705,0.0,0.13351063829787235,Cairo,1,5223,3902.0
Cairo_y2020.tif,234,0.0,0.02912393162393163,Cairo,1,5218,3902.0
Cairo_y2020.tif,281,0.0,0.18243772241992884,Cairo,1,5239,3902.0
Cairo_y2020.tif,311,0.0,0.07591639871382637,Cairo,0,5247,3902.0
Cairo_y2020.tif,331,0.045317220543806644,0.22900302114803628,Cairo,0,5257,3902.0
Cairo_y2020.tif,697,0.10903873744619799,0.14833572453371593,Cairo,1,5310,3902.0
Cairo_y2020.tif,606,0.10891089108910891,0.19557755775577557,Cairo,0,5305,3902.0
Cairo_y2020.tif,298,0.06040268456375839,0.15394295302013422,Cairo,1,5329,3902.0
Cairo_y2020.tif,249,0.0,0.1257429718875502,Cairo,0,5145,3902.0
Cairo_y2020.tif,176,0.0,0.03582386363636364,Cairo,0,5137,3902.0
Cairo_y2020.tif,167,0.0,0.05829341317365269,Cairo,0,5140,3902.0
Cairo_y2020.tif,99,0.0,0.07308080808080808,Cairo,1,5154,3902.0
Cairo_y2020.tif,880,0.0,0.04738068181818183,Cairo,0,5388,3902.0
Cairo_y2020.tif,3462,0.0,0.04344454072790296,Cairo,0,5427,3902.0
Cairo_y2020.tif,1930,0.0,0.026935233160621762,Cairo,0,5444,3902.0
Cairo_y2020.tif,172,0.0,0.04017441860465116,Cairo,1,5330,3902.0
Cairo_y2020.tif,153,0.0,0.03016339869281046,Cairo,1,5387,3902.0
Cairo_y2020.tif,185,0.0,0.06456756756756757,Cairo,0,5418,3902.0
Cairo_y2020.tif,514,0.013618677042801557,0.09949416342412451,Cairo,0,5309,3902.0
Cairo_y2020.tif,498,0.0,0.10641566265060241,Cairo,0,5303,3902.0
Cairo_y2020.tif,539,0.0,0.12142857142857143,Cairo,0,5272,3902.0
Cairo_y2020.tif,585,0.10256410256410256,0.13618803418803418,Cairo,0,5317,3902.0
Cairo_y2020.tif,397,0.0,0.08871536523929471,Cairo,0,5324,3902.0
Cairo_y2020.tif,515,0.0,0.05168932038834952,Cairo,0,5315,3902.0
Cairo_y2020.tif,743,0.6742934051144011,0.29419919246298787,Cairo,1,5368,3902.0
Cairo_y2020.tif,672,0.4255952380952381,0.2597023809523809,Cairo,1,5301,3902.0
Cairo_y2020.tif,737,1.0,0.4010244233378562,Cairo,1,5430,3902.0
Cairo_y2020.tif,2525,0.002772277227722772,0.08160792079207921,Cairo,0,5513,3902.0
Cairo_y2020.tif,375,0.10133333333333333,0.23409333333333338,Cairo,0,5349,3902.0
Cairo_y2020.tif,279,0.010752688172043012,0.1646057347670251,Cairo,0,5366,3902.0
Cairo_y2020.tif,325,0.0,0.07636923076923077,Cairo,0,5371,3902.0
Cairo_y2020.tif,400,0.3675,0.21530000000000002,Cairo,1,5393,3902.0
Cairo_y2020.tif,380,0.4473684210526316,0.2615,Cairo,0,5405,3902.0
Cairo_y2020.tif,448,0.0,0.10436383928571427,Cairo,0,5428,3902.0
Cairo_y2020.tif,621,0.6328502415458938,0.2915217391304348,Cairo,0,5420,3902.0
Cairo_y2020.tif,549,0.0,0.11856102003642988,Cairo,0,5473,3902.0
Cairo_y2020.tif,267,0.11235955056179775,0.1806367041198502,Cairo,0,5461,3902.0
Cairo_y2020.tif,739,0.8457374830852503,0.3149323410013532,Cairo,1,5455,3902.0
Cairo_y2020.tif,347,0.0,0.0287463976945245,Cairo,1,5403,3902.0
Cairo_y2020.tif,101,0.0,0.04975247524752474,Cairo,1,5406,3902.0
Cairo_y2020.tif,239,0.0,0.02951882845188285,Cairo,0,5453,3902.0
Cairo_y2020.tif,119,0.0,0.041932773109243704,Cairo,0,5454,3902.0
Cairo_y2020.tif,102,0.0,0.02450980392156863,Cairo,0,5449,3902.0
Cairo_y2020.tif,176,0.0,0.09267045454545456,Cairo,1,5486,3902.0
Cairo_y2020.tif,325,0.0,0.07966153846153846,Cairo,0,5497,3902.0
Cairo_y2020.tif,377,0.0,0.07,Cairo,0,5533,3902.0
Cairo_y2020.tif,169,0.0,0.08467455621301774,Cairo,0,5526,3902.0
Cairo_y2020.tif,388,0.0,0.07551546391752577,Cairo,1,5582,3902.0
Cairo_y2020.tif,3070,0.010749185667752443,0.05579153094462542,Cairo,0,5593,3902.0
Cairo_y2020.tif,695,0.9035971223021583,0.32251798561151074,Cairo,1,5503,3902.0
Cairo_y2020.tif,764,0.0,0.0930170157068063,Cairo,0,5609,3902.0
Cairo_y2020.tif,1327,0.11002260738507913,0.11294272795779955,Cairo,0,5646,3902.0
Cairo_y2020.tif,1071,0.013071895424836602,0.07752567693744164,Cairo,0,5578,3902.0
Cairo_y2020.tif,422,0.476303317535545,0.23791469194312798,Cairo,0,5534,3902.0
Cairo_y2020.tif,1533,0.0502283105022831,0.148600782778865,Cairo,1,5652,3902.0
Cairo_y2020.tif,435,0.0022988505747126436,0.11928735632183908,Cairo,0,5639,3902.0
Cairo_y2020.tif,381,0.0,0.10506561679790026,Cairo,0,5670,3902.0
Cairo_y2020.tif,745,0.0,0.044610738255033554,Cairo,0,5741,3902.0
Cairo_y2020.tif,254,0.06692913385826772,0.205,Cairo,0,5488,3902.0
Cairo_y2020.tif,445,0.30112359550561796,0.18919101123595505,Cairo,0,5527,3902.0
Cairo_y2020.tif,435,0.07126436781609195,0.22368965517241382,Cairo,0,5520,3902.0
Cairo_y2020.tif,244,0.2459016393442623,0.22190573770491803,Cairo,0,5548,3902.0
Cairo_y2020.tif,495,0.3151515151515151,0.2354848484848485,Cairo,0,5547,3902.0
Cairo_y2020.tif,787,0.4167725540025413,0.2402541296060991,Cairo,0,5591,3902.0
Cairo_y2020.tif,201,0.35323383084577115,0.21012437810945273,Cairo,0,5574,3902.0
Cairo_y2020.tif,1400,0.5528571428571428,0.201825,Cairo,0,5636,3902.0
Cairo_y2020.tif,172,0.36627906976744184,0.22165697674418605,Cairo,0,5610,3902.0
Cairo_y2020.tif,502,0.7091633466135459,0.2409561752988048,Cairo,0,5650,3902.0
Cairo_y2020.tif,1054,0.10056925996204934,0.09319734345351044,Cairo,0,5600,3902.0
Cairo_y2020.tif,11626,0.0,0.00041286771030449,Cairo,0,6145,3902.0
Cairo_y2020.tif,34928,0.09218964727439304,0.03759591158955566,Cairo,0,6106,3902.0
Cairo_y2020.tif,15775,0.34288431061806657,0.14099112519809828,Cairo,0,6037,3902.0
Cairo_y2020.tif,10049,0.024081998208776993,0.03883072942581352,Cairo,0,6205,3902.0
Cairo_y2020.tif,8935,0.0,0.014721320649132627,Cairo,0,6367,3902.0
Cairo_y2020.tif,2223,0.8713450292397661,0.3149302744039586,Cairo,0,6071,3902.0
Cairo_y2020.tif,14370,0.1150313152400835,0.05016736256089074,Cairo,0,6225,3902.0
Cairo_y2020.tif,874,0.9519450800915332,0.3786556064073227,Cairo,1,6131,3902.0
Cairo_y2020.tif,758,1.0,0.36938654353562006,Cairo,1,6180,3902.0
Cairo_y2020.tif,6396,0.4423076923076923,0.18179643527204503,Cairo,0,5972,3902.0
Cairo_y2020.tif,1287,0.16394716394716394,0.10990675990675992,Cairo,0,5978,3902.0
Cairo_y2020.tif,887,0.7147688838782412,0.23713077790304393,Cairo,0,5946,3902.0
Cairo_y2020.tif,7284,0.692613948380011,0.2503871499176277,Cairo,0,6059,3902.0
Cairo_y2020.tif,5395,0.4908248378127896,0.21698331788693234,Cairo,0,6045,3902.0
Cairo_y2020.tif,1121,0.8189116859946476,0.28954504906333633,Cairo,0,6094,3902.0
Cairo_y2020.tif,581,0.9948364888123924,0.29070567986230633,Cairo,0,6088,3902.0
Cairo_y2020.tif,1156,1.0,0.39830882352941177,Cairo,1,6098,3902.0
Cairo_y2020.tif,1848,0.9534632034632035,0.3681277056277056,Cairo,1,6075,3902.0
Cairo_y2020.tif,6601,0.8372973791849719,0.30104150886229364,Cairo,0,6241,3902.0
Cairo_y2020.tif,1061,1.0,0.40680961357210177,Cairo,1,6119,3902.0
Cairo_y2020.tif,1868,0.7425053533190579,0.27417558886509635,Cairo,0,6142,3902.0
Cairo_y2020.tif,813,0.5633456334563346,0.2176568265682657,Cairo,0,6171,3902.0
Cairo_y2020.tif,1168,1.0,0.41684075342465754,Cairo,1,6179,3902.0
Cairo_y2020.tif,706,1.0,0.41570113314447593,Cairo,1,6183,3902.0
Cairo_y2020.tif,1327,0.6382818387339865,0.2522381311228335,Cairo,0,6309,3902.0
Cairo_y2020.tif,894,0.10514541387024609,0.09869127516778523,Cairo,0,6320,3902.0
Cairo_y2020.tif,1232,1.0,0.4278612012987013,Cairo,1,6208,3902.0
Cairo_y2020.tif,544,0.9558823529411765,0.31067095588235294,Cairo,0,6204,3902.0
Cairo_y2020.tif,1472,0.9415760869565217,0.37508491847826086,Cairo,1,6186,3902.0
Cairo_y2020.tif,389,1.0,0.42755784061696656,Cairo,1,6201,3902.0
Cairo_y2020.tif,2238,1.0,0.42811438784629136,Cairo,1,6264,3902.0
Cairo_y2020.tif,1147,1.0,0.4213469921534438,Cairo,1,6220,3902.0
Cairo_y2020.tif,1159,1.0,0.4317687661777394,Cairo,1,6308,3902.0
Cairo_y2020.tif,2259,0.8999557326250553,0.3638335546702081,Cairo,1,6292,3902.0
Cairo_y2020.tif,693,1.0,0.42977633477633476,Cairo,1,6295,3902.0
Cairo_y2020.tif,525,1.0,0.4275047619047619,Cairo,1,6267,3902.0
Cairo_y2020.tif,805,0.6571428571428571,0.2779316770186336,Cairo,0,6300,3902.0
Cairo_y2020.tif,953,0.9989506820566632,0.40141657922350465,Cairo,1,6311,3902.0
Cairo_y2020.tif,586,1.0,0.422235494880546,Cairo,1,6321,3902.0
Cairo_y2020.tif,2788,0.7786944045911047,0.2921197991391679,Cairo,0,6235,3902.0
Cairo_y2020.tif,10324,0.08058891902363426,0.03779542812863231,Cairo,0,6368,3902.0
Cairo_y2020.tif,2063,0.9389238972370334,0.3776805622879302,Cairo,1,6305,3902.0
Cairo_y2020.tif,957,1.0,0.4179310344827586,Cairo,1,6299,3902.0
Cairo_y2020.tif,2555,0.9659491193737769,0.35606066536203523,Cairo,0,6362,3902.0
Cairo_y2020.tif,814,1.0,0.4228746928746929,Cairo,1,6344,3902.0
Cairo_y2020.tif,1312,1.0,0.41026676829268294,Cairo,1,6372,3902.0
Cairo_y2020.tif,2740,0.39197080291970804,0.16489598540145986,Cairo,0,6427,3902.0
Cairo_y2020.tif,1169,1.0,0.41117194183062444,Cairo,1,6387,3902.0
Cairo_y2020.tif,697,1.0,0.37472740315638453,Cairo,1,6403,3902.0
Cairo_y2020.tif,1091,1.0,0.41523831347387713,Cairo,1,6352,3902.0
Cairo_y2020.tif,1789,0.9390721073225266,0.3660452766908887,Cairo,1,6364,3902.0
Cairo_y2020.tif,1737,0.9988485895221646,0.42554404145077723,Cairo,1,6384,3902.0
Cairo_y2020.tif,1845,1.0,0.41386991869918693,Cairo,1,6413,3902.0
Cairo_y2020.tif,1754,1.0,0.41546180159635115,Cairo,1,6441,3902.0
Cairo_y2020.tif,3768,0.7295647558386412,0.3026273885350319,Cairo,0,6524,3902.0
Cairo_y2020.tif,2933,0.9993181043300375,0.4261541084214115,Cairo,1,6452,3902.0
Cairo_y2020.tif,1310,0.9290076335877863,0.3797480916030534,Cairo,1,6468,3902.0
Cairo_y2020.tif,1548,1.0,0.4207299741602067,Cairo,1,6472,3902.0
Cairo_y2020.tif,715,1.0,0.4355034965034965,Cairo,1,6502,3902.0
Cairo_y2020.tif,588,1.0,0.4239540816326531,Cairo,1,6435,3902.0
Cairo_y2020.tif,776,0.9445876288659794,0.33176546391752576,Cairo,0,6420,3902.0
Cairo_y2020.tif,3783,0.00105736188210415,0.042824477927570714,Cairo,0,6507,3902.0
Cairo_y2020.tif,1000,1.0,0.412635,Cairo,1,6447,3902.0
Cairo_y2020.tif,2871,0.632183908045977,0.23470567746429813,Cairo,0,6549,3902.0
Cairo_y2020.tif,2748,0.0,0.03931768558951965,Cairo,0,6651,3902.0
Cairo_y2020.tif,1936,0.7923553719008265,0.2785537190082644,Cairo,0,6584,3902.0
Cairo_y2020.tif,3760,0.0007978723404255319,0.03210239361702128,Cairo,0,6603,3902.0
Cairo_y2020.tif,2552,0.6747648902821317,0.2663930250783699,Cairo,0,6626,3902.0
Cairo_y2020.tif,12857,0.0,0.004166990744341604,Cairo,0,6673,3902.0
Cairo_y2020.tif,1263,1.0,0.4179374505146477,Cairo,1,6535,3902.0
Cairo_y2020.tif,864,1.0,0.39041666666666663,Cairo,1,6527,3902.0
Cairo_y2020.tif,2089,0.9956917185256103,0.41803973192915267,Cairo,1,6555,3902.0
Cairo_y2020.tif,1051,1.0,0.41704567078972404,Cairo,1,6550,3902.0
Cairo_y2020.tif,1193,1.0,0.43001257334450965,Cairo,1,6569,3902.0
Cairo_y2020.tif,969,1.0,0.4143962848297213,Cairo,0,6600,3902.0
Cairo_y2020.tif,1250,1.0,0.41513999999999995,Cairo,1,6593,3902.0
Cairo_y2020.tif,810,1.0,0.4134691358024692,Cairo,1,6614,3902.0
Cairo_y2020.tif,656,1.0,0.4294740853658536,Cairo,1,6640,3902.0
Cairo_y2020.tif,2955,0.5228426395939086,0.21391370558375636,Cairo,0,6726,3902.0
Cairo_y2020.tif,1847,0.9978343259339469,0.37599621007038436,Cairo,1,6622,3902.0
Cairo_y2020.tif,4362,0.042411737734983954,0.06068775790921596,Cairo,0,6678,3902.0
Cairo_y2020.tif,14181,0.03814963683802271,0.02445067343628799,Cairo,0,6613,3902.0
Cairo_y2020.tif,829,0.7792521109770808,0.3147708082026538,Cairo,0,6658,3902.0
Cairo_y2020.tif,526,0.8840304182509505,0.3493536121673004,Cairo,0,6668,3902.0
Cairo_y2020.tif,1469,0.7018379850238258,0.2653165418652144,Cairo,0,6728,3902.0
Cairo_y2020.tif,792,0.928030303030303,0.3773421717171717,Cairo,1,6714,3902.0
Cairo_y2020.tif,1026,0.868421052631579,0.33753898635477586,Cairo,1,6823,3902.0
Cairo_y2020.tif,951,0.729758149316509,0.24064143007360675,Cairo,0,6845,3902.0
Cairo_y2020.tif,1565,0.6945686900958467,0.24940894568690095,Cairo,0,6881,3902.0
Cairo_y2020.tif,1485,0.901010101010101,0.3947239057239057,Cairo,1,6710,3902.0
Cairo_y2020.tif,409,1.0,0.41693154034229823,Cairo,1,6682,3902.0
Cairo_y2020.tif,1437,1.0,0.43502087682672236,Cairo,1,6733,3902.0
Cairo_y2020.tif,579,0.9965457685664939,0.42768566493955096,Cairo,1,6697,3902.0
Cairo_y2020.tif,1747,0.8757870635374928,0.35539496279336,Cairo,1,6792,3902.0
Cairo_y2020.tif,957,1.0,0.4438923719958203,Cairo,1,6699,3902.0
Cairo_y2020.tif,467,1.0,0.4225802997858673,Cairo,1,6735,3902.0
Cairo_y2020.tif,1217,0.9334428923582581,0.3936154478225144,Cairo,1,6808,3902.0
Cairo_y2020.tif,3026,0.7032385988103106,0.27256113681427624,Cairo,0,6836,3902.0
Cairo_y2020.tif,1063,1.0,0.4055221072436501,Cairo,1,6787,3902.0
Cairo_y2020.tif,570,0.8263157894736842,0.30032456140350877,Cairo,0,5892,3902.0
Cairo_y2020.tif,1626,1.0,0.4237361623616236,Cairo,1,5930,3902.0
Cairo_y2020.tif,649,0.9969183359013868,0.3747534668721109,Cairo,1,5940,3902.0
Cairo_y2020.tif,892,0.4977578475336323,0.2417432735426009,Cairo,1,5961,3902.0
Cairo_y2020.tif,391,0.9974424552429667,0.3649744245524296,Cairo,1,5950,3902.0
Cairo_y2020.tif,392,1.0,0.39357142857142857,Cairo,0,5956,3902.0
Cairo_y2020.tif,529,0.5217391304347826,0.23676748582230625,Cairo,0,5969,3902.0
Cairo_y2020.tif,177,1.0,0.37350282485875713,Cairo,1,5964,3902.0
Cairo_y2020.tif,577,1.0,0.3664471403812825,Cairo,1,5984,3902.0
Cairo_y2020.tif,285,0.7789473684210526,0.3136666666666667,Cairo,0,5982,3902.0
Cairo_y2020.tif,247,0.0,0.05089068825910932,Cairo,0,5907,3902.0
Cairo_y2020.tif,1341,0.010439970171513796,0.05633855331841909,Cairo,0,5980,3902.0
Cairo_y2020.tif,669,0.21076233183856502,0.18411808669656202,Cairo,0,5963,3902.0
Cairo_y2020.tif,431,0.0,0.07235498839907194,Cairo,1,5959,3902.0
Cairo_y2020.tif,925,0.0,0.07143243243243244,Cairo,1,5971,3902.0
Cairo_y2020.tif,481,0.004158004158004158,0.11647609147609149,Cairo,1,6018,3902.0
Cairo_y2020.tif,354,0.022598870056497175,0.10741525423728814,Cairo,1,6017,3902.0
Cairo_y2020.tif,279,0.0,0.1563620071684588,Cairo,0,6015,3902.0
Cairo_y2020.tif,593,0.02866779089376054,0.16032883642495785,Cairo,0,6002,3902.0
Cairo_y2020.tif,698,0.008595988538681949,0.11755014326647564,Cairo,0,6016,3902.0
Cairo_y2020.tif,223,0.0,0.09295964125560537,Cairo,0,5911,3902.0
Cairo_y2020.tif,127,0.5275590551181102,0.27748031496062997,Cairo,0,5945,3902.0
Cairo_y2020.tif,264,0.030303030303030304,0.17196969696969697,Cairo,1,5960,3902.0
Cairo_y2020.tif,162,0.691358024691358,0.29024691358024696,Cairo,0,5953,3902.0
Cairo_y2020.tif,218,0.05045871559633028,0.17158256880733946,Cairo,1,5967,3902.0
Cairo_y2020.tif,2252,0.19715808170515098,0.15945603907637654,Cairo,1,6043,3902.0
Cairo_y2020.tif,1325,0.489811320754717,0.2226641509433962,Cairo,1,6076,3902.0
Cairo_y2020.tif,751,0.9014647137150466,0.3850932090545939,Cairo,1,6079,3902.0
Cairo_y2020.tif,557,0.9138240574506283,0.3756912028725314,Cairo,1,6085,3902.0
Cairo_y2020.tif,166,1.0,0.4106325301204819,Cairo,1,6047,3902.0
Cairo_y2020.tif,247,0.7935222672064778,0.28943319838056686,Cairo,0,5990,3902.0
Cairo_y2020.tif,358,0.27932960893854747,0.19993016759776533,Cairo,0,5993,3902.0
Cairo_y2020.tif,379,0.5963060686015831,0.25261213720316616,Cairo,1,6004,3902.0
Cairo_y2020.tif,147,0.5986394557823129,0.2761224489795918,Cairo,0,6001,3902.0
Cairo_y2020.tif,856,0.4007009345794392,0.24546144859813085,Cairo,1,6024,3902.0
Cairo_y2020.tif,242,0.39669421487603307,0.23431818181818181,Cairo,0,6032,3902.0
Cairo_y2020.tif,214,0.0,0.19366822429906547,Cairo,1,6034,3902.0
Cairo_y2020.tif,295,0.0,0.1670677966101695,Cairo,0,6042,3902.0
Cairo_y2020.tif,378,0.5476190476190477,0.2594312169312169,Cairo,0,6035,3902.0
Cairo_y2020.tif,579,0.5785837651122625,0.27793609671848013,Cairo,1,6040,3902.0
Cairo_y2020.tif,1005,0.0,0.09026865671641791,Cairo,0,6060,3902.0
Cairo_y2020.tif,865,0.661271676300578,0.28909248554913297,Cairo,0,6052,3902.0
Cairo_y2020.tif,583,0.3053173241852487,0.21162092624356776,Cairo,0,6067,3902.0
Cairo_y2020.tif,1218,0.8472906403940886,0.3593185550082102,Cairo,1,6114,3902.0
Cairo_y2020.tif,701,1.0,0.4400499286733239,Cairo,1,6081,3902.0
Cairo_y2020.tif,702,0.05555555555555555,0.17235754985754986,Cairo,1,6096,3902.0
Cairo_y2020.tif,672,0.9985119047619048,0.36827380952380956,Cairo,1,6122,3902.0
Cairo_y2020.tif,543,1.0,0.44698895027624314,Cairo,1,6117,3902.0
Cairo_y2020.tif,418,1.0,0.4448684210526315,Cairo,1,6115,3902.0
Cairo_y2020.tif,1233,0.6658556366585564,0.2478142741281427,Cairo,0,6126,3902.0
Cairo_y2020.tif,238,0.7226890756302521,0.30783613445378144,Cairo,1,6078,3902.0
Cairo_y2020.tif,227,0.7665198237885462,0.34191629955947134,Cairo,1,6084,3902.0
Cairo_y2020.tif,239,0.8535564853556485,0.3690167364016736,Cairo,1,6086,3902.0
Cairo_y2020.tif,283,0.045936395759717315,0.13462897526501766,Cairo,0,6056,3902.0
Cairo_y2020.tif,539,0.7680890538033395,0.2769573283858998,Cairo,0,6092,3902.0
Cairo_y2020.tif,440,0.045454545454545456,0.1570568181818182,Cairo,1,6090,3902.0
Cairo_y2020.tif,222,1.0,0.35657657657657654,Cairo,1,6102,3902.0
Cairo_y2020.tif,421,0.6864608076009501,0.3038717339667459,Cairo,1,6134,3902.0
Cairo_y2020.tif,285,0.8491228070175438,0.31277192982456137,Cairo,1,6147,3902.0
Cairo_y2020.tif,199,0.9698492462311558,0.3999748743718593,Cairo,1,6163,3902.0
Cairo_y2020.tif,366,0.5901639344262295,0.2630601092896175,Cairo,1,6051,3902.0
Cairo_y2020.tif,209,0.3827751196172249,0.2588038277511962,Cairo,1,6057,3902.0
Cairo_y2020.tif,631,0.26148969889064977,0.19617274167987322,Cairo,1,6069,3902.0
Cairo_y2020.tif,177,0.0,0.19214689265536727,Cairo,1,6073,3902.0
Cairo_y2020.tif,206,0.10194174757281553,0.23315533980582526,Cairo,1,6074,3902.0
Cairo_y2020.tif,194,0.9020618556701031,0.27677835051546396,Cairo,0,6083,3902.0
Cairo_y2020.tif,305,0.2786885245901639,0.23681967213114752,Cairo,0,6080,3902.0
Cairo_y2020.tif,797,0.8971141781681304,0.37677540777917184,Cairo,1,6104,3902.0
Cairo_y2020.tif,465,0.08817204301075268,0.18047311827956988,Cairo,1,6107,3902.0
Cairo_y2020.tif,397,0.9924433249370277,0.3309823677581864,Cairo,1,6140,3902.0
Cairo_y2020.tif,177,0.9717514124293786,0.35912429378531074,Cairo,1,6156,3902.0
Cairo_y2020.tif,183,0.9781420765027322,0.3940163934426229,Cairo,1,6159,3902.0
Cairo_y2020.tif,337,0.9821958456973294,0.3961424332344213,Cairo,1,6165,3902.0
Cairo_y2020.tif,326,0.9815950920245399,0.39641104294478535,Cairo,1,6166,3902.0
Cairo_y2020.tif,304,0.993421052631579,0.4102138157894737,Cairo,1,6168,3902.0
Cairo_y2020.tif,171,0.9824561403508771,0.4057602339181286,Cairo,1,6169,3902.0
Cairo_y2020.tif,227,0.9779735682819384,0.39083700440528635,Cairo,1,6175,3902.0
Cairo_y2020.tif,434,1.0,0.419147465437788,Cairo,1,6182,3902.0
Cairo_y2020.tif,315,1.0,0.4376190476190476,Cairo,1,6174,3902.0
Cairo_y2020.tif,305,0.0,0.16913114754098363,Cairo,1,6150,3902.0
Cairo_y2020.tif,305,0.5737704918032787,0.2657540983606558,Cairo,1,6120,3902.0
Cairo_y2020.tif,222,1.0,0.42452702702702705,Cairo,1,6184,3902.0
Cairo_y2020.tif,453,1.0,0.45184326710816786,Cairo,0,6133,3902.0
Cairo_y2020.tif,539,1.0,0.4131818181818182,Cairo,1,6132,3902.0
Cairo_y2020.tif,1068,1.0,0.42740636704119855,Cairo,1,6188,3902.0
Cairo_y2020.tif,443,1.0,0.41045146726862297,Cairo,1,6187,3902.0
Cairo_y2020.tif,545,1.0,0.40861467889908254,Cairo,1,6191,3902.0
Cairo_y2020.tif,2266,1.0,0.4353795233892321,Cairo,1,6229,3902.0
Cairo_y2020.tif,418,1.0,0.4384090909090909,Cairo,1,6221,3902.0
Cairo_y2020.tif,1095,1.0,0.44260730593607306,Cairo,1,6242,3902.0
Cairo_y2020.tif,750,1.0,0.4395133333333333,Cairo,1,6167,3902.0
Cairo_y2020.tif,1013,0.9861796643632774,0.36881539980256667,Cairo,1,6172,3902.0
Cairo_y2020.tif,866,1.0,0.44762124711316403,Cairo,0,6181,3902.0
Cairo_y2020.tif,843,0.963226571767497,0.3754151838671412,Cairo,1,6215,3902.0
Cairo_y2020.tif,1850,0.5454054054054054,0.2006243243243243,Cairo,0,6251,3902.0
Cairo_y2020.tif,962,1.0,0.4405925155925156,Cairo,1,6218,3902.0
Cairo_y2020.tif,1629,1.0,0.44562001227747083,Cairo,1,6266,3902.0
Cairo_y2020.tif,1303,0.9992325402916347,0.40955871066768995,Cairo,1,6246,3902.0
Cairo_y2020.tif,428,1.0,0.43912383177570097,Cairo,1,6280,3902.0
Cairo_y2020.tif,1046,0.14818355640535372,0.09222753346080306,Cairo,0,6322,3902.0
Cairo_y2020.tif,990,0.8929292929292929,0.3383080808080808,Cairo,0,5240,3902.0
Cairo_y2020.tif,1118,0.16636851520572452,0.2127772808586762,Cairo,0,5273,3902.0
Cairo_y2020.tif,1421,0.14848698099929628,0.1842505277973258,Cairo,0,5282,3902.0
Cairo_y2020.tif,1383,0.0007230657989877079,0.07975054229934925,Cairo,0,5340,3902.0
Cairo_y2020.tif,1027,0.0,0.03723953261927946,Cairo,0,5390,3902.0
Cairo_y2020.tif,1771,0.3370976849237719,0.16335403726708075,Cairo,0,5386,3902.0
Cairo_y2020.tif,1073,0.0,0.027665424044734387,Cairo,0,5469,3902.0
Cairo_y2020.tif,3157,0.05891669306303453,0.06280487804878049,Cairo,0,5755,3902.0
Cairo_y2020.tif,823,0.212636695018226,0.18563183475091127,Cairo,0,5760,3902.0
Cairo_y2020.tif,31270,0.02248161176846818,0.023317556763671254,Cairo,0,5925,3902.0
Cairo_y2020.tif,709,0.9576868829337094,0.3767912552891396,Cairo,0,5521,3902.0
Cairo_y2020.tif,2297,0.42316064431867656,0.18346321288637352,Cairo,0,5678,3902.0
Cairo_y2020.tif,2149,0.9981386691484412,0.38497673336435556,Cairo,0,5538,3902.0
Cairo_y2020.tif,1109,0.9134355275022543,0.3625383228133453,Cairo,0,5606,3902.0
Cairo_y2020.tif,816,0.9987745098039216,0.40662377450980386,Cairo,1,5645,3902.0
Cairo_y2020.tif,1733,0.949798038084247,0.3847807270628967,Cairo,0,5696,3902.0
Cairo_y2020.tif,844,1.0,0.4275592417061611,Cairo,0,5721,3902.0
Cairo_y2020.tif,829,1.0,0.41200241254523523,Cairo,0,5683,3902.0
Cairo_y2020.tif,776,1.0,0.3765077319587629,Cairo,1,5699,3902.0
Cairo_y2020.tif,2149,0.9906933457422057,0.4068520241973011,Cairo,1,5698,3902.0
Cairo_y2020.tif,892,0.3396860986547085,0.16619955156950672,Cairo,0,5781,3902.0
Cairo_y2020.tif,2193,0.7332421340629275,0.2681919744642043,Cairo,0,5807,3902.0
Cairo_y2020.tif,811,1.0,0.40005548705302096,Cairo,0,5780,3902.0
Cairo_y2020.tif,1189,1.0,0.4055971404541632,Cairo,0,5827,3902.0
Cairo_y2020.tif,1027,1.0,0.4345472249269718,Cairo,1,5841,3902.0
Cairo_y2020.tif,1480,0.9067567567567567,0.3697939189189189,Cairo,0,5893,3902.0
Cairo_y2020.tif,3174,0.9836168872085697,0.33867359798361685,Cairo,0,5909,3902.0
Cairo_y2020.tif,1910,1.0,0.4058062827225132,Cairo,0,5895,3902.0
Cairo_y2020.tif,8540,0.3221311475409836,0.13320608899297423,Cairo,0,6013,3902.0
Cairo_y2020.tif,10355,0.12119748913568325,0.057466924191211965,Cairo,0,6062,3902.0
Cairo_y2020.tif,505,0.04356435643564356,0.13889108910891093,Cairo,1,5765,3902.0
Cairo_y2020.tif,1386,0.7402597402597403,0.25573953823953827,Cairo,0,6110,3902.0
Cairo_y2020.tif,5005,0.14205794205794206,0.05937962037962039,Cairo,0,6164,3902.0
Cairo_y2020.tif,1007,0.6673286991062563,0.2458987090367428,Cairo,0,6152,3902.0
Cairo_y2020.tif,836,0.3803827751196172,0.15660885167464117,Cairo,0,6216,3902.0
Cairo_y2020.tif,3832,0.2586116910229645,0.10916231732776618,Cairo,0,6272,3902.0
Cairo_y2020.tif,5377,0.24493211828156966,0.07507718058396876,Cairo,0,6283,3902.0
Cairo_y2020.tif,866,0.2228637413394919,0.1326039260969977,Cairo,0,6262,3902.0
Cairo_y2020.tif,3417,0.0,0.029100087796312554,Cairo,0,6350,3902.0
Cairo_y2020.tif,1982,0.10847628657921292,0.07798940464177599,Cairo,0,6440,3902.0
Cairo_y2020.tif,634,0.5141955835962145,0.19796529968454257,Cairo,0,5382,3902.0
Cairo_y2020.tif,1424,0.016151685393258428,0.13586025280898875,Cairo,0,5456,3902.0
Cairo_y2020.tif,1988,0.007042253521126761,0.13575704225352112,Cairo,0,5494,3902.0
Cairo_y2020.tif,469,0.04904051172707889,0.14404051172707888,Cairo,0,5506,3902.0
Cairo_y2020.tif,2906,0.6022023399862354,0.24446490020646935,Cairo,0,5638,3902.0
Cairo_y2020.tif,2168,0.9386531365313653,0.35966559040590407,Cairo,0,5762,3902.0
Cairo_y2020.tif,36163,0.0029588253186959047,0.005921936786217958,Cairo,0,6066,3902.0
Cairo_y2020.tif,37581,0.0051355738271999145,0.003659428966765121,Cairo,0,6657,3902.0
Cairo_y2020.tif,34883,0.012326921423042743,0.006998824642375943,Cairo,0,6927,3902.0
Cairo_y2020.tif,452,0.8429203539823009,0.31055309734513276,Cairo,0,7074,3902.0
Cairo_y2020.tif,877,1.0,0.39677879133409344,Cairo,0,5923,3902.0
Cairo_y2020.tif,456,0.9912280701754386,0.3964144736842105,Cairo,1,5941,3902.0
Cairo_y2020.tif,1091,0.620531622364803,0.24943629697525205,Cairo,0,5989,3902.0
Cairo_y2020.tif,1051,0.978116079923882,0.3273358705994291,Cairo,0,5992,3902.0
Cairo_y2020.tif,1321,0.7479182437547313,0.27517032551097653,Cairo,0,6026,3902.0
Cairo_y2020.tif,4633,0.0818044463630477,0.03307360241744011,Cairo,0,6105,3902.0
Cairo_y2020.tif,80707,0.0,0.000771556370575043,Cairo,0,6412,3902.0
Cairo_y2020.tif,5068,0.34589581689029203,0.12395422257300712,Cairo,0,6893,3902.0
Cairo_y2020.tif,3262,0.9457388105456775,0.3256023911710607,Cairo,0,7010,3902.0
Cairo_y2020.tif,1162,0.9113597246127366,0.3414328743545611,Cairo,0,6991,3902.0
Cairo_y2020.tif,42752,0.029893338323353294,0.025194844685628746,Cairo,0,7102,3902.0
Cairo_y2020.tif,702,0.3190883190883191,0.22110398860398864,Cairo,0,6983,3902.0
Cairo_y2020.tif,782,0.4680306905370844,0.2563171355498721,Cairo,0,7023,3902.0
Cairo_y2020.tif,690,0.9869565217391304,0.34508695652173915,Cairo,0,7043,3902.0
Cairo_y2020.tif,706,0.2747875354107649,0.19433427762039662,Cairo,0,7042,3902.0
Cairo_y2020.tif,1128,0.39893617021276595,0.23496897163120564,Cairo,1,7078,3902.0
Cairo_y2020.tif,504,1.0,0.3853273809523809,Cairo,1,7062,3902.0
Cairo_y2020.tif,750,0.204,0.22971333333333338,Cairo,1,7092,3902.0
Cairo_y2020.tif,504,1.0,0.4076686507936508,Cairo,0,7090,3902.0
Cairo_y2020.tif,1280,0.18828125,0.20001171875000004,Cairo,1,7119,3902.0
Cairo_y2020.tif,767,0.7001303780964798,0.31071056062581487,Cairo,0,6655,3902.0
Cairo_y2020.tif,1869,0.9400749063670412,0.33968699839486355,Cairo,0,6773,3902.0
Cairo_y2020.tif,1159,0.1371872303710095,0.16463761863675583,Cairo,0,6746,3902.0
Cairo_y2020.tif,4928,0.01359577922077922,0.042585227272727275,Cairo,0,7088,3902.0
Cairo_y2020.tif,18903,0.010368724541078136,0.02897873353435963,Cairo,0,7311,3902.0
Cairo_y2020.tif,840,0.09404761904761905,0.16728571428571426,Cairo,1,7114,3902.0
Cairo_y2020.tif,1023,0.0019550342130987292,0.11650537634408602,Cairo,0,7196,3902.0
Cairo_y2020.tif,642,0.001557632398753894,0.0991355140186916,Cairo,0,7322,3902.0
Cairo_y2020.tif,473,0.18604651162790697,0.19893234672304438,Cairo,0,7257,3902.0
Cairo_y2020.tif,516,0.040697674418604654,0.16218023255813954,Cairo,1,7263,3902.0
Cairo_y2020.tif,1323,1.0,0.4066893424036281,Cairo,1,7067,3902.0
Cairo_y2020.tif,10399,0.2963746514087893,0.1274026348687374,Cairo,0,7286,3902.0
Cairo_y2020.tif,1006,0.9900596421471173,0.39265407554671966,Cairo,0,7113,3902.0
Cairo_y2020.tif,1692,0.9899527186761229,0.36333924349881797,Cairo,0,7216,3902.0
Cairo_y2020.tif,464,1.0,0.3867672413793104,Cairo,0,7165,3902.0
Cairo_y2020.tif,612,1.0,0.3902614379084967,Cairo,0,7260,3902.0
Cairo_y2020.tif,842,1.0,0.4242874109263658,Cairo,0,7277,3902.0
Cairo_y2020.tif,6970,0.09469153515064563,0.04976972740315638,Cairo,0,7420,3902.0
Cairo_y2020.tif,1838,1.0,0.427151795429815,Cairo,0,7303,3902.0
Cairo_y2020.tif,1652,0.9993946731234867,0.3858323244552058,Cairo,0,7356,3902.0
Cairo_y2020.tif,421,0.28978622327790976,0.2606769596199525,Cairo,1,7137,3902.0
Cairo_y2020.tif,449,1.0,0.41600222717149216,Cairo,1,7163,3902.0
Cairo_y2020.tif,296,0.5912162162162162,0.30805743243243244,Cairo,1,7174,3902.0
Cairo_y2020.tif,954,0.04507337526205451,0.14336477987421384,Cairo,1,7186,3902.0
Cairo_y2020.tif,498,0.9678714859437751,0.39843373493975903,Cairo,1,7199,3902.0
Cairo_y2020.tif,1048,0.37786259541984735,0.19831106870229012,Cairo,0,7258,3902.0
Cairo_y2020.tif,1208,0.03559602649006623,0.12302980132450332,Cairo,1,7255,3902.0
Cairo_y2020.tif,767,0.8904823989569752,0.366870925684485,Cairo,1,7250,3902.0
Cairo_y2020.tif,421,0.026128266033254157,0.1228978622327791,Cairo,1,7271,3902.0
Cairo_y2020.tif,577,0.37954939341421146,0.19422876949740037,Cairo,0,7334,3902.0
Cairo_y2020.tif,855,0.9929824561403509,0.4115204678362573,Cairo,1,6869,3902.0
Cairo_y2020.tif,1719,0.9889470622454916,0.3723123909249564,Cairo,1,6866,3902.0
Cairo_y2020.tif,665,1.0,0.4074812030075187,Cairo,1,6854,3902.0
Cairo_y2020.tif,976,0.9825819672131147,0.3840112704918032,Cairo,1,6916,3902.0
Cairo_y2020.tif,19608,0.45190738474092207,0.18455859853121176,Cairo,1,7005,3902.0
Cairo_y2020.tif,1777,0.5458638154192459,0.21103545301069218,Cairo,0,6984,3902.0
Cairo_y2020.tif,918,0.7233115468409586,0.27667755991285403,Cairo,0,6978,3902.0
Cairo_y2020.tif,1475,1.0,0.3890711864406779,Cairo,0,6997,3902.0
Cairo_y2020.tif,1178,1.0,0.4202928692699491,Cairo,1,7011,3902.0
Cairo_y2020.tif,1264,1.0,0.4003995253164557,Cairo,1,6952,3902.0
Cairo_y2020.tif,2674,0.5272999252056844,0.18593305908750934,Cairo,0,6891,3902.0
Cairo_y2020.tif,6135,0.05656071719641402,0.057509372453137746,Cairo,0,7031,3902.0
Cairo_y2020.tif,1826,0.5268346111719606,0.16639375684556407,Cairo,0,7029,3902.0
Cairo_y2020.tif,653,0.7825421133231241,0.2996707503828484,Cairo,0,6939,3902.0
Cairo_y2020.tif,3997,0.45709281961471104,0.1801501125844383,Cairo,0,7107,3902.0
Cairo_y2020.tif,4812,0.1824605153782211,0.10535224438902745,Cairo,0,7128,3902.0
Cairo_y2020.tif,1145,1.0,0.4209781659388646,Cairo,0,7000,3902.0
Cairo_y2020.tif,5433,0.25179458862506904,0.13031106202834528,Cairo,0,7427,3902.0
Cairo_y2020.tif,9266,0.09497086121303691,0.06319771206561624,Cairo,0,7403,3902.0
Cairo_y2020.tif,1261,1.0,0.4203449643140365,Cairo,0,7111,3902.0
Cairo_y2020.tif,1433,0.9867411025819958,0.3361095603628751,Cairo,0,7022,3902.0
Cairo_y2020.tif,571,0.8003502626970228,0.2909194395796848,Cairo,0,6996,3902.0
Cairo_y2020.tif,1408,0.9921875,0.36808948863636365,Cairo,0,7087,3902.0
Cairo_y2020.tif,2649,1.0,0.41826538316345785,Cairo,1,7115,3902.0
Cairo_y2020.tif,4225,0.6731360946745563,0.26152899408284025,Cairo,0,7206,3902.0
Cairo_y2020.tif,3093,0.7371483996120272,0.3116165535079211,Cairo,1,7243,3902.0
Cairo_y2020.tif,834,1.0,0.40254796163069545,Cairo,1,7207,3902.0
Cairo_y2020.tif,3158,0.9772007599746675,0.3920835972134262,Cairo,1,7342,3902.0
Cairo_y2020.tif,1367,0.9546452084857352,0.36069129480614487,Cairo,0,7289,3902.0
Cairo_y2020.tif,2264,0.9138692579505301,0.3731183745583039,Cairo,1,7362,3902.0
Cairo_y2020.tif,1345,0.9561338289962825,0.3841412639405204,Cairo,0,7150,3902.0
Cairo_y2020.tif,1728,0.24594907407407407,0.1490451388888889,Cairo,0,7273,3902.0
Cairo_y2020.tif,4053,0.5238095238095238,0.21910189982728842,Cairo,0,7284,3902.0
Cairo_y2020.tif,1334,1.0,0.41250749625187405,Cairo,0,7168,3902.0
Cairo_y2020.tif,1973,0.5636087176887988,0.1979700963000507,Cairo,0,7256,3902.0
Cairo_y2020.tif,1042,1.0,0.40669385796545104,Cairo,0,7234,3902.0
Cairo_y2020.tif,475,1.0,0.3874842105263158,Cairo,1,7249,3902.0
Cairo_y2020.tif,4404,0.13283378746594005,0.07274409627611263,Cairo,0,7444,3902.0
Cairo_y2020.tif,395,1.0,0.41531645569620257,Cairo,0,7283,3902.0
Cairo_y2020.tif,985,0.9279187817258884,0.33247208121827415,Cairo,0,7317,3902.0
Cairo_y2020.tif,434,1.0,0.3998502304147466,Cairo,0,7397,3902.0
Cairo_y2020.tif,693,1.0,0.4219047619047619,Cairo,0,7389,3902.0
Cairo_y2020.tif,692,1.0,0.3922037572254335,Cairo,1,7458,3902.0
Cairo_y2020.tif,1262,0.9786053882725833,0.3777496038034865,Cairo,0,7484,3902.0
Cairo_y2020.tif,957,0.9968652037617555,0.41345350052246604,Cairo,1,7482,3902.0
Cairo_y2020.tif,3987,0.12766491096062202,0.07882994732881866,Cairo,0,7572,3902.0
Cairo_y2020.tif,1950,0.8851282051282051,0.3393282051282051,Cairo,0,7553,3902.0
Cairo_y2020.tif,1023,1.0,0.41723851417399804,Cairo,1,7525,3902.0
Cairo_y2020.tif,1519,0.9868334430546412,0.41695852534562206,Cairo,1,7564,3902.0
Cairo_y2020.tif,1369,0.9948867786705624,0.40741417092768445,Cairo,0,7569,3902.0
Cairo_y2020.tif,1008,1.0,0.4111359126984127,Cairo,1,7344,3902.0
Cairo_y2020.tif,833,1.0,0.41099639855942377,Cairo,1,7341,3902.0
Cairo_y2020.tif,5487,0.23309640969564424,0.12631765992345545,Cairo,0,7472,3902.0
Cairo_y2020.tif,4884,0.8304668304668305,0.3085391072891073,Cairo,0,7523,3902.0
Cairo_y2020.tif,774,0.9651162790697675,0.38804909560723516,Cairo,1,7417,3902.0
Cairo_y2020.tif,4706,0.2273693157671058,0.11259243518912028,Cairo,0,7617,3902.0
Cairo_y2020.tif,578,1.0,0.3652854671280277,Cairo,1,7462,3902.0
Cairo_y2020.tif,657,0.989345509893455,0.3785159817351598,Cairo,1,7463,3902.0
Cairo_y2020.tif,10916,0.0497434957860022,0.028527390985709052,Cairo,0,7719,3902.0
Cairo_y2020.tif,1206,0.9651741293532339,0.33349917081260366,Cairo,1,7557,3902.0
Cairo_y2020.tif,1310,0.8946564885496183,0.2879198473282442,Cairo,0,7598,3902.0
Cairo_y2020.tif,792,0.9393939393939394,0.3706691919191919,Cairo,1,7562,3902.0
Cairo_y2020.tif,864,1.0,0.37906249999999997,Cairo,0,7616,3902.0
Cairo_y2020.tif,1202,0.9758735440931781,0.41059068219633943,Cairo,1,7595,3902.0
Cairo_y2020.tif,589,0.9966044142614601,0.41696943972835315,Cairo,1,7627,3902.0
Cairo_y2020.tif,694,0.9639769452449568,0.3998342939481268,Cairo,1,7636,3902.0
Cairo_y2020.tif,1070,0.8738317757009346,0.28771962616822433,Cairo,0,7648,3902.0
Cairo_y2020.tif,878,1.0,0.42120728929384965,Cairo,1,7650,3902.0
Cairo_y2020.tif,1420,0.9507042253521126,0.38893661971830984,Cairo,1,7732,3902.0
Cairo_y2020.tif,611,0.9869067103109657,0.329189852700491,Cairo,0,7665,3902.0
Cairo_y2020.tif,781,1.0,0.41144046094750325,Cairo,1,7686,3902.0
Cairo_y2020.tif,526,1.0,0.377328897338403,Cairo,1,7688,3902.0
Cairo_y2020.tif,3037,0.3641751728679618,0.15142574909450116,Cairo,0,7802,3902.0
Cairo_y2020.tif,1730,0.9,0.3708526011560694,Cairo,0,7735,3902.0
Cairo_y2020.tif,2188,0.9899451553930531,0.3996000914076782,Cairo,1,7793,3902.0
Cairo_y2020.tif,1609,0.9167184586699814,0.3701149782473586,Cairo,0,7759,3902.0
Cairo_y2020.tif,8740,0.10263157894736842,0.04498512585812357,Cairo,0,7844,3902.0
Cairo_y2020.tif,491,0.9877800407331976,0.370040733197556,Cairo,1,7782,3902.0
Cairo_y2020.tif,3210,0.40031152647975077,0.15783644859813084,Cairo,0,8002,3902.0
Cairo_y2020.tif,570,0.9736842105263158,0.2929824561403509,Cairo,0,7835,3902.0
Cairo_y2020.tif,1440,0.8034722222222223,0.3253715277777778,Cairo,1,7897,3902.0
Cairo_y2020.tif,2402,0.6248959200666112,0.2515611990008326,Cairo,0,7889,3902.0
Cairo_y2020.tif,1487,0.9932750504371217,0.3915534633490249,Cairo,1,7860,3902.0
Cairo_y2020.tif,1303,0.9132770529547198,0.3406178050652341,Cairo,0,7982,3902.0
Cairo_y2020.tif,783,0.9182630906768838,0.3804725415070242,Cairo,1,7957,3902.0
Cairo_y2020.tif,1723,0.5542658154381892,0.19848229831688916,Cairo,0,7993,3902.0
Cairo_y2020.tif,4810,0.14116424116424117,0.08176819126819126,Cairo,0,8085,3902.0
Cairo_y2020.tif,5599,0.029290944811573495,0.03905429540989463,Cairo,0,8268,3902.0
Cairo_y2020.tif,1091,0.995417048579285,0.3911869844179651,Cairo,0,8022,3902.0
Cairo_y2020.tif,2041,0.21705046545810877,0.10642577168054876,Cairo,0,8354,3902.0
Cairo_y2020.tif,1249,0.7686148919135308,0.2798158526821457,Cairo,0,7605,3902.0
Cairo_y2020.tif,7124,0.32186973610331276,0.12628017967434027,Cairo,0,7781,3902.0
Cairo_y2020.tif,12543,0.11137686358925297,0.045894921470142715,Cairo,0,7964,3902.0
Cairo_y2020.tif,4701,0.22122952563284407,0.1362741969793661,Cairo,0,7888,3902.0
Cairo_y2020.tif,1334,0.008995502248875561,0.034999999999999996,Cairo,0,8021,3902.0
Cairo_y2020.tif,1818,0.13586358635863585,0.08373762376237623,Cairo,0,7878,3902.0
Cairo_y2020.tif,30073,0.0009975725734047152,0.0010008978153160644,Cairo,0,8033,3902.0
Cairo_y2020.tif,1218,0.0,0.0,Cairo,0,8144,3902.0
Cairo_y2020.tif,3543,0.0,0.0,Cairo,0,8276,3902.0
Cairo_y2020.tif,1338,0.0029895366218236174,0.01414050822122571,Cairo,0,8549,3902.0
Cairo_y2020.tif,394,0.007614213197969543,0.13606598984771573,Cairo,1,7489,3902.0
Cairo_y2020.tif,220,1.0,0.42586363636363633,Cairo,1,7498,3902.0
Cairo_y2020.tif,398,0.9522613065326633,0.37556532663316583,Cairo,1,7533,3902.0
Cairo_y2020.tif,819,0.304029304029304,0.21381562881562882,Cairo,1,7528,3902.0
Cairo_y2020.tif,341,0.9912023460410557,0.3701906158357771,Cairo,1,7561,3902.0
Cairo_y2020.tif,332,0.9849397590361446,0.3651656626506024,Cairo,1,7580,3902.0
Cairo_y2020.tif,570,0.519298245614035,0.2523421052631579,Cairo,1,7604,3902.0
Cairo_y2020.tif,483,0.7805383022774327,0.33248447204968945,Cairo,1,7678,3902.0
Cairo_y2020.tif,270,0.6259259259259259,0.28812962962962957,Cairo,1,7683,3902.0
Cairo_y2020.tif,207,0.8067632850241546,0.30335748792270534,Cairo,1,7685,3902.0
Cairo_y2020.tif,605,1.0,0.4410826446280992,Cairo,0,7485,3902.0
Cairo_y2020.tif,525,1.0,0.415,Cairo,1,7563,3902.0
Cairo_y2020.tif,391,1.0,0.3839386189258312,Cairo,1,7552,3902.0
Cairo_y2020.tif,841,1.0,0.44669441141498223,Cairo,0,7583,3902.0
Cairo_y2020.tif,774,0.6201550387596899,0.24541343669250645,Cairo,1,7625,3902.0
Cairo_y2020.tif,618,1.0,0.44117313915857603,Cairo,0,7594,3902.0
Cairo_y2020.tif,457,1.0,0.4066739606126915,Cairo,0,7652,3902.0
Cairo_y2020.tif,908,0.003303964757709251,0.0700330396475771,Cairo,0,7818,3902.0
Cairo_y2020.tif,962,1.0,0.4191839916839917,Cairo,0,7727,3902.0
Cairo_y2020.tif,543,0.8821362799263351,0.32851749539594843,Cairo,1,7666,3902.0
Cairo_y2020.tif,1484,1.0,0.4274932614555256,Cairo,1,7590,3902.0
Cairo_y2020.tif,781,1.0,0.42787451984635083,Cairo,0,7529,3902.0
Cairo_y2020.tif,576,1.0,0.42161458333333335,Cairo,0,7573,3902.0
Cairo_y2020.tif,2573,0.9098328799067237,0.3591877186164011,Cairo,1,7718,3902.0
Cairo_y2020.tif,672,1.0,0.427202380952381,Cairo,1,7726,3902.0
Cairo_y2020.tif,2072,0.9995173745173745,0.4212861969111969,Cairo,1,7738,3902.0
Cairo_y2020.tif,2209,0.9307378904481666,0.3237460389316433,Cairo,1,7823,3902.0
Cairo_y2020.tif,835,1.0,0.39005988023952093,Cairo,1,7819,3902.0
Cairo_y2020.tif,2521,0.875446251487505,0.29558310194367315,Cairo,0,7829,3902.0
Cairo_y2020.tif,569,0.9859402460456942,0.34905975395430583,Cairo,1,7832,3902.0
Cairo_y2020.tif,141,0.8865248226950354,0.3345035460992908,Cairo,1,7687,3902.0
Cairo_y2020.tif,151,0.7417218543046358,0.3183112582781457,Cairo,1,7689,3902.0
Cairo_y2020.tif,148,0.9391891891891891,0.32493243243243247,Cairo,1,7691,3902.0
Cairo_y2020.tif,255,0.8627450980392157,0.3183725490196079,Cairo,1,7693,3902.0
Cairo_y2020.tif,156,0.8589743589743589,0.31003205128205125,Cairo,1,7699,3902.0
Cairo_y2020.tif,444,0.3355855855855856,0.23500000000000001,Cairo,0,7677,3902.0
Cairo_y2020.tif,2075,0.002891566265060241,0.09330602409638555,Cairo,0,7853,3902.0
Cairo_y2020.tif,250,0.032,0.15274000000000001,Cairo,1,7858,3902.0
Cairo_y2020.tif,241,0.07468879668049792,0.19406639004149379,Cairo,0,7864,3902.0
Cairo_y2020.tif,209,0.09090909090909091,0.18999999999999997,Cairo,0,7870,3902.0
Cairo_y2020.tif,650,1.0,0.3576846153846154,Cairo,0,7867,3902.0
Cairo_y2020.tif,599,0.9415692821368948,0.3005175292153589,Cairo,0,7869,3902.0
Cairo_y2020.tif,1639,0.6949359365466748,0.2910250152532032,Cairo,0,7918,3902.0
Cairo_y2020.tif,856,1.0,0.40743574766355145,Cairo,0,7936,3902.0
Cairo_y2020.tif,1092,1.0,0.39247252747252753,Cairo,0,7947,3902.0
Cairo_y2020.tif,520,1.0,0.3517788461538462,Cairo,1,7925,3902.0
Cairo_y2020.tif,427,0.9086651053864169,0.3260421545667448,Cairo,0,7950,3902.0
Cairo_y2020.tif,704,0.6519886363636364,0.2881036931818182,Cairo,1,7960,3902.0
Cairo_y2020.tif,759,0.919631093544137,0.3543017127799737,Cairo,0,7992,3902.0
Cairo_y2020.tif,599,1.0,0.40064273789649407,Cairo,0,7995,3902.0
Cairo_y2020.tif,714,1.0,0.37924369747899156,Cairo,0,7752,3902.0
Cairo_y2020.tif,983,0.7527975584944049,0.3237995930824008,Cairo,1,7764,3902.0
Cairo_y2020.tif,1032,0.015503875968992248,0.11689922480620155,Cairo,0,7812,3902.0
Cairo_y2020.tif,653,0.996937212863706,0.3692649310872894,Cairo,0,7814,3902.0
Cairo_y2020.tif,801,0.6579275905118602,0.2724843945068664,Cairo,0,7805,3902.0
Cairo_y2020.tif,2582,0.012780790085205267,0.07153175832687839,Cairo,0,8087,3902.0
Cairo_y2020.tif,485,0.08247422680412371,0.14909278350515465,Cairo,0,8089,3902.0
Cairo_y2020.tif,885,0.3254237288135593,0.2182372881355932,Cairo,0,8090,3902.0
Cairo_y2020.tif,1180,0.6838983050847458,0.2976737288135593,Cairo,1,8091,3902.0
Cairo_y2020.tif,4735,0.04308342133051742,0.05019852164730729,Cairo,0,8251,3902.0
Cairo_y2020.tif,924,0.13528138528138528,0.12948593073593076,Cairo,1,7900,3902.0
Cairo_y2020.tif,1133,0.16857899382171226,0.15387466902030006,Cairo,0,8200,3902.0
Cairo_y2020.tif,536,0.6380597014925373,0.2277891791044776,Cairo,1,8201,3902.0
Cairo_y2020.tif,2203,0.12664548343168408,0.11854062641852021,Cairo,0,8199,3902.0
Cairo_y2020.tif,1050,0.002857142857142857,0.10327142857142857,Cairo,0,8197,3902.0
Cairo_y2020.tif,607,0.014827018121911038,0.12844316309719936,Cairo,0,8196,3902.0
Cairo_y2020.tif,451,0.06873614190687362,0.1623281596452328,Cairo,1,8189,3902.0
Cairo_y2020.tif,563,0.10479573712255773,0.1822735346358792,Cairo,1,8184,3902.0
Cairo_y2020.tif,600,0.08666666666666667,0.1701416666666667,Cairo,1,8179,3902.0
Cairo_y2020.tif,977,0.08085977482088025,0.12037359263050153,Cairo,0,8174,3902.0
Cairo_y2020.tif,2121,0.0,0.0585902876001886,Cairo,0,8259,3902.0
Cairo_y2020.tif,1828,0.712800875273523,0.25760667396061276,Cairo,0,8131,3902.0
Cairo_y2020.tif,377,0.8779840848806366,0.29416445623342174,Cairo,0,8120,3902.0
Cairo_y2020.tif,426,0.6197183098591549,0.28482394366197183,Cairo,1,8150,3902.0
Cairo_y2020.tif,605,0.9636363636363636,0.3246363636363636,Cairo,1,8168,3902.0
Cairo_y2020.tif,757,0.8163804491413474,0.27696829590488775,Cairo,1,8225,3902.0
Cairo_y2020.tif,517,0.4410058027079304,0.26310444874274663,Cairo,0,8192,3902.0
Cairo_y2020.tif,1396,0.4047277936962751,0.16473853868194843,Cairo,0,8281,3902.0
Cairo_y2020.tif,749,0.27369826435246997,0.12986648865153538,Cairo,0,8371,3902.0
Cairo_y2020.tif,1552,0.007087628865979381,0.05935244845360825,Cairo,0,8370,3902.0
Cairo_y2020.tif,863,0.015063731170336037,0.07729432213209733,Cairo,0,8291,3902.0
Cairo_y2020.tif,617,0.0,0.14110210696920583,Cairo,1,8313,3902.0
Cairo_y2020.tif,298,0.09060402684563758,0.12375838926174496,Cairo,1,8299,3902.0
Cairo_y2020.tif,318,0.0,0.11385220125786165,Cairo,1,8307,3902.0
Cairo_y2020.tif,312,0.003205128205128205,0.12584935897435898,Cairo,0,8303,3902.0
Cairo_y2020.tif,285,0.10877192982456141,0.19703508771929826,Cairo,1,8316,3902.0
Cairo_y2020.tif,547,0.44789762340036565,0.23929616087751374,Cairo,1,8323,3902.0
Cairo_y2020.tif,715,0.0,0.04220979020979021,Cairo,0,8418,3902.0
Cairo_y2020.tif,524,0.30916030534351147,0.16284351145038167,Cairo,1,8461,3902.0
Cairo_y2020.tif,447,0.03131991051454139,0.1578635346756152,Cairo,1,8434,3902.0
Cairo_y2020.tif,1028,0.5058365758754864,0.22919260700389107,Cairo,0,8014,3902.0
Cairo_y2020.tif,1138,0.8971880492091389,0.33518892794376093,Cairo,1,8011,3902.0
Cairo_y2020.tif,449,1.0,0.37988864142538975,Cairo,0,8027,3902.0
Cairo_y2020.tif,451,0.9312638580931264,0.3272949002217295,Cairo,0,8062,3902.0
Cairo_y2020.tif,2509,0.2722200079713033,0.14981267437225987,Cairo,0,8126,3902.0
Cairo_y2020.tif,2157,0.5961984237366713,0.21755910987482613,Cairo,0,8048,3902.0
Cairo_y2020.tif,598,0.7642140468227425,0.27533444816053515,Cairo,0,8103,3902.0
Cairo_y2020.tif,2723,0.2478883584282042,0.12977230995225855,Cairo,0,8226,3902.0
Cairo_y2020.tif,5425,0.014009216589861751,0.018422119815668204,Cairo,0,8414,3902.0
Cairo_y2020.tif,16664,0.012542006721075373,0.018789606337013924,Cairo,0,8666,3902.0
Cairo_y2020.tif,247,0.0,0.05548582995951418,Cairo,1,5187,3902.0
Cairo_y2020.tif,233,0.0,0.0436266094420601,Cairo,1,5201,3902.0
Cairo_y2020.tif,218,0.0,0.03938073394495412,Cairo,0,5194,3902.0
Cairo_y2020.tif,119,0.0,0.04113445378151261,Cairo,1,5209,3902.0
Cairo_y2020.tif,191,0.0,0.030549738219895293,Cairo,1,5214,3902.0
Cairo_y2020.tif,296,0.0,0.029239864864864868,Cairo,0,5222,3902.0
Cairo_y2020.tif,134,0.0,0.07458955223880595,Cairo,0,5256,3902.0
Cairo_y2020.tif,113,0.0,0.08606194690265487,Cairo,0,5262,3902.0
Cairo_y2020.tif,259,0.0,0.10171814671814672,Cairo,0,5252,3902.0
Cairo_y2020.tif,364,0.0,0.08160714285714286,Cairo,0,5356,3902.0
Cairo_y2020.tif,337,0.0,0.09353115727002967,Cairo,1,5358,3902.0
Cairo_y2020.tif,199,0.0,0.16829145728643216,Cairo,0,5302,3902.0
Cairo_y2020.tif,418,0.0,0.09666267942583733,Cairo,0,5367,3902.0
Cairo_y2020.tif,203,0.0,0.14549261083743842,Cairo,1,5300,3902.0
Cairo_y2020.tif,213,0.0,0.14582159624413146,Cairo,0,5308,3902.0
Cairo_y2020.tif,320,0.0,0.09859375,Cairo,1,5288,3902.0
Cairo_y2020.tif,211,0.0,0.08495260663507108,Cairo,0,5281,3902.0
Cairo_y2020.tif,201,0.0,0.12659203980099504,Cairo,1,5291,3902.0
Cairo_y2020.tif,261,0.0,0.09413793103448276,Cairo,1,5347,3902.0
Cairo_y2020.tif,206,0.0,0.08856796116504853,Cairo,1,5350,3902.0
Cairo_y2020.tif,468,0.0,0.07950854700854701,Cairo,0,5220,3902.0
Cairo_y2020.tif,491,0.0,0.10244399185336049,Cairo,0,5264,3902.0
Cairo_y2020.tif,209,0.0,0.05543062200956938,Cairo,0,5271,3902.0
Cairo_y2020.tif,356,0.0,0.06051966292134832,Cairo,0,5274,3902.0
Cairo_y2020.tif,261,0.0,0.12325670498084292,Cairo,0,5276,3902.0
Cairo_y2020.tif,291,0.0,0.17235395189003436,Cairo,0,5290,3902.0
Cairo_y2020.tif,579,0.0,0.11455958549222797,Cairo,0,5331,3902.0
Cairo_y2020.tif,357,0.0,0.06764705882352941,Cairo,0,5322,3902.0
Cairo_y2020.tif,399,0.0,0.048508771929824564,Cairo,0,5342,3902.0
Cairo_y2020.tif,342,0.0,0.09144736842105262,Cairo,0,5361,3902.0
Cairo_y2020.tif,317,0.0,0.1134384858044164,Cairo,1,5285,3902.0
Cairo_y2020.tif,429,0.0,0.0963986013986014,Cairo,1,5370,3902.0
Cairo_y2020.tif,430,0.0,0.12094186046511629,Cairo,0,5376,3902.0
Cairo_y2020.tif,433,0.12009237875288684,0.17381062355658197,Cairo,1,5380,3902.0
Cairo_y2020.tif,419,0.4606205250596659,0.2633412887828162,Cairo,1,5381,3902.0
Cairo_y2020.tif,255,0.0,0.11435294117647059,Cairo,0,5313,3902.0
Cairo_y2020.tif,251,0.450199203187251,0.27681274900398406,Cairo,1,5372,3902.0
Cairo_y2020.tif,706,0.3895184135977337,0.2452620396600566,Cairo,1,5378,3902.0
Cairo_y2020.tif,185,0.17297297297297298,0.2372972972972973,Cairo,1,5375,3902.0
Cairo_y2020.tif,444,0.015765765765765764,0.14629504504504504,Cairo,1,5389,3902.0
Cairo_y2020.tif,251,0.0,0.08416334661354581,Cairo,1,5353,3902.0
Cairo_y2020.tif,337,0.0,0.12137982195845698,Cairo,0,5343,3902.0
Cairo_y2020.tif,146,0.0,0.1410958904109589,Cairo,0,5341,3902.0
Cairo_y2020.tif,152,0.0,0.14894736842105263,Cairo,0,5354,3902.0
Cairo_y2020.tif,182,0.0,0.1615934065934066,Cairo,0,5374,3902.0
Cairo_y2020.tif,281,0.0,0.16265124555160143,Cairo,1,5402,3902.0
Cairo_y2020.tif,243,0.0,0.13179012345679011,Cairo,0,5410,3902.0
Cairo_y2020.tif,242,0.0,0.11475206611570249,Cairo,0,5412,3902.0
Cairo_y2020.tif,251,0.0,0.12711155378486055,Cairo,1,5415,3902.0
Cairo_y2020.tif,185,0.0,0.13137837837837837,Cairo,1,5422,3902.0
Cairo_y2020.tif,97,0.0,0.05536082474226805,Cairo,1,5236,3902.0
Cairo_y2020.tif,214,0.0,0.05397196261682243,Cairo,0,5266,3902.0
Cairo_y2020.tif,156,0.0,0.0916346153846154,Cairo,1,5248,3902.0
Cairo_y2020.tif,299,0.0,0.12168896321070236,Cairo,0,5314,3902.0
Cairo_y2020.tif,145,0.0,0.11313793103448276,Cairo,0,5270,3902.0
Cairo_y2020.tif,159,0.0,0.07761006289308175,Cairo,0,5320,3902.0
Cairo_y2020.tif,985,0.0,0.13776142131979693,Cairo,0,5319,3902.0
Cairo_y2020.tif,280,0.0,0.09569642857142856,Cairo,0,5332,3902.0
Cairo_y2020.tif,239,0.0,0.0692887029288703,Cairo,0,5318,3902.0
Cairo_y2020.tif,1125,0.0,0.03908888888888888,Cairo,0,5487,3902.0
Cairo_y2020.tif,406,0.0,0.04320197044334976,Cairo,1,5398,3902.0
Cairo_y2020.tif,248,0.0,0.060625,Cairo,0,5379,3902.0
Cairo_y2020.tif,128,0.0,0.11164062500000001,Cairo,0,5397,3902.0
Cairo_y2020.tif,429,0.0,0.075,Cairo,0,5480,3902.0
Cairo_y2020.tif,435,0.016091954022988506,0.10096551724137931,Cairo,0,5466,3902.0
Cairo_y2020.tif,177,0.0,0.11186440677966102,Cairo,1,5452,3902.0
Cairo_y2020.tif,188,0.0,0.10505319148936171,Cairo,1,5462,3902.0
Cairo_y2020.tif,177,0.0,0.0802824858757062,Cairo,1,5470,3902.0
Cairo_y2020.tif,318,0.0,0.05418238993710692,Cairo,0,5482,3902.0
Cairo_y2020.tif,312,0.003205128205128205,0.09613782051282051,Cairo,0,5472,3902.0
Cairo_y2020.tif,328,0.0,0.08112804878048781,Cairo,1,5391,3902.0
Cairo_y2020.tif,462,0.0,0.09783549783549784,Cairo,0,5392,3902.0
Cairo_y2020.tif,172,0.0,0.14520348837209304,Cairo,1,5448,3902.0
Cairo_y2020.tif,165,0.0,0.20851515151515151,Cairo,1,5460,3902.0
Cairo_y2020.tif,338,0.0,0.0962130177514793,Cairo,1,5477,3902.0
Cairo_y2020.tif,187,0.0,0.14251336898395722,Cairo,1,5443,3902.0
Cairo_y2020.tif,223,0.0,0.18186098654708524,Cairo,1,5492,3902.0
Cairo_y2020.tif,158,0.0,0.15253164556962023,Cairo,0,5464,3902.0
Cairo_y2020.tif,157,0.0,0.14238853503184715,Cairo,1,5468,3902.0
Cairo_y2020.tif,382,0.0,0.14023560209424085,Cairo,1,5500,3902.0
Cairo_y2020.tif,175,0.0,0.1308,Cairo,1,5432,3902.0
Cairo_y2020.tif,114,0.0,0.09745614035087719,Cairo,1,5416,3902.0
Cairo_y2020.tif,210,0.0,0.08264285714285714,Cairo,1,5441,3902.0
Cairo_y2020.tif,154,0.0,0.09451298701298701,Cairo,1,5457,3902.0
Cairo_y2020.tif,364,0.0,0.10228021978021977,Cairo,0,5483,3902.0
Cairo_y2020.tif,287,0.0,0.10757839721254356,Cairo,0,5493,3902.0
Cairo_y2020.tif,216,0.0,0.08099537037037037,Cairo,1,5496,3902.0
Cairo_y2020.tif,214,0.0,0.10539719626168224,Cairo,0,5479,3902.0
Cairo_y2020.tif,506,0.0,0.08219367588932806,Cairo,1,5532,3902.0
Cairo_y2020.tif,435,0.0,0.0993448275862069,Cairo,1,5530,3902.0
Cairo_y2020.tif,258,0.0,0.16215116279069766,Cairo,1,5484,3902.0
Cairo_y2020.tif,148,0.0,0.10219594594594593,Cairo,0,5498,3902.0
Cairo_y2020.tif,162,0.2345679012345679,0.24700617283950618,Cairo,0,5471,3902.0
Cairo_y2020.tif,203,0.0,0.14189655172413793,Cairo,1,5519,3902.0
Cairo_y2020.tif,135,0.0,0.11566666666666665,Cairo,0,5501,3902.0
Cairo_y2020.tif,204,0.00980392156862745,0.18546568627450985,Cairo,0,5529,3902.0
Cairo_y2020.tif,358,0.008379888268156424,0.18979050279329612,Cairo,1,5540,3902.0
Cairo_y2020.tif,177,0.3559322033898305,0.2665536723163842,Cairo,0,5514,3902.0
Cairo_y2020.tif,177,0.4971751412429379,0.24734463276836158,Cairo,0,5567,3902.0
Cairo_y2020.tif,273,0.0,0.11637362637362637,Cairo,1,5561,3902.0
Cairo_y2020.tif,204,0.0,0.05752450980392158,Cairo,1,4924,3902.0
Cairo_y2020.tif,169,0.0,0.07002958579881657,Cairo,0,4925,3902.0
Cairo_y2020.tif,169,0.0,0.05198224852071006,Cairo,0,4927,3902.0
Cairo_y2020.tif,243,0.0,0.04635802469135803,Cairo,1,4960,3902.0
Cairo_y2020.tif,184,0.0,0.04698369565217391,Cairo,0,4955,3902.0
Cairo_y2020.tif,136,0.0,0.04889705882352941,Cairo,1,4957,3902.0
Cairo_y2020.tif,173,0.0,0.06294797687861273,Cairo,1,4971,3902.0
Cairo_y2020.tif,1039,0.0,0.04333012512030799,Cairo,0,4988,3902.0
Cairo_y2020.tif,164,0.0,0.03365853658536586,Cairo,0,4982,3902.0
Cairo_y2020.tif,201,0.0,0.05126865671641792,Cairo,1,4987,3902.0
Cairo_y2020.tif,317,0.0,0.07498422712933754,Cairo,0,5010,3902.0
Cairo_y2020.tif,179,0.0,0.02472067039106145,Cairo,0,5006,3902.0
Cairo_y2020.tif,435,0.0,0.047068965517241386,Cairo,1,5012,3902.0
Cairo_y2020.tif,281,0.0,0.07313167259786477,Cairo,0,5057,3902.0
Cairo_y2020.tif,260,0.0,0.08944230769230768,Cairo,1,5048,3902.0
Cairo_y2020.tif,328,0.0,0.036768292682926834,Cairo,0,5066,3902.0
Cairo_y2020.tif,1293,0.0,0.07213843774168599,Cairo,1,5107,3902.0
Cairo_y2020.tif,446,0.0,0.05913677130044844,Cairo,0,5067,3902.0
Cairo_y2020.tif,1750,0.002285714285714286,0.10060000000000001,Cairo,0,5190,3902.0
Cairo_y2020.tif,378,0.0,0.16288359788359788,Cairo,0,5163,3902.0
Cairo_y2020.tif,348,0.9827586206896551,0.32625,Cairo,1,5005,3902.0
Cairo_y2020.tif,592,0.0,0.06668074324324326,Cairo,0,5042,3902.0
Cairo_y2020.tif,514,0.22762645914396887,0.18788910505836573,Cairo,1,5003,3902.0
Cairo_y2020.tif,376,0.0,0.08446808510638297,Cairo,1,5052,3902.0
Cairo_y2020.tif,504,0.09722222222222222,0.17631944444444445,Cairo,1,5050,3902.0
Cairo_y2020.tif,622,0.028938906752411574,0.11041800643086817,Cairo,1,5100,3902.0
Cairo_y2020.tif,1059,0.2615675165250236,0.19478281397544855,Cairo,1,5175,3902.0
Cairo_y2020.tif,322,0.0,0.11973602484472051,Cairo,1,5153,3902.0
Cairo_y2020.tif,680,0.6014705882352941,0.2700735294117647,Cairo,1,5210,3902.0
Cairo_y2020.tif,605,0.2892561983471074,0.19361983471074382,Cairo,1,5228,3902.0
Cairo_y2020.tif,887,0.47576099210823,0.23529875986471252,Cairo,1,5033,3902.0
Cairo_y2020.tif,711,0.03234880450070324,0.12345288326300981,Cairo,1,5106,3902.0
Cairo_y2020.tif,287,0.0,0.12341463414634148,Cairo,0,5097,3902.0
Cairo_y2020.tif,944,0.0,0.0830031779661017,Cairo,0,5126,3902.0
Cairo_y2020.tif,231,0.0,0.07095238095238093,Cairo,1,5132,3902.0
Cairo_y2020.tif,566,0.1254416961130742,0.14847173144876324,Cairo,1,5186,3902.0
Cairo_y2020.tif,1012,0.18280632411067194,0.11646245059288539,Cairo,0,5188,3902.0
Cairo_y2020.tif,753,0.21381142098273573,0.16084329349269588,Cairo,1,5189,3902.0
Cairo_y2020.tif,328,0.0,0.05515243902439025,Cairo,0,5171,3902.0
Cairo_y2020.tif,918,0.7167755991285403,0.278562091503268,Cairo,1,5204,3902.0
Cairo_y2020.tif,853,0.0,0.04551582649472451,Cairo,0,5193,3902.0
Cairo_y2020.tif,758,0.0,0.06953166226912928,Cairo,0,5289,3902.0
Cairo_y2020.tif,509,0.0,0.034980353634577604,Cairo,0,5250,3902.0
Cairo_y2020.tif,799,0.0,0.08949937421777222,Cairo,0,5279,3902.0
Cairo_y2020.tif,389,0.0,0.0388560411311054,Cairo,0,5241,3902.0
Cairo_y2020.tif,196,0.0,0.053341836734693886,Cairo,0,5269,3902.0
Cairo_y2020.tif,216,0.0,0.10194444444444445,Cairo,0,5253,3902.0
Cairo_y2020.tif,234,0.11538461538461539,0.14961538461538465,Cairo,1,5299,3902.0
Cairo_y2020.tif,357,0.0,0.022787114845938376,Cairo,0,5326,3902.0
Cairo_y2020.tif,3765,0.0,0.045661354581673315,Cairo,0,5451,3902.0
Cairo_y2020.tif,159,0.0,0.01968553459119497,Cairo,0,5227,3902.0
Cairo_y2020.tif,469,0.0,0.07463752665245203,Cairo,0,5249,3902.0
Cairo_y2020.tif,546,0.826007326007326,0.3182417582417582,Cairo,1,5284,3902.0
Cairo_y2020.tif,160,0.0,0.15925,Cairo,1,5296,3902.0
Cairo_y2020.tif,1034,0.21760154738878143,0.2494052224371373,Cairo,1,5369,3902.0
Cairo_y2020.tif,937,0.45250800426894344,0.25057630736392744,Cairo,1,5364,3902.0
Cairo_y2020.tif,1281,0.00312256049960968,0.07112021857923499,Cairo,0,5440,3902.0
Cairo_y2020.tif,468,0.4444444444444444,0.2741132478632479,Cairo,1,5396,3902.0
Cairo_y2020.tif,364,0.18956043956043955,0.22255494505494508,Cairo,1,5429,3902.0
Cairo_y2020.tif,236,0.0,0.13021186440677965,Cairo,1,5411,3902.0
Cairo_y2020.tif,688,0.0029069767441860465,0.13805959302325582,Cairo,1,5434,3902.0
Cairo_y2020.tif,504,0.0,0.06717261904761905,Cairo,0,5400,3902.0
Cairo_y2020.tif,335,0.0,0.09822388059701492,Cairo,1,5419,3902.0
Cairo_y2020.tif,505,0.0,0.13529702970297028,Cairo,0,5437,3902.0
Cairo_y2020.tif,249,0.07630522088353414,0.21130522088353415,Cairo,0,5431,3902.0
Cairo_y2020.tif,458,0.010917030567685589,0.18163755458515282,Cairo,0,5426,3902.0
Cairo_y2020.tif,974,0.050308008213552365,0.1300770020533881,Cairo,0,5478,3902.0
Cairo_y2020.tif,711,0.0,0.12845288326300985,Cairo,0,5458,3902.0
Cairo_y2020.tif,430,0.0,0.17946511627906978,Cairo,1,5502,3902.0
Cairo_y2020.tif,359,0.011142061281337047,0.16125348189415042,Cairo,1,5509,3902.0
Cairo_y2020.tif,1019,0.47693817468105987,0.23854759568204123,Cairo,1,5263,3902.0
Cairo_y2020.tif,825,0.4666666666666667,0.28021212121212125,Cairo,1,5333,3902.0
Cairo_y2020.tif,647,0.6846986089644513,0.2614914992272025,Cairo,1,5401,3902.0
Cairo_y2020.tif,438,0.16210045662100456,0.23837899543379,Cairo,1,5384,3902.0
Cairo_y2020.tif,2515,0.1797216699801193,0.14887077534791252,Cairo,1,5535,3902.0
Cairo_y2020.tif,701,0.07275320970042796,0.17022824536376607,Cairo,0,5518,3902.0
Cairo_y2020.tif,435,0.0,0.12156321839080458,Cairo,0,5596,3902.0
Cairo_y2020.tif,653,0.0,0.08694486983154671,Cairo,0,5690,3902.0
Cairo_y2020.tif,296,0.0,0.04554054054054054,Cairo,0,5640,3902.0
Cairo_y2020.tif,188,0.0,0.0388563829787234,Cairo,1,5707,3902.0
Cairo_y2020.tif,531,0.911487758945386,0.3145668549905838,Cairo,0,5516,3902.0
Cairo_y2020.tif,521,0.7735124760076776,0.32820537428023033,Cairo,1,5576,3902.0
Cairo_y2020.tif,184,0.09782608695652174,0.20701086956521741,Cairo,1,5570,3902.0
Cairo_y2020.tif,259,0.6023166023166023,0.276969111969112,Cairo,0,5537,3902.0
Cairo_y2020.tif,186,0.0,0.16857526881720433,Cairo,0,5575,3902.0
Cairo_y2020.tif,448,0.9977678571428571,0.38686383928571433,Cairo,1,5598,3902.0
Cairo_y2020.tif,775,0.8851612903225806,0.3527806451612904,Cairo,1,5664,3902.0
Cairo_y2020.tif,585,0.013675213675213675,0.20350427350427353,Cairo,1,5608,3902.0
Cairo_y2020.tif,191,0.8795811518324608,0.31578534031413613,Cairo,0,5586,3902.0
Cairo_y2020.tif,193,0.6735751295336787,0.2857512953367876,Cairo,1,5644,3902.0
Cairo_y2020.tif,969,0.04024767801857585,0.1454127966976264,Cairo,0,5504,3902.0
Cairo_y2020.tif,357,0.08123249299719888,0.11357142857142856,Cairo,0,5475,3902.0
Cairo_y2020.tif,338,0.0,0.1489792899408284,Cairo,0,5439,3902.0
Cairo_y2020.tif,442,0.0,0.04719457013574661,Cairo,0,5594,3902.0
Cairo_y2020.tif,428,0.0,0.02691588785046729,Cairo,0,5605,3902.0
Cairo_y2020.tif,650,0.0,0.06667692307692308,Cairo,0,5677,3902.0
Cairo_y2020.tif,676,0.0,0.02450443786982249,Cairo,0,5688,3902.0
Cairo_y2020.tif,1999,0.0,0.025585292646323168,Cairo,0,5830,3902.0
Cairo_y2020.tif,272,0.0,0.05681985294117647,Cairo,0,5880,3902.0
Cairo_y2020.tif,433,0.0,0.03706697459584295,Cairo,0,5878,3902.0
Cairo_y2020.tif,299,0.0,0.054632107023411376,Cairo,1,5459,3902.0
Cairo_y2020.tif,309,0.0,0.04773462783171521,Cairo,0,5485,3902.0
Cairo_y2020.tif,273,0.0,0.09862637362637361,Cairo,0,5525,3902.0
Cairo_y2020.tif,125,0.0,0.14720000000000005,Cairo,1,5555,3902.0
Cairo_y2020.tif,260,0.0,0.05938461538461539,Cairo,0,5549,3902.0
Cairo_y2020.tif,193,0.0,0.1405181347150259,Cairo,1,5564,3902.0
Cairo_y2020.tif,307,0.0,0.0594299674267101,Cairo,0,5622,3902.0
Cairo_y2020.tif,157,0.0,0.06445859872611466,Cairo,0,5630,3902.0
Cairo_y2020.tif,301,0.0,0.14538205980066443,Cairo,1,5641,3902.0
Cairo_y2020.tif,347,0.0,0.07593659942363112,Cairo,0,5648,3902.0
Cairo_y2020.tif,160,0.0,0.08668749999999999,Cairo,1,5491,3902.0
Cairo_y2020.tif,378,0.0,0.09555555555555555,Cairo,1,5512,3902.0
Cairo_y2020.tif,276,0.0,0.08382246376811593,Cairo,0,5515,3902.0
Cairo_y2020.tif,131,0.0,0.08110687022900766,Cairo,0,5524,3902.0
Cairo_y2020.tif,217,0.0,0.1857142857142857,Cairo,0,5539,3902.0
Cairo_y2020.tif,224,0.0,0.13794642857142855,Cairo,1,5536,3902.0
Cairo_y2020.tif,464,0.44612068965517243,0.2673491379310345,Cairo,1,5613,3902.0
Cairo_y2020.tif,126,0.5,0.2676587301587301,Cairo,1,5615,3902.0
Cairo_y2020.tif,150,0.34,0.2449,Cairo,1,5619,3902.0
Cairo_y2020.tif,128,0.5625,0.2812890625,Cairo,1,5620,3902.0
Cairo_y2020.tif,206,0.3155339805825243,0.2741747572815534,Cairo,1,5577,3902.0
Cairo_y2020.tif,132,0.0,0.15443181818181817,Cairo,0,5558,3902.0
Cairo_y2020.tif,94,0.40425531914893614,0.2772340425531915,Cairo,1,5568,3902.0
Cairo_y2020.tif,243,0.5761316872427984,0.31016460905349796,Cairo,1,5628,3902.0
Cairo_y2020.tif,146,0.02054794520547945,0.1912671232876712,Cairo,1,5579,3902.0
Cairo_y2020.tif,166,0.6144578313253012,0.27795180722891566,Cairo,1,5569,3902.0
Cairo_y2020.tif,123,0.15447154471544716,0.22170731707317073,Cairo,0,5589,3902.0
Cairo_y2020.tif,127,1.0,0.3874409448818898,Cairo,0,5607,3902.0
Cairo_y2020.tif,132,0.7954545454545454,0.33022727272727276,Cairo,0,5627,3902.0
Cairo_y2020.tif,296,0.15202702702702703,0.1935135135135135,Cairo,1,5637,3902.0
Cairo_y2020.tif,435,0.0,0.11851724137931034,Cairo,0,5668,3902.0
Cairo_y2020.tif,399,0.0,0.10349624060150377,Cairo,0,5665,3902.0
Cairo_y2020.tif,280,0.0,0.09351785714285714,Cairo,0,5604,3902.0
Cairo_y2020.tif,317,0.0,0.09182965299684542,Cairo,1,5631,3902.0
Cairo_y2020.tif,120,0.0,0.13462500000000002,Cairo,1,5634,3902.0
Cairo_y2020.tif,570,0.07719298245614035,0.1679561403508772,Cairo,1,5671,3902.0
Cairo_y2020.tif,674,0.0,0.09171364985163205,Cairo,0,5787,3902.0
Cairo_y2020.tif,177,0.0,0.09638418079096045,Cairo,1,5681,3902.0
Cairo_y2020.tif,253,0.0,0.08820158102766798,Cairo,1,5679,3902.0
Cairo_y2020.tif,249,0.0,0.054337349397590363,Cairo,1,5715,3902.0
Cairo_y2020.tif,219,0.0,0.13522831050228312,Cairo,0,5651,3902.0
Cairo_y2020.tif,139,1.0,0.3956474820143885,Cairo,1,5633,3902.0
Cairo_y2020.tif,352,0.3352272727272727,0.21444602272727273,Cairo,1,5592,3902.0
Cairo_y2020.tif,254,0.023622047244094488,0.14694881889763778,Cairo,1,5643,3902.0
Cairo_y2020.tif,115,1.0,0.3941739130434783,Cairo,0,5653,3902.0
Cairo_y2020.tif,132,0.007575757575757576,0.1949621212121212,Cairo,1,5669,3902.0
Cairo_y2020.tif,134,0.0,0.05843283582089553,Cairo,0,5686,3902.0
Cairo_y2020.tif,602,0.9485049833887044,0.36931893687707645,Cairo,1,5701,3902.0
Cairo_y2020.tif,138,0.0,0.04655797101449275,Cairo,1,5693,3902.0
Cairo_y2020.tif,235,0.0,0.0771276595744681,Cairo,0,5706,3902.0
Cairo_y2020.tif,116,0.7068965517241379,0.30103448275862066,Cairo,1,5618,3902.0
Cairo_y2020.tif,139,0.935251798561151,0.3128776978417266,Cairo,1,5617,3902.0
Cairo_y2020.tif,129,0.5348837209302325,0.27701550387596896,Cairo,1,5616,3902.0
Cairo_y2020.tif,123,0.18699186991869918,0.25597560975609757,Cairo,0,5621,3902.0
Cairo_y2020.tif,138,0.36231884057971014,0.2632971014492754,Cairo,0,5614,3902.0
Cairo_y2020.tif,148,0.31756756756756754,0.2659121621621621,Cairo,1,5626,3902.0
Cairo_y2020.tif,258,0.07751937984496124,0.2078875968992248,Cairo,1,5676,3902.0
Cairo_y2020.tif,267,0.45692883895131087,0.2654494382022472,Cairo,1,5680,3902.0
Cairo_y2020.tif,197,0.6040609137055838,0.29106598984771576,Cairo,1,5689,3902.0
Cairo_y2020.tif,676,0.0029585798816568047,0.12048816568047338,Cairo,1,5792,3902.0
Cairo_y2020.tif,358,0.20391061452513967,0.20635474860335196,Cairo,1,5716,3902.0
Cairo_y2020.tif,139,0.4676258992805755,0.25654676258992803,Cairo,0,5720,3902.0
Cairo_y2020.tif,148,0.4189189189189189,0.25510135135135137,Cairo,1,5724,3902.0
Cairo_y2020.tif,180,0.3277777777777778,0.2467222222222222,Cairo,1,5730,3902.0
Cairo_y2020.tif,214,0.3364485981308411,0.2232710280373832,Cairo,1,5735,3902.0
Cairo_y2020.tif,187,0.25133689839572193,0.2229144385026738,Cairo,0,5738,3902.0
Cairo_y2020.tif,158,0.5253164556962026,0.26341772151898735,Cairo,0,5739,3902.0
Cairo_y2020.tif,189,0.48148148148148145,0.2777248677248677,Cairo,1,5742,3902.0
Cairo_y2020.tif,330,0.6,0.2831666666666667,Cairo,0,5743,3902.0
Cairo_y2020.tif,275,0.5490909090909091,0.2903636363636364,Cairo,1,5745,3902.0
Cairo_y2020.tif,431,0.7865429234338747,0.3313341067285383,Cairo,1,5711,3902.0
Cairo_y2020.tif,231,0.0,0.04322510822510822,Cairo,1,5729,3902.0
Cairo_y2020.tif,169,0.0,0.02671597633136095,Cairo,0,5717,3902.0
Cairo_y2020.tif,167,0.09580838323353294,0.2288622754491018,Cairo,0,5759,3902.0
Cairo_y2020.tif,292,0.0,0.1053082191780822,Cairo,1,5774,3902.0
Cairo_y2020.tif,538,0.9628252788104089,0.3434200743494424,Cairo,1,5790,3902.0
Cairo_y2020.tif,611,0.0,0.043977086743044194,Cairo,0,5746,3902.0
Cairo_y2020.tif,273,0.08424908424908426,0.15992673992673992,Cairo,0,5786,3902.0
Cairo_y2020.tif,245,0.1306122448979592,0.18955102040816327,Cairo,0,5802,3902.0
Cairo_y2020.tif,164,0.6341463414634146,0.25518292682926824,Cairo,0,5821,3902.0
Cairo_y2020.tif,201,0.34328358208955223,0.22251243781094523,Cairo,1,5750,3902.0
Cairo_y2020.tif,215,0.0,0.10793023255813952,Cairo,1,5793,3902.0
Cairo_y2020.tif,214,0.03271028037383177,0.1378504672897196,Cairo,1,5796,3902.0
Cairo_y2020.tif,194,0.0,0.11164948453608248,Cairo,0,5812,3902.0
Cairo_y2020.tif,189,0.0,0.07214285714285715,Cairo,1,5819,3902.0
Cairo_y2020.tif,122,0.0,0.0931967213114754,Cairo,0,5798,3902.0
Cairo_y2020.tif,136,0.0,0.09507352941176471,Cairo,0,5800,3902.0
Cairo_y2020.tif,120,0.0,0.09462499999999999,Cairo,1,5801,3902.0
Cairo_y2020.tif,166,0.10240963855421686,0.21593373493975904,Cairo,1,5799,3902.0
Cairo_y2020.tif,144,0.0,0.05381944444444444,Cairo,1,5822,3902.0
Cairo_y2020.tif,253,0.0,0.056818181818181816,Cairo,0,5811,3902.0
Cairo_y2020.tif,436,0.0,0.05081422018348624,Cairo,0,5824,3902.0
Cairo_y2020.tif,115,0.0,0.1382608695652174,Cairo,0,5806,3902.0
Cairo_y2020.tif,137,0.0,0.03828467153284672,Cairo,0,5817,3902.0
Cairo_y2020.tif,150,0.0,0.03113333333333334,Cairo,0,5823,3902.0
Cairo_y2020.tif,243,0.205761316872428,0.16347736625514406,Cairo,1,5837,3902.0
Cairo_y2020.tif,139,0.0,0.05086330935251799,Cairo,0,5857,3902.0
Cairo_y2020.tif,133,0.0,0.05161654135338346,Cairo,1,5862,3902.0
Cairo_y2020.tif,159,0.0,0.04908805031446541,Cairo,1,5863,3902.0
Cairo_y2020.tif,162,0.25308641975308643,0.1640740740740741,Cairo,1,5855,3902.0
Cairo_y2020.tif,355,0.0,0.0814225352112676,Cairo,0,5587,3902.0
Cairo_y2020.tif,127,0.0,0.060787401574803154,Cairo,1,5563,3902.0
Cairo_y2020.tif,99,0.0,0.07494949494949495,Cairo,0,5557,3902.0
Cairo_y2020.tif,342,0.0,0.11102339181286551,Cairo,0,5647,3902.0
Cairo_y2020.tif,832,0.0,0.08112379807692308,Cairo,0,5663,3902.0
Cairo_y2020.tif,366,0.0,0.1165983606557377,Cairo,0,5656,3902.0
Cairo_y2020.tif,152,0.0,0.0694078947368421,Cairo,1,5573,3902.0
Cairo_y2020.tif,442,0.0,0.10959276018099548,Cairo,1,5635,3902.0
Cairo_y2020.tif,123,0.0,0.09373983739837398,Cairo,1,5595,3902.0
Cairo_y2020.tif,130,0.0,0.10569230769230768,Cairo,0,5624,3902.0
Cairo_y2020.tif,1144,0.0,0.06258741258741259,Cairo,0,5757,3902.0
Cairo_y2020.tif,453,0.01545253863134658,0.10171081677704195,Cairo,1,5766,3902.0
Cairo_y2020.tif,656,0.23628048780487804,0.20867378048780486,Cairo,1,5779,3902.0
Cairo_y2020.tif,1461,0.0,0.05776865160848734,Cairo,0,5810,3902.0
Cairo_y2020.tif,302,0.2814569536423841,0.1970364238410596,Cairo,1,5813,3902.0
Cairo_y2020.tif,534,0.09737827715355805,0.19111423220973783,Cairo,1,5826,3902.0
Cairo_y2020.tif,749,0.06542056074766354,0.14927236315086784,Cairo,0,5846,3902.0
Cairo_y2020.tif,478,0.014644351464435146,0.14038702928870295,Cairo,0,5834,3902.0
Cairo_y2020.tif,259,0.0,0.1093050193050193,Cairo,0,5825,3902.0
Cairo_y2020.tif,1227,0.006519967400162999,0.06332110839445804,Cairo,0,5852,3902.0
Cairo_y2020.tif,217,0.0,0.06582949308755762,Cairo,1,5661,3902.0
Cairo_y2020.tif,113,0.0,0.0825663716814159,Cairo,0,5662,3902.0
Cairo_y2020.tif,383,0.0,0.09703655352480417,Cairo,0,5660,3902.0
Cairo_y2020.tif,250,0.0,0.0678,Cairo,0,5744,3902.0
Cairo_y2020.tif,418,0.09569377990430622,0.16179425837320574,Cairo,1,5726,3902.0
Cairo_y2020.tif,284,0.0,0.09063380281690141,Cairo,1,5723,3902.0
Cairo_y2020.tif,772,0.07512953367875648,0.10687823834196891,Cairo,0,5763,3902.0
Cairo_y2020.tif,858,0.18065268065268064,0.11409673659673661,Cairo,0,5784,3902.0
Cairo_y2020.tif,506,0.001976284584980237,0.08516798418972332,Cairo,0,5785,3902.0
Cairo_y2020.tif,224,0.0,0.07830357142857143,Cairo,0,5809,3902.0
Cairo_y2020.tif,313,0.34185303514376997,0.21864217252396168,Cairo,0,5657,3902.0
Cairo_y2020.tif,494,0.7206477732793523,0.25596153846153846,Cairo,0,5682,3902.0
Cairo_y2020.tif,499,0.2685370741482966,0.25612224448897797,Cairo,0,5675,3902.0
Cairo_y2020.tif,227,0.9691629955947136,0.3352643171806168,Cairo,0,5708,3902.0
Cairo_y2020.tif,353,0.0,0.07549575070821529,Cairo,1,5713,3902.0
Cairo_y2020.tif,316,1.0,0.3614082278481013,Cairo,1,5725,3902.0
Cairo_y2020.tif,744,0.5672043010752689,0.28831317204301077,Cairo,1,5722,3902.0
Cairo_y2020.tif,229,1.0,0.40807860262008727,Cairo,1,5754,3902.0
Cairo_y2020.tif,95,0.0,0.12363157894736843,Cairo,0,5756,3902.0
Cairo_y2020.tif,902,0.06430155210643015,0.11469512195121949,Cairo,0,5797,3902.0
Cairo_y2020.tif,171,0.0,0.059415204678362574,Cairo,0,5731,3902.0
Cairo_y2020.tif,352,0.0,0.04499999999999999,Cairo,0,5736,3902.0
Cairo_y2020.tif,252,0.0,0.03966269841269841,Cairo,0,5734,3902.0
Cairo_y2020.tif,258,0.0,0.037093023255813956,Cairo,0,5761,3902.0
Cairo_y2020.tif,510,0.0,0.07308823529411765,Cairo,0,5783,3902.0
Cairo_y2020.tif,141,0.0,0.043758865248226954,Cairo,1,5772,3902.0
Cairo_y2020.tif,122,0.0,0.027868852459016397,Cairo,0,5751,3902.0
Cairo_y2020.tif,228,0.0,0.05410087719298246,Cairo,0,5782,3902.0
Cairo_y2020.tif,122,0.0,0.0293032786885246,Cairo,0,5773,3902.0
Cairo_y2020.tif,146,0.0,0.04650684931506849,Cairo,0,5791,3902.0
Cairo_y2020.tif,558,0.6792114695340502,0.27234767025089607,Cairo,1,5789,3902.0
Cairo_y2020.tif,312,0.022435897435897436,0.16517628205128207,Cairo,0,5803,3902.0
Cairo_y2020.tif,317,1.0,0.4290378548895899,Cairo,1,5768,3902.0
Cairo_y2020.tif,1005,0.9432835820895522,0.39580597014925367,Cairo,1,5886,3902.0
Cairo_y2020.tif,364,1.0,0.39532967032967026,Cairo,1,5850,3902.0
Cairo_y2020.tif,151,1.0,0.36440397350993375,Cairo,1,5836,3902.0
Cairo_y2020.tif,152,1.0,0.39598684210526314,Cairo,1,5849,3902.0
Cairo_y2020.tif,376,1.0,0.357406914893617,Cairo,1,5890,3902.0
Cairo_y2020.tif,509,0.7426326129666012,0.3247937131630648,Cairo,1,5889,3902.0
Cairo_y2020.tif,210,0.7523809523809524,0.2644761904761905,Cairo,0,5867,3902.0
Cairo_y2020.tif,519,0.0,0.037601156069364164,Cairo,0,5815,3902.0
Cairo_y2020.tif,290,0.0,0.025103448275862066,Cairo,1,5805,3902.0
Cairo_y2020.tif,271,0.0,0.024870848708487086,Cairo,0,5820,3902.0
Cairo_y2020.tif,305,0.0,0.027754098360655736,Cairo,1,5838,3902.0
Cairo_y2020.tif,275,0.0,0.036454545454545455,Cairo,0,5835,3902.0
Cairo_y2020.tif,141,0.0,0.03939716312056736,Cairo,0,5870,3902.0
Cairo_y2020.tif,150,0.0,0.051133333333333336,Cairo,1,5876,3902.0
Cairo_y2020.tif,237,0.0,0.05833333333333333,Cairo,1,5883,3902.0
Cairo_y2020.tif,303,0.0,0.06917491749174917,Cairo,1,5888,3902.0
Cairo_y2020.tif,183,0.0,0.03841530054644809,Cairo,0,5868,3902.0
Cairo_y2020.tif,289,0.0,0.11667820069204152,Cairo,0,5842,3902.0
Cairo_y2020.tif,290,0.0,0.09177586206896553,Cairo,1,5844,3902.0
Cairo_y2020.tif,223,0.0,0.10798206278026905,Cairo,0,5832,3902.0
Cairo_y2020.tif,924,0.0,0.0650378787878788,Cairo,0,5853,3902.0
Cairo_y2020.tif,375,0.0,0.022386666666666666,Cairo,0,5864,3902.0
Cairo_y2020.tif,382,0.0,0.023141361256544504,Cairo,0,5856,3902.0
Cairo_y2020.tif,561,0.41711229946524064,0.25775401069518716,Cairo,1,5869,3902.0
Cairo_y2020.tif,431,0.0,0.12523201856148491,Cairo,1,5891,3902.0
Cairo_y2020.tif,501,0.0,0.037624750499002,Cairo,1,5904,3902.0
Cairo_y2020.tif,2425,0.0004123711340206186,0.05964329896907216,Cairo,0,5965,3902.0
Cairo_y2020.tif,221,0.49321266968325794,0.19889140271493216,Cairo,0,5854,3902.0
Cairo_y2020.tif,271,0.4059040590405904,0.18394833948339484,Cairo,1,5860,3902.0
Cairo_y2020.tif,167,1.0,0.3589520958083833,Cairo,1,5866,3902.0
Cairo_y2020.tif,225,0.9777777777777777,0.3222888888888889,Cairo,1,5871,3902.0
Cairo_y2020.tif,389,0.7300771208226221,0.2755269922879177,Cairo,1,5865,3902.0
Cairo_y2020.tif,265,0.0,0.12669811320754717,Cairo,0,5900,3902.0
Cairo_y2020.tif,314,0.0,0.10581210191082803,Cairo,1,5906,3902.0
Cairo_y2020.tif,308,0.0,0.07707792207792208,Cairo,0,5910,3902.0
Cairo_y2020.tif,279,0.0,0.07611111111111112,Cairo,1,5912,3902.0
Cairo_y2020.tif,344,0.2761627906976744,0.1726017441860465,Cairo,0,5896,3902.0
Cairo_y2020.tif,217,0.0,0.041474654377880185,Cairo,0,5861,3902.0
Cairo_y2020.tif,195,0.0,0.053743589743589754,Cairo,1,5874,3902.0
Cairo_y2020.tif,142,0.0,0.14119718309859153,Cairo,0,5913,3902.0
Cairo_y2020.tif,123,0.0,0.16483739837398376,Cairo,0,5914,3902.0
Cairo_y2020.tif,445,0.0,0.12858426966292136,Cairo,0,5918,3902.0
Cairo_y2020.tif,305,0.0,0.1095573770491803,Cairo,0,5929,3902.0
Cairo_y2020.tif,499,0.1743486973947896,0.18352705410821643,Cairo,1,5934,3902.0
Cairo_y2020.tif,101,0.0,0.1784158415841585,Cairo,0,5924,3902.0
Cairo_y2020.tif,151,0.5165562913907285,0.25844370860927157,Cairo,1,5935,3902.0
Cairo_y2020.tif,160,0.49375,0.24018750000000005,Cairo,1,5939,3902.0
Cairo_y2020.tif,430,0.0,0.09246511627906977,Cairo,1,5894,3902.0
Cairo_y2020.tif,1542,0.0,0.09038261997405966,Cairo,1,5901,3902.0
Cairo_y2020.tif,146,0.0821917808219178,0.15934931506849315,Cairo,1,5887,3902.0
Cairo_y2020.tif,108,0.0,0.1364351851851852,Cairo,0,5897,3902.0
Cairo_y2020.tif,390,0.0,0.1569871794871795,Cairo,1,5919,3902.0
Cairo_y2020.tif,157,0.3885350318471338,0.2511783439490446,Cairo,0,5920,3902.0
Cairo_y2020.tif,133,0.0,0.17469924812030074,Cairo,1,5926,3902.0
Cairo_y2020.tif,413,0.13801452784503632,0.19527845036319613,Cairo,1,5936,3902.0
Cairo_y2020.tif,127,0.015748031496062992,0.1838582677165354,Cairo,1,5943,3902.0
Cairo_y2020.tif,131,0.022900763358778626,0.21312977099236644,Cairo,1,5944,3902.0
Cairo_y2020.tif,173,0.011560693641618497,0.19017341040462427,Cairo,1,5931,3902.0
Cairo_y2020.tif,142,0.33098591549295775,0.22468309859154928,Cairo,0,5942,3902.0
Cairo_y2020.tif,162,0.0,0.164537037037037,Cairo,0,5957,3902.0
Cairo_y2020.tif,118,0.7288135593220338,0.313135593220339,Cairo,1,5983,3902.0
Cairo_y2020.tif,158,0.6645569620253164,0.2980696202531645,Cairo,1,5985,3902.0
Cairo_y2020.tif,159,0.5157232704402516,0.259937106918239,Cairo,1,5986,3902.0
Cairo_y2020.tif,181,0.2983425414364641,0.2143093922651934,Cairo,1,5987,3902.0
Cairo_y2020.tif,99,0.5454545454545454,0.23626262626262626,Cairo,1,5995,3902.0
Cairo_y2020.tif,147,0.7619047619047619,0.28010204081632656,Cairo,1,5998,3902.0
Cairo_y2020.tif,272,0.6875,0.29261029411764705,Cairo,1,6025,3902.0
Cairo_y2020.tif,170,0.3176470588235294,0.23788235294117646,Cairo,0,5948,3902.0
Cairo_y2020.tif,377,0.4854111405835544,0.2606233421750663,Cairo,1,5952,3902.0
Cairo_y2020.tif,285,0.9614035087719298,0.32066666666666666,Cairo,0,5951,3902.0
Cairo_y2020.tif,235,0.00851063829787234,0.15882978723404254,Cairo,0,5976,3902.0
Cairo_y2020.tif,477,0.9412997903563941,0.32937106918238995,Cairo,1,5955,3902.0
Cairo_y2020.tif,172,0.0,0.12188953488372092,Cairo,1,5977,3902.0
Cairo_y2020.tif,211,0.8246445497630331,0.2986255924170616,Cairo,1,6008,3902.0
Cairo_y2020.tif,222,0.02252252252252252,0.18031531531531533,Cairo,1,6027,3902.0
Cairo_y2020.tif,401,0.3491271820448878,0.21143391521197005,Cairo,1,6029,3902.0
Cairo_y2020.tif,292,0.15753424657534246,0.16121575342465755,Cairo,1,6038,3902.0
Cairo_y2020.tif,181,0.9558011049723757,0.3298066298342542,Cairo,1,6000,3902.0
Cairo_y2020.tif,269,0.03345724907063197,0.15574349442379182,Cairo,1,6021,3902.0
Cairo_y2020.tif,220,0.0,0.11979545454545452,Cairo,0,5974,3902.0
Cairo_y2020.tif,158,0.0,0.14655063291139242,Cairo,0,5991,3902.0
Cairo_y2020.tif,402,0.845771144278607,0.3325497512437811,Cairo,0,6039,3902.0
Cairo_y2020.tif,278,0.046762589928057555,0.09976618705035971,Cairo,1,6014,3902.0
Cairo_y2020.tif,240,0.2708333333333333,0.21827083333333336,Cairo,1,6033,3902.0
Cairo_y2020.tif,359,0.6573816155988857,0.28278551532033425,Cairo,1,6046,3902.0
Cairo_y2020.tif,175,0.0,0.045742857142857134,Cairo,0,6019,3902.0
Cairo_y2020.tif,399,0.3333333333333333,0.21018796992481206,Cairo,1,6061,3902.0
Cairo_y2020.tif,181,0.04419889502762431,0.14116022099447512,Cairo,1,6023,3902.0
Cairo_y2020.tif,232,0.01293103448275862,0.11469827586206896,Cairo,1,6031,3902.0
Cairo_y2020.tif,178,0.0,0.05598314606741573,Cairo,1,6044,3902.0
Cairo_y2020.tif,113,0.0,0.03924778761061948,Cairo,0,6058,3902.0
Cairo_y2020.tif,270,0.0,0.06688888888888889,Cairo,1,6070,3902.0
Cairo_y2020.tif,285,0.08771929824561403,0.15543859649122807,Cairo,1,6068,3902.0
Cairo_y2020.tif,286,0.02097902097902098,0.13522727272727272,Cairo,0,6089,3902.0
Cairo_y2020.tif,256,0.0,0.074921875,Cairo,0,6108,3902.0
Cairo_y2020.tif,473,0.0,0.11692389006342495,Cairo,1,6116,3902.0
Cairo_y2020.tif,130,0.0,0.10484615384615385,Cairo,1,6093,3902.0
Cairo_y2020.tif,244,1.0,0.4296311475409835,Cairo,1,6055,3902.0
Cairo_y2020.tif,484,1.0,0.4493698347107439,Cairo,1,6053,3902.0
Cairo_y2020.tif,284,1.0,0.4283450704225352,Cairo,1,6064,3902.0
Cairo_y2020.tif,465,0.9935483870967742,0.4395698924731183,Cairo,1,6072,3902.0
Cairo_y2020.tif,154,0.9805194805194806,0.43162337662337663,Cairo,1,6087,3902.0
Cairo_y2020.tif,321,0.9532710280373832,0.3888317757009346,Cairo,1,6103,3902.0
Cairo_y2020.tif,188,0.973404255319149,0.4275797872340425,Cairo,1,6100,3902.0
Cairo_y2020.tif,277,1.0,0.43801444043321297,Cairo,1,6135,3902.0
Cairo_y2020.tif,528,0.9791666666666666,0.4136458333333333,Cairo,1,6118,3902.0
Cairo_y2020.tif,134,0.9626865671641791,0.39026119402985077,Cairo,1,6143,3902.0
Cairo_y2020.tif,303,0.0,0.10140264026402641,Cairo,0,5937,3902.0
Cairo_y2020.tif,230,0.0,0.13258695652173913,Cairo,1,5954,3902.0
Cairo_y2020.tif,243,0.0,0.10790123456790122,Cairo,1,5979,3902.0
Cairo_y2020.tif,41473,0.015986304342584332,0.03389458201721603,Cairo,0,6334,3902.0
Cairo_y2020.tif,1782,0.050505050505050504,0.06827721661054995,Cairo,0,6316,3902.0
Cairo_y2020.tif,466,0.9935622317596566,0.3368776824034335,Cairo,0,6286,3902.0
Cairo_y2020.tif,348,0.0,0.05778735632183908,Cairo,0,6298,3902.0
Cairo_y2020.tif,721,0.957004160887656,0.3123994452149792,Cairo,0,6319,3902.0
Cairo_y2020.tif,282,0.0,0.035691489361702126,Cairo,0,6332,3902.0
Cairo_y2020.tif,3959,0.1745390250063147,0.10188684011113919,Cairo,0,6428,3902.0
Cairo_y2020.tif,335,0.20597014925373133,0.20855223880597018,Cairo,0,6125,3902.0
Cairo_y2020.tif,180,0.0,0.12252777777777778,Cairo,0,6099,3902.0
Cairo_y2020.tif,374,0.5508021390374331,0.2655882352941176,Cairo,1,6130,3902.0
Cairo_y2020.tif,250,0.744,0.29652,Cairo,1,6137,3902.0
Cairo_y2020.tif,227,0.09691629955947137,0.1581718061674009,Cairo,0,6111,3902.0
Cairo_y2020.tif,279,0.4444444444444444,0.23700716845878136,Cairo,1,6127,3902.0
Cairo_y2020.tif,255,0.6666666666666666,0.26586274509803914,Cairo,1,6136,3902.0
Cairo_y2020.tif,295,0.7050847457627119,0.26001694915254236,Cairo,1,6144,3902.0
Cairo_y2020.tif,297,0.35353535353535354,0.22437710437710437,Cairo,1,6151,3902.0
Cairo_y2020.tif,501,0.2874251497005988,0.1994311377245509,Cairo,1,6149,3902.0
Cairo_y2020.tif,105,0.0,0.16276190476190477,Cairo,0,6138,3902.0
Cairo_y2020.tif,165,0.0,0.16484848484848486,Cairo,0,6146,3902.0
Cairo_y2020.tif,342,0.03508771929824561,0.18660818713450295,Cairo,1,6161,3902.0
Cairo_y2020.tif,90,0.0,0.155,Cairo,1,6162,3902.0
Cairo_y2020.tif,143,0.0,0.16342657342657346,Cairo,1,6160,3902.0
Cairo_y2020.tif,437,0.4096109839816934,0.21466819221967964,Cairo,1,6177,3902.0
Cairo_y2020.tif,192,0.5625,0.26440104166666667,Cairo,1,6185,3902.0
Cairo_y2020.tif,365,0.5287671232876713,0.25773972602739725,Cairo,1,6195,3902.0
Cairo_y2020.tif,158,0.0,0.15424050632911393,Cairo,1,6206,3902.0
Cairo_y2020.tif,763,0.8204456094364351,0.33695937090432504,Cairo,1,6214,3902.0
Cairo_y2020.tif,503,0.02584493041749503,0.17677932405566602,Cairo,1,6054,3902.0
Cairo_y2020.tif,441,0.04308390022675737,0.1406689342403628,Cairo,0,6049,3902.0
Cairo_y2020.tif,230,0.0,0.10019565217391305,Cairo,0,6082,3902.0
Cairo_y2020.tif,4344,0.11279926335174954,0.0803165285451197,Cairo,0,6382,3902.0
Cairo_y2020.tif,249,0.9919678714859438,0.33660642570281124,Cairo,1,6380,3902.0
Cairo_y2020.tif,443,1.0,0.39418735891647855,Cairo,1,6414,3902.0
Cairo_y2020.tif,218,1.0,0.4252752293577982,Cairo,1,6415,3902.0
Cairo_y2020.tif,308,1.0,0.4286038961038961,Cairo,1,6425,3902.0
Cairo_y2020.tif,259,1.0,0.4187065637065637,Cairo,1,6426,3902.0
Cairo_y2020.tif,311,0.9903536977491961,0.39672025723472665,Cairo,1,6424,3902.0
Cairo_y2020.tif,123,0.008130081300813009,0.20873983739837396,Cairo,1,5642,3902.0
Cairo_y2020.tif,327,1.0,0.38227828746177367,Cairo,1,5666,3902.0
Cairo_y2020.tif,197,1.0,0.3550761421319797,Cairo,1,5659,3902.0
Cairo_y2020.tif,253,0.4980237154150198,0.2689723320158103,Cairo,1,5673,3902.0
Cairo_y2020.tif,153,0.0,0.14686274509803923,Cairo,1,5672,3902.0
Cairo_y2020.tif,318,0.16037735849056603,0.2008018867924528,Cairo,1,5691,3902.0
Cairo_y2020.tif,233,0.48068669527896996,0.2715450643776824,Cairo,1,5714,3902.0
Cairo_y2020.tif,159,0.9811320754716981,0.3089308176100629,Cairo,0,5718,3902.0
Cairo_y2020.tif,215,0.0,0.08739534883720933,Cairo,0,5712,3902.0
Cairo_y2020.tif,190,0.9473684210526315,0.34139473684210525,Cairo,1,5727,3902.0
Cairo_y2020.tif,213,0.9671361502347418,0.3154460093896714,Cairo,1,5728,3902.0
Cairo_y2020.tif,193,0.0,0.05813471502590673,Cairo,0,5737,3902.0
Cairo_y2020.tif,411,0.06326034063260341,0.09186131386861314,Cairo,0,5758,3902.0
Cairo_y2020.tif,127,0.0,0.06366141732283463,Cairo,0,5749,3902.0
Cairo_y2020.tif,287,0.0,0.09114982578397211,Cairo,1,5764,3902.0
Cairo_y2020.tif,160,0.00625,0.1400625,Cairo,0,5769,3902.0
Cairo_y2020.tif,237,0.24472573839662448,0.17358649789029537,Cairo,1,5788,3902.0
Cairo_y2020.tif,394,0.9822335025380711,0.4019543147208121,Cairo,1,5843,3902.0
Cairo_y2020.tif,277,0.9422382671480144,0.32030685920577623,Cairo,1,5847,3902.0
Cairo_y2020.tif,508,0.9940944881889764,0.44154527559055123,Cairo,1,5902,3902.0
Cairo_y2020.tif,551,0.0,0.1108076225045372,Cairo,0,5298,3902.0
Cairo_y2020.tif,373,0.13672922252010725,0.1830160857908847,Cairo,1,5446,3902.0
Cairo_y2020.tif,485,0.004123711340206186,0.14871134020618557,Cairo,0,5438,3902.0
Cairo_y2020.tif,474,0.029535864978902954,0.14342827004219408,Cairo,0,5445,3902.0
Cairo_y2020.tif,842,0.057007125890736345,0.1884026128266033,Cairo,1,5625,3902.0
Cairo_y2020.tif,50542,0.1531003917533932,0.08393346127972776,Cairo,0,6287,3902.0
Cairo_y2020.tif,293,0.2150170648464164,0.16513651877133106,Cairo,1,6252,3902.0
Cairo_y2020.tif,523,0.4933078393881453,0.22287762906309752,Cairo,0,6265,3902.0
Cairo_y2020.tif,332,0.5632530120481928,0.22911144578313253,Cairo,1,6271,3902.0
Cairo_y2020.tif,417,0.0,0.13422062350119904,Cairo,1,6293,3902.0
Cairo_y2020.tif,300,0.9233333333333333,0.3880666666666666,Cairo,1,5903,3902.0
Cairo_y2020.tif,209,0.9808612440191388,0.4255263157894737,Cairo,1,5922,3902.0
Cairo_y2020.tif,186,0.989247311827957,0.4177688172043011,Cairo,1,5928,3902.0
Cairo_y2020.tif,915,0.9846994535519126,0.42628415300546457,Cairo,1,5997,3902.0
Cairo_y2020.tif,540,0.9777777777777777,0.411,Cairo,1,5933,3902.0
Cairo_y2020.tif,4406,0.0905583295506128,0.07408193372673627,Cairo,0,6233,3902.0
Cairo_y2020.tif,441,1.0,0.44989795918367353,Cairo,1,6003,3902.0
Cairo_y2020.tif,392,1.0,0.4520280612244899,Cairo,1,6009,3902.0
Cairo_y2020.tif,607,0.9967051070840197,0.42222405271828667,Cairo,1,6010,3902.0
Cairo_y2020.tif,337,0.9584569732937686,0.3670326409495549,Cairo,1,6063,3902.0
Cairo_y2020.tif,382,0.0,0.06514397905759163,Cairo,0,5879,3902.0
Cairo_y2020.tif,17073,0.21408071223569378,0.11787764306214492,Cairo,0,6234,3902.0
Cairo_y2020.tif,6143,0.0,0.027637147973302953,Cairo,0,6359,3902.0
Cairo_y2020.tif,798,0.0,0.01890350877192982,Cairo,0,6405,3902.0
Cairo_y2020.tif,292,0.0,0.01311643835616438,Cairo,0,6406,3902.0
Cairo_y2020.tif,657,0.0,0.016651445966514463,Cairo,0,6449,3902.0
Cairo_y2020.tif,986,0.0,0.020141987829614603,Cairo,0,6480,3902.0
Cairo_y2020.tif,1023,0.0,0.029198435972629524,Cairo,0,6528,3902.0
Cairo_y2020.tif,2565,0.0007797270955165692,0.06888888888888889,Cairo,0,6536,3902.0
Cairo_y2020.tif,821,0.0,0.024780755176613888,Cairo,0,6577,3902.0
Cairo_y2020.tif,471,0.9723991507430998,0.35336518046709137,Cairo,1,6273,3902.0
Cairo_y2020.tif,1257,0.9045346062052506,0.3409387430389817,Cairo,1,6355,3902.0
Cairo_y2020.tif,18960,0.1364451476793249,0.07704351265822784,Cairo,0,6684,3902.0
Cairo_y2020.tif,555,0.0,0.032045045045045045,Cairo,0,6605,3902.0
Cairo_y2020.tif,2597,0.0,0.0608009241432422,Cairo,0,6721,3902.0
Cairo_y2020.tif,985,0.0,0.048035532994923864,Cairo,0,6744,3902.0
Cairo_y2020.tif,878,0.0,0.02582574031890661,Cairo,0,6790,3902.0
Cairo_y2020.tif,919,0.0,0.04289989118607183,Cairo,0,6852,3902.0
Cairo_y2020.tif,615,0.0,0.04200813008130081,Cairo,0,6872,3902.0
Cairo_y2020.tif,519,0.0,0.047157996146435455,Cairo,0,6855,3902.0
Cairo_y2020.tif,806,0.0,0.024466501240694792,Cairo,0,6282,3902.0
Cairo_y2020.tif,4127,0.0,0.025347710201114614,Cairo,0,6530,3902.0
Cairo_y2020.tif,2335,0.0,0.028012847965738757,Cairo,0,6496,3902.0
Cairo_y2020.tif,746,0.0,0.020402144772117964,Cairo,0,6479,3902.0
Cairo_y2020.tif,690,0.0,0.04003623188405797,Cairo,0,6517,3902.0
Cairo_y2020.tif,603,0.0,0.026807628524046435,Cairo,0,6544,3902.0
Cairo_y2020.tif,13576,0.0,0.009005966411314084,Cairo,0,6935,3902.0
Cairo_y2020.tif,701,0.0,0.07228958630527818,Cairo,0,6580,3902.0
Cairo_y2020.tif,627,0.0,0.02798245614035088,Cairo,0,6607,3902.0
Cairo_y2020.tif,690,0.0,0.07224637681159421,Cairo,0,6630,3902.0
Cairo_y2020.tif,1052,0.0,0.0387309885931559,Cairo,0,6642,3902.0
Cairo_y2020.tif,1111,0.0,0.023870387038703873,Cairo,0,6672,3902.0
Cairo_y2020.tif,1230,0.0,0.029666666666666668,Cairo,0,6727,3902.0
Cairo_y2020.tif,499,0.0,0.021252505010020042,Cairo,0,6702,3902.0
Cairo_y2020.tif,1376,0.0,0.06148619186046513,Cairo,0,6708,3902.0
Cairo_y2020.tif,467,0.0,0.024111349036402573,Cairo,0,6762,3902.0
Cairo_y2020.tif,574,0.0,0.02504355400696864,Cairo,0,6750,3902.0
Cairo_y2020.tif,467,0.0,0.021552462526766597,Cairo,0,6781,3902.0
Cairo_y2020.tif,556,0.0,0.022634892086330936,Cairo,0,6803,3902.0
Cairo_y2020.tif,585,0.0,0.02938461538461538,Cairo,0,6814,3902.0
Cairo_y2020.tif,1032,0.0,0.026094961240310084,Cairo,0,6632,3902.0
Cairo_y2020.tif,1311,0.05873379099923722,0.08675057208237986,Cairo,0,6704,3902.0
Cairo_y2020.tif,845,0.0,0.027236686390532543,Cairo,0,6670,3902.0
Cairo_y2020.tif,1184,0.20016891891891891,0.18006756756756756,Cairo,1,6652,3902.0
Cairo_y2020.tif,566,0.0,0.027773851590106004,Cairo,0,6760,3902.0
Cairo_y2020.tif,900,0.0,0.03914444444444445,Cairo,0,6812,3902.0
Cairo_y2020.tif,663,0.0,0.020294117647058824,Cairo,0,6764,3902.0
Cairo_y2020.tif,372,0.0,0.02040322580645161,Cairo,0,6797,3902.0
Cairo_y2020.tif,390,0.0,0.04230769230769231,Cairo,0,6876,3902.0
Cairo_y2020.tif,525,0.0,0.060942857142857146,Cairo,0,6890,3902.0
Cairo_y2020.tif,2041,0.0,0.037582067613914756,Cairo,0,6703,3902.0
Cairo_y2020.tif,595,0.0,0.04043697478991597,Cairo,0,6649,3902.0
Cairo_y2020.tif,585,0.0,0.046521367521367527,Cairo,0,6667,3902.0
Cairo_y2020.tif,591,0.0,0.024873096446700507,Cairo,0,6700,3902.0
Cairo_y2020.tif,399,0.0,0.021265664160401,Cairo,0,6712,3902.0
Cairo_y2020.tif,1073,0.0,0.045279589934762346,Cairo,0,6828,3902.0
Cairo_y2020.tif,618,0.0,0.020485436893203885,Cairo,0,6758,3902.0
Cairo_y2020.tif,882,0.0,0.030510204081632658,Cairo,0,6850,3902.0
Cairo_y2020.tif,843,0.0,0.027852906287069993,Cairo,0,6870,3902.0
Cairo_y2020.tif,1323,0.0,0.03046485260770975,Cairo,0,6910,3902.0
Cairo_y2020.tif,123,0.0,0.20146341463414633,Cairo,1,6217,3902.0
Cairo_y2020.tif,304,0.9342105263157895,0.3721546052631579,Cairo,1,6219,3902.0
Cairo_y2020.tif,162,0.20987654320987653,0.16484567901234567,Cairo,1,6330,3902.0
Cairo_y2020.tif,264,1.0,0.4425378787878788,Cairo,1,6230,3902.0
Cairo_y2020.tif,543,0.009208103130755065,0.15769797421731122,Cairo,1,6302,3902.0
Cairo_y2020.tif,1016,0.0,0.11656003937007874,Cairo,1,6333,3902.0
Cairo_y2020.tif,506,0.0,0.1292687747035573,Cairo,0,6335,3902.0
Cairo_y2020.tif,171,1.0,0.42827485380116953,Cairo,1,6250,3902.0
Cairo_y2020.tif,452,0.0,0.1347013274336283,Cairo,1,6337,3902.0
Cairo_y2020.tif,353,1.0,0.4176628895184135,Cairo,1,6259,3902.0
Cairo_y2020.tif,634,0.0031545741324921135,0.12533911671924292,Cairo,1,6342,3902.0
Cairo_y2020.tif,384,0.7421875,0.3029557291666667,Cairo,1,6274,3902.0
Cairo_y2020.tif,273,1.0,0.44820512820512826,Cairo,1,6256,3902.0
Cairo_y2020.tif,172,0.9825581395348837,0.3734302325581396,Cairo,1,6278,3902.0
Cairo_y2020.tif,484,1.0,0.4278099173553719,Cairo,1,6281,3902.0
Cairo_y2020.tif,300,1.0,0.3924666666666667,Cairo,1,6297,3902.0
Cairo_y2020.tif,175,0.48,0.25374285714285716,Cairo,0,6307,3902.0
Cairo_y2020.tif,500,0.438,0.20887,Cairo,0,6331,3902.0
Cairo_y2020.tif,340,0.0,0.12007352941176472,Cairo,0,6345,3902.0
Cairo_y2020.tif,367,0.6049046321525886,0.2564032697547684,Cairo,1,6346,3902.0
Cairo_y2020.tif,177,0.9548022598870056,0.39999999999999997,Cairo,1,6158,3902.0
Cairo_y2020.tif,234,0.9786324786324786,0.3966239316239316,Cairo,1,6173,3902.0
Cairo_y2020.tif,230,0.808695652173913,0.3151521739130434,Cairo,0,6193,3902.0
Cairo_y2020.tif,2492,0.32263242375601925,0.1505016051364366,Cairo,0,6227,3902.0
Cairo_y2020.tif,928,0.19504310344827586,0.12890625000000003,Cairo,0,6255,3902.0
Cairo_y2020.tif,615,0.3121951219512195,0.1551382113821138,Cairo,0,6291,3902.0
Cairo_y2020.tif,5006,0.1502197363164203,0.10461446264482621,Cairo,0,6396,3902.0
Cairo_y2020.tif,2273,0.05719313682358117,0.08673119225692916,Cairo,0,6467,3902.0
Cairo_y2020.tif,3332,0.0,0.033124249699879954,Cairo,0,6623,3902.0
Cairo_y2020.tif,608,0.0,0.034161184210526316,Cairo,0,6572,3902.0
Cairo_y2020.tif,277,0.0,0.03021660649819495,Cairo,0,6351,3902.0
Cairo_y2020.tif,235,0.0,0.027468085106382985,Cairo,0,6363,3902.0
Cairo_y2020.tif,245,0.27346938775510204,0.16038775510204079,Cairo,0,6386,3902.0
Cairo_y2020.tif,236,0.0,0.03491525423728815,Cairo,0,6375,3902.0
Cairo_y2020.tif,825,0.0,0.054163636363636365,Cairo,0,6407,3902.0
Cairo_y2020.tif,162,0.7469135802469136,0.2941049382716049,Cairo,1,6418,3902.0
Cairo_y2020.tif,168,0.43452380952380953,0.21089285714285713,Cairo,0,6416,3902.0
Cairo_y2020.tif,486,0.0,0.11863168724279835,Cairo,0,6442,3902.0
Cairo_y2020.tif,125,0.88,0.38959999999999995,Cairo,1,6466,3902.0
Cairo_y2020.tif,299,0.9866220735785953,0.39096989966555185,Cairo,1,6484,3902.0
Cairo_y2020.tif,662,0.459214501510574,0.22577039274924474,Cairo,1,6374,3902.0
Cairo_y2020.tif,221,0.9411764705882353,0.28694570135746605,Cairo,0,6395,3902.0
Cairo_y2020.tif,213,0.8544600938967136,0.3030281690140845,Cairo,1,6391,3902.0
Cairo_y2020.tif,1376,0.9542151162790697,0.33288517441860466,Cairo,1,6443,3902.0
Cairo_y2020.tif,555,0.8378378378378378,0.32451351351351354,Cairo,1,6474,3902.0
Cairo_y2020.tif,434,1.0,0.3833064516129033,Cairo,1,6499,3902.0
Cairo_y2020.tif,287,1.0,0.43412891986062724,Cairo,1,6494,3902.0
Cairo_y2020.tif,533,1.0,0.4280206378986867,Cairo,1,6503,3902.0
Cairo_y2020.tif,279,1.0,0.4332616487455197,Cairo,1,6543,3902.0
Cairo_y2020.tif,1064,0.9868421052631579,0.42351503759398496,Cairo,1,6560,3902.0
Cairo_y2020.tif,331,1.0,0.4101359516616314,Cairo,1,6423,3902.0
Cairo_y2020.tif,116,1.0,0.40452586206896546,Cairo,1,6422,3902.0
Cairo_y2020.tif,108,1.0,0.40097222222222223,Cairo,0,6421,3902.0
Cairo_y2020.tif,189,1.0,0.37079365079365084,Cairo,1,6419,3902.0
Cairo_y2020.tif,413,0.6924939467312349,0.29094430992736076,Cairo,0,6433,3902.0
Cairo_y2020.tif,425,1.0,0.3552235294117647,Cairo,0,6458,3902.0
Cairo_y2020.tif,231,0.9696969696969697,0.33512987012987017,Cairo,0,6482,3902.0
Cairo_y2020.tif,190,1.0,0.37200000000000005,Cairo,0,6490,3902.0
Cairo_y2020.tif,202,1.0,0.3971534653465346,Cairo,0,6501,3902.0
Cairo_y2020.tif,166,1.0,0.4182530120481927,Cairo,1,6505,3902.0
Cairo_y2020.tif,309,0.8284789644012945,0.34634304207119737,Cairo,1,6486,3902.0
Cairo_y2020.tif,335,0.3253731343283582,0.18364179104477613,Cairo,1,6487,3902.0
Cairo_y2020.tif,425,0.8729411764705882,0.3942588235294118,Cairo,1,6563,3902.0
Cairo_y2020.tif,345,0.881159420289855,0.40143478260869564,Cairo,1,6558,3902.0
Cairo_y2020.tif,355,0.9014084507042254,0.4092535211267606,Cairo,1,6556,3902.0
Cairo_y2020.tif,302,0.9238410596026491,0.40776490066225163,Cairo,1,6557,3902.0
Cairo_y2020.tif,488,0.9467213114754098,0.4024385245901639,Cairo,1,6562,3902.0
Cairo_y2020.tif,315,0.9968253968253968,0.42036507936507933,Cairo,1,6566,3902.0
Cairo_y2020.tif,199,1.0,0.4216582914572865,Cairo,1,6567,3902.0
Cairo_y2020.tif,357,1.0,0.424313725490196,Cairo,1,6568,3902.0
Cairo_y2020.tif,159,1.0,0.42257861635220123,Cairo,0,6473,3902.0
Cairo_y2020.tif,262,1.0,0.43725190839694655,Cairo,1,6521,3902.0
Cairo_y2020.tif,234,1.0,0.4477350427350428,Cairo,1,6519,3902.0
Cairo_y2020.tif,161,1.0,0.43968944099378876,Cairo,1,6522,3902.0
Cairo_y2020.tif,310,1.0,0.4448225806451612,Cairo,1,6540,3902.0
Cairo_y2020.tif,388,1.0,0.44416237113402074,Cairo,1,6489,3902.0
Cairo_y2020.tif,332,1.0,0.440210843373494,Cairo,1,6564,3902.0
Cairo_y2020.tif,275,1.0,0.42303636363636365,Cairo,1,6576,3902.0
Cairo_y2020.tif,314,1.0,0.4282006369426752,Cairo,1,6578,3902.0
Cairo_y2020.tif,316,1.0,0.42846518987341775,Cairo,1,6585,3902.0
Cairo_y2020.tif,434,1.0,0.41572580645161294,Cairo,1,6587,3902.0
Cairo_y2020.tif,436,1.0,0.4211238532110092,Cairo,1,6590,3902.0
Cairo_y2020.tif,460,1.0,0.4239565217391304,Cairo,1,6595,3902.0
Cairo_y2020.tif,329,1.0,0.432127659574468,Cairo,1,6598,3902.0
Cairo_y2020.tif,332,1.0,0.3943373493975904,Cairo,1,6541,3902.0
Cairo_y2020.tif,234,1.0,0.42401709401709403,Cairo,1,6513,3902.0
Cairo_y2020.tif,208,1.0,0.41228365384615384,Cairo,0,6596,3902.0
Cairo_y2020.tif,198,1.0,0.42512626262626263,Cairo,1,6601,3902.0
Cairo_y2020.tif,165,1.0,0.4362727272727272,Cairo,1,6625,3902.0
Cairo_y2020.tif,339,1.0,0.43134218289085546,Cairo,1,6624,3902.0
Cairo_y2020.tif,389,0.9562982005141388,0.38624678663239076,Cairo,1,6592,3902.0
Cairo_y2020.tif,207,1.0,0.3804347826086957,Cairo,1,6597,3902.0
Cairo_y2020.tif,275,0.9054545454545454,0.3744363636363636,Cairo,1,6606,3902.0
Cairo_y2020.tif,386,0.9145077720207254,0.36636010362694305,Cairo,1,6620,3902.0
Cairo_y2020.tif,505,1.0,0.415970297029703,Cairo,1,6643,3902.0
Cairo_y2020.tif,98,1.0,0.39678571428571435,Cairo,1,6644,3902.0
Cairo_y2020.tif,1294,0.6792890262751159,0.26909196290571874,Cairo,0,6675,3902.0
Cairo_y2020.tif,222,1.0,0.4220045045045045,Cairo,0,6664,3902.0
Cairo_y2020.tif,243,1.0,0.41962962962962963,Cairo,1,6679,3902.0
Cairo_y2020.tif,303,1.0,0.3915181518151815,Cairo,1,6694,3902.0
Cairo_y2020.tif,216,0.24537037037037038,0.24025462962962965,Cairo,1,6189,3902.0
Cairo_y2020.tif,177,0.9265536723163842,0.35610169491525423,Cairo,0,6197,3902.0
Cairo_y2020.tif,233,1.0,0.3671673819742489,Cairo,0,6209,3902.0
Cairo_y2020.tif,131,0.6870229007633588,0.2982442748091603,Cairo,1,6228,3902.0
Cairo_y2020.tif,1183,1.0,0.4163778529163145,Cairo,1,6253,3902.0
Cairo_y2020.tif,172,1.0,0.41930232558139535,Cairo,0,6254,3902.0
Cairo_y2020.tif,126,0.0,0.152063492063492,Cairo,0,6231,3902.0
Cairo_y2020.tif,612,0.06209150326797386,0.165890522875817,Cairo,1,6328,3902.0
Cairo_y2020.tif,533,0.47842401500938087,0.23864915572232645,Cairo,0,6325,3902.0
Cairo_y2020.tif,488,0.8463114754098361,0.3361065573770492,Cairo,1,6318,3902.0
Cairo_y2020.tif,497,0.9678068410462777,0.39592555331991947,Cairo,1,6310,3902.0
Cairo_y2020.tif,440,0.9772727272727273,0.3978181818181818,Cairo,1,6306,3902.0
Cairo_y2020.tif,306,0.9934640522875817,0.39732026143790855,Cairo,1,6304,3902.0
Cairo_y2020.tif,129,0.0,0.12844961240310077,Cairo,0,6261,3902.0
Cairo_y2020.tif,277,0.9891696750902527,0.39016245487364615,Cairo,1,6303,3902.0
Cairo_y2020.tif,443,0.9751693002257337,0.36955981941309257,Cairo,0,6301,3902.0
Cairo_y2020.tif,406,0.9458128078817734,0.3344827586206896,Cairo,0,6296,3902.0
Cairo_y2020.tif,118,0.8898305084745762,0.3555084745762712,Cairo,0,6314,3902.0
Cairo_y2020.tif,465,0.4774193548387097,0.2162150537634409,Cairo,0,6353,3902.0
Cairo_y2020.tif,125,0.12,0.2264,Cairo,0,6357,3902.0
Cairo_y2020.tif,1540,0.9545454545454546,0.3965844155844156,Cairo,1,6284,3902.0
Cairo_y2020.tif,770,1.0,0.41838961038961037,Cairo,1,6276,3902.0
Cairo_y2020.tif,679,0.9955817378497791,0.4108762886597938,Cairo,0,6275,3902.0
Cairo_y2020.tif,834,1.0,0.43233812949640293,Cairo,1,6288,3902.0
Cairo_y2020.tif,685,1.0,0.4162116788321168,Cairo,0,6324,3902.0
Cairo_y2020.tif,628,1.0,0.40435509554140125,Cairo,0,6348,3902.0
Cairo_y2020.tif,784,1.0,0.4369897959183674,Cairo,0,6365,3902.0
Cairo_y2020.tif,914,1.0,0.3909956236323851,Cairo,1,6385,3902.0
Cairo_y2020.tif,1012,0.8547430830039525,0.33368083003952564,Cairo,0,6381,3902.0
Cairo_y2020.tif,661,1.0,0.4312027231467474,Cairo,1,6398,3902.0
Cairo_y2020.tif,669,0.7653213751868461,0.31865470852017935,Cairo,0,6329,3902.0
Cairo_y2020.tif,474,0.9915611814345991,0.417837552742616,Cairo,1,6323,3902.0
Cairo_y2020.tif,641,0.7613104524180967,0.30047581903276127,Cairo,0,6327,3902.0
Cairo_y2020.tif,852,1.0,0.4470539906103287,Cairo,0,6340,3902.0
Cairo_y2020.tif,446,1.0,0.42260089686098645,Cairo,1,6339,3902.0
Cairo_y2020.tif,1599,0.8130081300813008,0.3418761726078799,Cairo,1,6338,3902.0
Cairo_y2020.tif,494,1.0,0.44542510121457496,Cairo,0,6371,3902.0
Cairo_y2020.tif,448,1.0,0.3819308035714286,Cairo,0,6378,3902.0
Cairo_y2020.tif,588,0.7857142857142857,0.2583248299319728,Cairo,1,6389,3902.0
Cairo_y2020.tif,1940,0.25876288659793817,0.15968556701030925,Cairo,0,6397,3902.0
Cairo_y2020.tif,651,1.0,0.3665437788018433,Cairo,0,6400,3902.0
Cairo_y2020.tif,494,0.917004048582996,0.3485526315789474,Cairo,1,6399,3902.0
Cairo_y2020.tif,383,0.9947780678851175,0.370691906005222,Cairo,0,6383,3902.0
Cairo_y2020.tif,429,1.0,0.35076923076923083,Cairo,0,6437,3902.0
Cairo_y2020.tif,767,1.0,0.4277574967405476,Cairo,1,6417,3902.0
Cairo_y2020.tif,1087,1.0,0.42700091996320144,Cairo,0,6469,3902.0
Cairo_y2020.tif,499,0.8897795591182365,0.350811623246493,Cairo,1,6448,3902.0
Cairo_y2020.tif,599,1.0,0.4101001669449082,Cairo,0,6457,3902.0
Cairo_y2020.tif,534,1.0,0.41808052434456927,Cairo,0,6436,3902.0
Cairo_y2020.tif,612,0.946078431372549,0.3806617647058824,Cairo,0,6511,3902.0
Cairo_y2020.tif,1124,0.9252669039145908,0.327864768683274,Cairo,1,6429,3902.0
Cairo_y2020.tif,581,1.0,0.35997418244406193,Cairo,0,6438,3902.0
Cairo_y2020.tif,682,0.9794721407624634,0.3747140762463343,Cairo,0,6455,3902.0
Cairo_y2020.tif,574,1.0,0.42472996515679434,Cairo,0,6463,3902.0
Cairo_y2020.tif,1018,0.7288801571709234,0.2624214145383104,Cairo,0,6498,3902.0
Cairo_y2020.tif,1488,0.6565860215053764,0.24666666666666665,Cairo,0,6470,3902.0
Cairo_y2020.tif,1491,0.8779342723004695,0.31846411804158276,Cairo,1,6495,3902.0
Cairo_y2020.tif,460,1.0,0.34657608695652176,Cairo,1,6539,3902.0
Cairo_y2020.tif,1469,0.471068754254595,0.2011742682096664,Cairo,0,6588,3902.0
Cairo_y2020.tif,1846,0.7546045503791983,0.3040492957746479,Cairo,1,6631,3902.0
Cairo_y2020.tif,131,1.0,0.33259541984732827,Cairo,1,6354,3902.0
Cairo_y2020.tif,334,0.9910179640718563,0.3369760479041916,Cairo,1,6373,3902.0
Cairo_y2020.tif,448,0.6808035714285714,0.2950446428571429,Cairo,0,6444,3902.0
Cairo_y2020.tif,569,0.8804920913884007,0.37161687170474517,Cairo,1,6445,3902.0
Cairo_y2020.tif,15713,0.12842868962005982,0.08430630687965379,Cairo,0,6681,3902.0
Cairo_y2020.tif,223,0.47533632286995514,0.26782511210762333,Cairo,1,6715,3902.0
Cairo_y2020.tif,477,1.0,0.40540880503144655,Cairo,0,6798,3902.0
Cairo_y2020.tif,532,0.9962406015037594,0.3484022556390977,Cairo,1,6783,3902.0
Cairo_y2020.tif,473,1.0,0.3849260042283298,Cairo,0,6789,3902.0
Cairo_y2020.tif,458,0.48034934497816595,0.24475982532751095,Cairo,0,6768,3902.0
Cairo_y2020.tif,816,1.0,0.4339093137254902,Cairo,0,6510,3902.0
Cairo_y2020.tif,807,1.0,0.4091945477075589,Cairo,0,6512,3902.0
Cairo_y2020.tif,416,1.0,0.4385216346153846,Cairo,1,6493,3902.0
Cairo_y2020.tif,1002,1.0,0.39809880239520956,Cairo,0,6523,3902.0
Cairo_y2020.tif,428,1.0,0.43085280373831775,Cairo,0,6508,3902.0
Cairo_y2020.tif,830,1.0,0.4124638554216868,Cairo,1,6599,3902.0
Cairo_y2020.tif,705,1.0,0.43330496453900713,Cairo,0,6602,3902.0
Cairo_y2020.tif,1455,0.9903780068728523,0.3630515463917526,Cairo,1,6650,3902.0
Cairo_y2020.tif,373,1.0,0.36017426273458447,Cairo,1,6691,3902.0
Cairo_y2020.tif,364,1.0,0.3804945054945055,Cairo,0,6701,3902.0
Cairo_y2020.tif,565,1.0,0.38015044247787616,Cairo,1,6716,3902.0
Cairo_y2020.tif,1242,0.748792270531401,0.2914452495974235,Cairo,1,6777,3902.0
Cairo_y2020.tif,536,0.9888059701492538,0.40081156716417904,Cairo,1,6805,3902.0
Cairo_y2020.tif,1113,0.9892183288409704,0.39880053908355795,Cairo,0,6813,3902.0
Cairo_y2020.tif,649,1.0,0.3532357473035439,Cairo,1,6756,3902.0
Cairo_y2020.tif,435,1.0,0.4138850574712644,Cairo,1,6801,3902.0
Cairo_y2020.tif,503,1.0,0.3511431411530815,Cairo,1,6759,3902.0
Cairo_y2020.tif,783,0.9233716475095786,0.31403575989782884,Cairo,0,6842,3902.0
Cairo_y2020.tif,1049,0.5834127740705434,0.28721163012392753,Cairo,1,6875,3902.0
Cairo_y2020.tif,499,0.8236472945891784,0.2978056112224449,Cairo,0,6918,3902.0
Cairo_y2020.tif,116,1.0,0.41038793103448273,Cairo,1,6692,3902.0
Cairo_y2020.tif,300,1.0,0.40449999999999997,Cairo,1,6709,3902.0
Cairo_y2020.tif,167,1.0,0.42898203592814366,Cairo,1,6724,3902.0
Cairo_y2020.tif,301,1.0,0.3947009966777409,Cairo,0,6730,3902.0
Cairo_y2020.tif,273,1.0,0.445018315018315,Cairo,1,6753,3902.0
Cairo_y2020.tif,122,1.0,0.4294262295081967,Cairo,0,6736,3902.0
Cairo_y2020.tif,286,1.0,0.3966433566433567,Cairo,0,6745,3902.0
Cairo_y2020.tif,124,1.0,0.43201612903225795,Cairo,1,6748,3902.0
Cairo_y2020.tif,276,1.0,0.4098188405797102,Cairo,1,6765,3902.0
Cairo_y2020.tif,292,1.0,0.4313356164383561,Cairo,1,6837,3902.0
Cairo_y2020.tif,354,1.0,0.41725988700564964,Cairo,1,6570,3902.0
Cairo_y2020.tif,412,1.0,0.4120266990291262,Cairo,1,6573,3902.0
Cairo_y2020.tif,329,1.0,0.41329787234042553,Cairo,1,6575,3902.0
Cairo_y2020.tif,166,0.6867469879518072,0.27454819277108433,Cairo,0,6529,3902.0
Cairo_y2020.tif,220,1.0,0.42774999999999996,Cairo,1,6561,3902.0
Cairo_y2020.tif,221,0.8461538461538461,0.3251809954751131,Cairo,1,6559,3902.0
Cairo_y2020.tif,139,0.8489208633093526,0.335863309352518,Cairo,1,6610,3902.0
Cairo_y2020.tif,423,0.9929078014184397,0.367612293144208,Cairo,0,6611,3902.0
Cairo_y2020.tif,531,0.903954802259887,0.3475894538606403,Cairo,1,6617,3902.0
Cairo_y2020.tif,11471,0.013599511812396478,0.06130415831226572,Cairo,0,7295,3902.0
Cairo_y2020.tif,146,1.0,0.42547945205479454,Cairo,1,6612,3902.0
Cairo_y2020.tif,1663,0.994588093806374,0.3930817799158148,Cairo,1,6705,3902.0
Cairo_y2020.tif,152,1.0,0.4412171052631579,Cairo,1,6660,3902.0
Cairo_y2020.tif,531,1.0,0.3923069679849341,Cairo,1,6784,3902.0
Cairo_y2020.tif,386,1.0,0.4186528497409327,Cairo,1,6782,3902.0
Cairo_y2020.tif,477,1.0,0.43649895178197073,Cairo,1,6776,3902.0
Cairo_y2020.tif,300,1.0,0.4459166666666666,Cairo,1,6774,3902.0
Cairo_y2020.tif,143,1.0,0.4475174825174826,Cairo,1,6771,3902.0
Cairo_y2020.tif,955,1.0,0.4345078534031414,Cairo,1,6827,3902.0
Cairo_y2020.tif,601,1.0,0.44266222961730445,Cairo,1,6796,3902.0
Cairo_y2020.tif,256,0.93359375,0.3609375,Cairo,1,6686,3902.0
Cairo_y2020.tif,172,1.0,0.4328779069767443,Cairo,1,6671,3902.0
Cairo_y2020.tif,138,1.0,0.45347826086956516,Cairo,1,6717,3902.0
Cairo_y2020.tif,191,1.0,0.4532722513089005,Cairo,1,6720,3902.0
Cairo_y2020.tif,269,1.0,0.45499999999999996,Cairo,1,6725,3902.0
Cairo_y2020.tif,315,1.0,0.45573015873015876,Cairo,1,6737,3902.0
Cairo_y2020.tif,464,0.9827586206896551,0.43625,Cairo,1,6780,3902.0
Cairo_y2020.tif,168,0.8333333333333334,0.3395833333333333,Cairo,1,6739,3902.0
Cairo_y2020.tif,293,0.9965870307167235,0.41660409556313993,Cairo,1,6757,3902.0
Cairo_y2020.tif,415,1.0,0.4538192771084337,Cairo,1,6865,3902.0
Cairo_y2020.tif,340,1.0,0.44798529411764704,Cairo,1,6830,3902.0
Cairo_y2020.tif,361,1.0,0.4520083102493075,Cairo,1,6832,3902.0
Cairo_y2020.tif,412,1.0,0.45395631067961173,Cairo,1,6849,3902.0
Cairo_y2020.tif,348,1.0,0.45369252873563215,Cairo,1,6864,3902.0
Cairo_y2020.tif,207,1.0,0.4180193236714976,Cairo,1,6741,3902.0
Cairo_y2020.tif,318,1.0,0.4572484276729561,Cairo,1,6835,3902.0
Cairo_y2020.tif,640,1.0,0.3903359375,Cairo,1,6848,3902.0
Cairo_y2020.tif,479,1.0,0.42381002087682673,Cairo,1,6822,3902.0
Cairo_y2020.tif,159,1.0,0.4498427672955975,Cairo,1,6821,3902.0
Cairo_y2020.tif,502,1.0,0.4479183266932271,Cairo,1,6874,3902.0
Cairo_y2020.tif,460,1.0,0.4519021739130435,Cairo,1,6873,3902.0
Cairo_y2020.tif,126,1.0,0.45523809523809533,Cairo,1,6806,3902.0
Cairo_y2020.tif,596,1.0,0.4304530201342282,Cairo,1,6894,3902.0
Cairo_y2020.tif,1215,0.0,0.04648148148148148,Cairo,0,6928,3902.0
Cairo_y2020.tif,324,0.9197530864197531,0.3544598765432098,Cairo,1,6896,3902.0
Cairo_y2020.tif,143,1.0,0.43513986013986017,Cairo,1,6882,3902.0
Cairo_y2020.tif,138,1.0,0.44764492753623186,Cairo,1,6888,3902.0
Cairo_y2020.tif,479,0.9895615866388309,0.38358037578288096,Cairo,1,6956,3902.0
Cairo_y2020.tif,480,0.0,0.0325625,Cairo,0,7019,3902.0
Cairo_y2020.tif,729,0.0,0.022866941015089164,Cairo,0,7028,3902.0
Cairo_y2020.tif,328,1.0,0.449344512195122,Cairo,1,6902,3902.0
Cairo_y2020.tif,531,1.0,0.4444350282485876,Cairo,1,6930,3902.0
Cairo_y2020.tif,667,1.0,0.42269865067466267,Cairo,1,6971,3902.0
Cairo_y2020.tif,145,1.0,0.4441379310344827,Cairo,1,6913,3902.0
Cairo_y2020.tif,190,1.0,0.4572894736842106,Cairo,1,6931,3902.0
Cairo_y2020.tif,235,1.0,0.4525531914893617,Cairo,1,6943,3902.0
Cairo_y2020.tif,384,1.0,0.4580859375,Cairo,1,6949,3902.0
Cairo_y2020.tif,801,1.0,0.44754057428214733,Cairo,1,6999,3902.0
Cairo_y2020.tif,404,1.0,0.4329950495049505,Cairo,1,6981,3902.0
Cairo_y2020.tif,410,1.0,0.45478048780487806,Cairo,1,7032,3902.0
Cairo_y2020.tif,379,1.0,0.4513324538258575,Cairo,1,7047,3902.0
Cairo_y2020.tif,376,1.0,0.44324468085106383,Cairo,1,7123,3902.0
Cairo_y2020.tif,373,1.0,0.43554959785522784,Cairo,1,7124,3902.0
Cairo_y2020.tif,340,1.0,0.4348970588235294,Cairo,1,7125,3902.0
Cairo_y2020.tif,302,1.0,0.43276490066225165,Cairo,1,7126,3902.0
Cairo_y2020.tif,403,1.0,0.4308312655086849,Cairo,1,7131,3902.0
Cairo_y2020.tif,396,1.0,0.43368686868686873,Cairo,1,7135,3902.0
Cairo_y2020.tif,570,1.0,0.4301228070175439,Cairo,1,7139,3902.0
Cairo_y2020.tif,453,1.0,0.4189514348785872,Cairo,1,7142,3902.0
Cairo_y2020.tif,448,1.0,0.4102678571428572,Cairo,1,7144,3902.0
Cairo_y2020.tif,145,1.0,0.4488620689655172,Cairo,1,7006,3902.0
Cairo_y2020.tif,415,1.0,0.4513975903614457,Cairo,1,7063,3902.0
Cairo_y2020.tif,308,1.0,0.4486201298701299,Cairo,1,7037,3902.0
Cairo_y2020.tif,289,1.0,0.41993079584775084,Cairo,1,7040,3902.0
Cairo_y2020.tif,202,1.0,0.44242574257425743,Cairo,1,7058,3902.0
Cairo_y2020.tif,350,1.0,0.4403571428571428,Cairo,1,7097,3902.0
Cairo_y2020.tif,171,1.0,0.4416666666666667,Cairo,0,7096,3902.0
Cairo_y2020.tif,159,1.0,0.43858490566037733,Cairo,1,7098,3902.0
Cairo_y2020.tif,241,1.0,0.4353941908713693,Cairo,1,7100,3902.0
Cairo_y2020.tif,182,1.0,0.4168131868131868,Cairo,1,7103,3902.0
Cairo_y2020.tif,178,0.0,0.05466292134831461,Cairo,0,7009,3902.0
Cairo_y2020.tif,400,0.875,0.343,Cairo,1,7026,3902.0
Cairo_y2020.tif,268,0.0,0.0710820895522388,Cairo,0,7159,3902.0
Cairo_y2020.tif,459,0.0,0.04285403050108933,Cairo,0,7171,3902.0
Cairo_y2020.tif,581,0.0,0.025172117039586918,Cairo,0,7180,3902.0
Cairo_y2020.tif,557,0.0,0.019156193895870737,Cairo,0,7183,3902.0
Cairo_y2020.tif,541,0.0,0.018086876155268022,Cairo,0,7188,3902.0
Cairo_y2020.tif,271,0.0,0.024870848708487086,Cairo,0,7210,3902.0
Cairo_y2020.tif,697,0.0,0.02182209469153515,Cairo,0,7267,3902.0
Cairo_y2020.tif,729,0.0,0.024224965706447187,Cairo,0,7280,3902.0
Cairo_y2020.tif,405,1.0,0.4188641975308642,Cairo,0,7146,3902.0
Cairo_y2020.tif,405,1.0,0.41504938271604935,Cairo,1,7147,3902.0
Cairo_y2020.tif,580,1.0,0.4173103448275862,Cairo,1,7158,3902.0
Cairo_y2020.tif,416,1.0,0.41889423076923077,Cairo,0,7245,3902.0
Cairo_y2020.tif,523,1.0,0.3974569789674952,Cairo,1,7282,3902.0
Cairo_y2020.tif,301,1.0,0.39252491694352154,Cairo,1,7298,3902.0
Cairo_y2020.tif,349,0.997134670487106,0.38402578796561604,Cairo,1,7307,3902.0
Cairo_y2020.tif,209,0.9090909090909091,0.33619617224880377,Cairo,1,7301,3902.0
Cairo_y2020.tif,430,1.0,0.42787209302325585,Cairo,0,7396,3902.0
Cairo_y2020.tif,228,1.0,0.35925438596491227,Cairo,0,7305,3902.0
Cairo_y2020.tif,229,0.9519650655021834,0.30917030567685583,Cairo,1,6731,3902.0
Cairo_y2020.tif,387,1.0,0.3338888888888889,Cairo,0,6766,3902.0
Cairo_y2020.tif,432,1.0,0.3882638888888889,Cairo,1,6856,3902.0
Cairo_y2020.tif,274,1.0,0.37076642335766424,Cairo,0,6859,3902.0
Cairo_y2020.tif,459,0.9389978213507625,0.35454248366013075,Cairo,1,6868,3902.0
Cairo_y2020.tif,1204,0.4269102990033223,0.25920681063122925,Cairo,1,6955,3902.0
Cairo_y2020.tif,328,1.0,0.3835975609756097,Cairo,1,6886,3902.0
Cairo_y2020.tif,484,0.5103305785123967,0.23669421487603307,Cairo,0,6974,3902.0
Cairo_y2020.tif,259,0.4980694980694981,0.2555791505791506,Cairo,1,6975,3902.0
Cairo_y2020.tif,456,0.42543859649122806,0.24066885964912282,Cairo,1,6973,3902.0
Cairo_y2020.tif,230,1.0,0.43552173913043474,Cairo,1,6838,3902.0
Cairo_y2020.tif,148,1.0,0.43594594594594593,Cairo,1,6770,3902.0
Cairo_y2020.tif,489,1.0,0.43430470347648265,Cairo,0,6839,3902.0
Cairo_y2020.tif,292,1.0,0.4140924657534247,Cairo,1,6788,3902.0
Cairo_y2020.tif,214,1.0,0.41411214953271025,Cairo,1,6802,3902.0
Cairo_y2020.tif,236,1.0,0.41743644067796604,Cairo,1,6819,3902.0
Cairo_y2020.tif,591,1.0,0.4280541455160744,Cairo,1,6811,3902.0
Cairo_y2020.tif,234,1.0,0.4066666666666667,Cairo,1,6831,3902.0
Cairo_y2020.tif,262,1.0,0.4468893129770993,Cairo,1,7045,3902.0
Cairo_y2020.tif,358,1.0,0.44994413407821227,Cairo,1,7046,3902.0
Cairo_y2020.tif,357,0.28851540616246496,0.23959383753501404,Cairo,1,6932,3902.0
Cairo_y2020.tif,486,1.0,0.36290123456790124,Cairo,0,6917,3902.0
Cairo_y2020.tif,560,0.9857142857142858,0.32733035714285713,Cairo,1,6903,3902.0
Cairo_y2020.tif,523,0.06309751434034416,0.17589866156787765,Cairo,1,6951,3902.0
Cairo_y2020.tif,465,0.6236559139784946,0.28913978494623654,Cairo,1,6986,3902.0
Cairo_y2020.tif,691,0.8972503617945007,0.34350940665701885,Cairo,0,6963,3902.0
Cairo_y2020.tif,827,0.0,0.09309552599758163,Cairo,1,7049,3902.0
Cairo_y2020.tif,571,0.0,0.10424693520140105,Cairo,0,6988,3902.0
Cairo_y2020.tif,780,0.3871794871794872,0.1896410256410256,Cairo,0,7013,3902.0
Cairo_y2020.tif,674,0.21068249258160238,0.1754080118694362,Cairo,0,7003,3902.0
Cairo_y2020.tif,211,0.3886255924170616,0.2259004739336493,Cairo,1,6908,3902.0
Cairo_y2020.tif,253,0.34782608695652173,0.2091699604743083,Cairo,1,6906,3902.0
Cairo_y2020.tif,315,0.6,0.2633174603174603,Cairo,1,6912,3902.0
Cairo_y2020.tif,1884,0.5185774946921444,0.25989649681528665,Cairo,1,7050,3902.0
Cairo_y2020.tif,201,0.0,0.07768656716417909,Cairo,1,7001,3902.0
Cairo_y2020.tif,280,0.0,0.03855357142857143,Cairo,1,7017,3902.0
Cairo_y2020.tif,420,0.0,0.04576190476190477,Cairo,1,7061,3902.0
Cairo_y2020.tif,440,0.6636363636363637,0.31224999999999997,Cairo,1,7071,3902.0
Cairo_y2020.tif,421,0.6959619952494062,0.3310451306413302,Cairo,1,7083,3902.0
Cairo_y2020.tif,298,0.0,0.0585234899328859,Cairo,0,7130,3902.0
Cairo_y2020.tif,476,0.023109243697478993,0.10042016806722688,Cairo,1,7077,3902.0
Cairo_y2020.tif,566,0.0,0.07280035335689046,Cairo,0,7129,3902.0
Cairo_y2020.tif,656,0.006097560975609756,0.15963414634146342,Cairo,1,7152,3902.0
Cairo_y2020.tif,400,0.0,0.0897125,Cairo,0,7162,3902.0
Cairo_y2020.tif,478,0.0,0.08290794979079498,Cairo,0,7220,3902.0
Cairo_y2020.tif,1516,0.13984168865435356,0.17142480211081793,Cairo,1,7211,3902.0
Cairo_y2020.tif,654,0.0,0.05488532110091743,Cairo,0,7279,3902.0
Cairo_y2020.tif,697,0.0,0.07756814921090388,Cairo,0,7278,3902.0
Cairo_y2020.tif,545,0.5247706422018349,0.2478348623853211,Cairo,1,7252,3902.0
Cairo_y2020.tif,348,0.0,0.10590517241379309,Cairo,0,7281,3902.0
Cairo_y2020.tif,395,0.7139240506329114,0.34068354430379755,Cairo,1,7104,3902.0
Cairo_y2020.tif,573,0.0,0.041876090750436294,Cairo,0,7112,3902.0
Cairo_y2020.tif,407,0.8476658476658476,0.36922604422604416,Cairo,1,7121,3902.0
Cairo_y2020.tif,392,0.875,0.3769897959183674,Cairo,1,7148,3902.0
Cairo_y2020.tif,487,0.9260780287474333,0.3928542094455853,Cairo,1,7177,3902.0
Cairo_y2020.tif,393,0.0,0.08361323155216285,Cairo,1,7212,3902.0
Cairo_y2020.tif,473,0.8816067653276956,0.3808562367864694,Cairo,1,7191,3902.0
Cairo_y2020.tif,526,0.8821292775665399,0.37651140684410644,Cairo,1,7214,3902.0
Cairo_y2020.tif,1872,0.0,0.06586004273504273,Cairo,0,7285,3902.0
Cairo_y2020.tif,525,0.7352380952380952,0.3213238095238095,Cairo,1,7241,3902.0
Cairo_y2020.tif,417,1.0,0.41503597122302155,Cairo,0,7394,3902.0
Cairo_y2020.tif,345,1.0,0.41872463768115936,Cairo,1,7392,3902.0
Cairo_y2020.tif,211,1.0,0.4089810426540284,Cairo,1,7388,3902.0
Cairo_y2020.tif,271,1.0,0.4022140221402214,Cairo,1,7386,3902.0
Cairo_y2020.tif,1121,0.7734165923282783,0.2908474576271186,Cairo,0,7384,3902.0
Cairo_y2020.tif,390,0.941025641025641,0.3387307692307693,Cairo,1,7339,3902.0
Cairo_y2020.tif,185,1.0,0.41008108108108116,Cairo,1,7377,3902.0
Cairo_y2020.tif,139,1.0,0.4279496402877698,Cairo,0,7457,3902.0
Cairo_y2020.tif,359,1.0,0.43912256267409466,Cairo,1,7501,3902.0
Cairo_y2020.tif,177,1.0,0.4312146892655368,Cairo,1,7504,3902.0
Cairo_y2020.tif,710,0.7267605633802817,0.26804929577464787,Cairo,0,7272,3902.0
Cairo_y2020.tif,484,1.0,0.33789256198347106,Cairo,0,7324,3902.0
Cairo_y2020.tif,714,0.0,0.08894957983193276,Cairo,0,7349,3902.0
Cairo_y2020.tif,621,0.4492753623188406,0.22028180354267313,Cairo,0,7370,3902.0
Cairo_y2020.tif,1034,0.913926499032882,0.34713733075435205,Cairo,1,7366,3902.0
Cairo_y2020.tif,556,0.41906474820143885,0.19350719424460433,Cairo,0,7448,3902.0
Cairo_y2020.tif,1149,0.0,0.07495648389904265,Cairo,0,7452,3902.0
Cairo_y2020.tif,410,1.0,0.42054878048780486,Cairo,1,7437,3902.0
Cairo_y2020.tif,463,1.0,0.4269978401727862,Cairo,0,7445,3902.0
Cairo_y2020.tif,456,0.9890350877192983,0.36433114035087716,Cairo,0,7380,3902.0
Cairo_y2020.tif,295,0.0,0.08032203389830508,Cairo,0,7291,3902.0
Cairo_y2020.tif,729,0.6748971193415638,0.27704389574759947,Cairo,1,7299,3902.0
Cairo_y2020.tif,428,0.4766355140186916,0.2476518691588785,Cairo,1,7368,3902.0
Cairo_y2020.tif,404,0.9455445544554455,0.36006188118811877,Cairo,1,7372,3902.0
Cairo_y2020.tif,761,0.0,0.08107752956636005,Cairo,0,7398,3902.0
Cairo_y2020.tif,378,0.6481481481481481,0.2672486772486773,Cairo,1,7433,3902.0
Cairo_y2020.tif,526,0.0,0.09787072243346008,Cairo,0,7449,3902.0
Cairo_y2020.tif,327,1.0,0.4194342507645259,Cairo,1,7471,3902.0
Cairo_y2020.tif,132,1.0,0.436780303030303,Cairo,0,7474,3902.0
Cairo_y2020.tif,292,0.6472602739726028,0.2813869863013698,Cairo,1,7490,3902.0
Cairo_y2020.tif,930,0.35268817204301073,0.1795967741935484,Cairo,0,7360,3902.0
Cairo_y2020.tif,2262,0.9106984969053935,0.3833443854995579,Cairo,1,7357,3902.0
Cairo_y2020.tif,749,0.9465954606141522,0.3605941255006676,Cairo,0,7374,3902.0
Cairo_y2020.tif,833,0.9987995198079231,0.3855522208883554,Cairo,1,7347,3902.0
Cairo_y2020.tif,353,0.38243626062322944,0.22743626062322944,Cairo,1,7381,3902.0
Cairo_y2020.tif,563,1.0,0.4095204262877442,Cairo,0,7441,3902.0
Cairo_y2020.tif,999,0.7617617617617618,0.33484484484484484,Cairo,1,7423,3902.0
Cairo_y2020.tif,648,1.0,0.44365740740740744,Cairo,0,7425,3902.0
Cairo_y2020.tif,457,1.0,0.39870897155361046,Cairo,1,7509,3902.0
Cairo_y2020.tif,1349,1.0,0.43611934766493704,Cairo,0,7451,3902.0
Cairo_y2020.tif,665,0.8631578947368421,0.36336842105263156,Cairo,1,3106,3902.0
Cairo_y2020.tif,328,0.625,0.2996493902439024,Cairo,1,3100,3902.0
Cairo_y2020.tif,294,0.47959183673469385,0.25889455782312926,Cairo,0,3096,3902.0
Cairo_y2020.tif,978,0.39263803680981596,0.22744887525562374,Cairo,0,3095,3902.0
Cairo_y2020.tif,396,0.0,0.08079545454545455,Cairo,0,3179,3902.0
Cairo_y2020.tif,281,0.0,0.08571174377224199,Cairo,1,3310,3902.0
Cairo_y2020.tif,493,0.0,0.12231237322515214,Cairo,0,3318,3902.0
Cairo_y2020.tif,575,0.662608695652174,0.2461304347826087,Cairo,0,3329,3902.0
Cairo_y2020.tif,1192,0.0,0.06341442953020135,Cairo,0,3304,3902.0
Cairo_y2020.tif,590,0.0,0.05011016949152543,Cairo,1,3287,3902.0
Cairo_y2020.tif,393,0.4300254452926209,0.26095419847328244,Cairo,1,3079,3902.0
Cairo_y2020.tif,558,0.4767025089605735,0.2699462365591398,Cairo,1,3082,3902.0
Cairo_y2020.tif,178,0.8314606741573034,0.268876404494382,Cairo,0,3063,3902.0
Cairo_y2020.tif,1325,0.3418867924528302,0.18910188679245282,Cairo,0,3140,3902.0
Cairo_y2020.tif,618,0.19093851132686085,0.167621359223301,Cairo,0,3191,3902.0
Cairo_y2020.tif,222,0.0,0.06268018018018018,Cairo,0,3168,3902.0
Cairo_y2020.tif,228,0.0,0.05817982456140351,Cairo,0,3203,3902.0
Cairo_y2020.tif,168,0.0,0.06473214285714286,Cairo,0,3221,3902.0
Cairo_y2020.tif,163,1.0,0.40619631901840486,Cairo,1,3236,3902.0
Cairo_y2020.tif,718,0.6420612813370473,0.29728412256267406,Cairo,1,3306,3902.0
Cairo_y2020.tif,794,0.8727959697732998,0.308904282115869,Cairo,1,3219,3902.0
Cairo_y2020.tif,281,0.9430604982206405,0.35798932384341636,Cairo,0,3185,3902.0
Cairo_y2020.tif,338,0.2514792899408284,0.2202958579881657,Cairo,0,3202,3902.0
Cairo_y2020.tif,1251,1.0,0.41221422861710627,Cairo,1,3246,3902.0
Cairo_y2020.tif,298,1.0,0.37016778523489935,Cairo,1,3259,3902.0
Cairo_y2020.tif,430,1.0,0.4041279069767441,Cairo,1,3325,3902.0
Cairo_y2020.tif,492,0.9247967479674797,0.3772154471544715,Cairo,1,3328,3902.0
Cairo_y2020.tif,474,0.9472573839662447,0.3768459915611814,Cairo,1,3335,3902.0
Cairo_y2020.tif,396,1.0,0.3966919191919192,Cairo,1,3322,3902.0
Cairo_y2020.tif,1041,1.0,0.4325648414985591,Cairo,1,3390,3902.0
Cairo_y2020.tif,546,0.9908424908424909,0.3697252747252747,Cairo,1,3278,3902.0
Cairo_y2020.tif,274,0.6423357664233577,0.27879562043795614,Cairo,1,3283,3902.0
Cairo_y2020.tif,447,0.06040268456375839,0.16257270693512305,Cairo,0,3296,3902.0
Cairo_y2020.tif,226,0.16371681415929204,0.1942699115044248,Cairo,1,3301,3902.0
Cairo_y2020.tif,201,1.0,0.41447761194029853,Cairo,1,3311,3902.0
Cairo_y2020.tif,1181,1.0,0.4293141405588484,Cairo,1,3426,3902.0
Cairo_y2020.tif,498,0.9959839357429718,0.38995983935742967,Cairo,1,3410,3902.0
Cairo_y2020.tif,341,0.8856304985337243,0.34878299120234607,Cairo,1,3433,3902.0
Cairo_y2020.tif,509,1.0,0.3978978388998035,Cairo,1,3405,3902.0
Cairo_y2020.tif,341,0.9413489736070382,0.35454545454545455,Cairo,1,3438,3902.0
Cairo_y2020.tif,215,0.0,0.0475813953488372,Cairo,0,3258,3902.0
Cairo_y2020.tif,3103,0.5098291975507573,0.22380116016757973,Cairo,0,3463,3902.0
Cairo_y2020.tif,508,0.03937007874015748,0.16408464566929135,Cairo,0,3407,3902.0
Cairo_y2020.tif,677,0.0310192023633678,0.09327178729689807,Cairo,1,3435,3902.0
Cairo_y2020.tif,314,0.7388535031847133,0.3279140127388535,Cairo,0,3447,3902.0
Cairo_y2020.tif,315,0.5523809523809524,0.27971428571428575,Cairo,0,3444,3902.0
Cairo_y2020.tif,401,1.0,0.4012593516209476,Cairo,1,3563,3902.0
Cairo_y2020.tif,379,1.0,0.4138522427440633,Cairo,1,3572,3902.0
Cairo_y2020.tif,426,1.0,0.4206103286384977,Cairo,1,3566,3902.0
Cairo_y2020.tif,453,1.0,0.43558498896247244,Cairo,1,3637,3902.0
Cairo_y2020.tif,1079,1.0,0.43472659870250235,Cairo,1,3378,3902.0
Cairo_y2020.tif,496,1.0,0.40616935483870964,Cairo,1,3458,3902.0
Cairo_y2020.tif,843,0.9940688018979834,0.38997627520759187,Cairo,1,3473,3902.0
Cairo_y2020.tif,759,0.9591567852437418,0.390935441370224,Cairo,1,3554,3902.0
Cairo_y2020.tif,439,0.9863325740318907,0.4143166287015946,Cairo,1,3545,3902.0
Cairo_y2020.tif,740,0.6378378378378379,0.2816351351351351,Cairo,1,3589,3902.0
Cairo_y2020.tif,1008,0.2728174603174603,0.1932638888888889,Cairo,0,3603,3902.0
Cairo_y2020.tif,551,0.2849364791288566,0.24917422867513608,Cairo,1,3595,3902.0
Cairo_y2020.tif,1032,0.0,0.06792151162790698,Cairo,0,3743,3902.0
Cairo_y2020.tif,468,0.0,0.04473290598290599,Cairo,0,3767,3902.0
Cairo_y2020.tif,930,1.0,0.39654838709677415,Cairo,1,3441,3902.0
Cairo_y2020.tif,448,1.0,0.4106919642857143,Cairo,1,3540,3902.0
Cairo_y2020.tif,374,1.0,0.39691176470588235,Cairo,1,3562,3902.0
Cairo_y2020.tif,901,1.0,0.39537735849056604,Cairo,1,3590,3902.0
Cairo_y2020.tif,1320,1.0,0.414064393939394,Cairo,1,3564,3902.0
Cairo_y2020.tif,513,1.0,0.4265399610136452,Cairo,1,3600,3902.0
Cairo_y2020.tif,400,0.9975,0.3702375,Cairo,1,3601,3902.0
Cairo_y2020.tif,360,0.9888888888888889,0.3321805555555556,Cairo,1,3668,3902.0
Cairo_y2020.tif,1017,0.44051130776794495,0.21708947885939034,Cairo,0,3700,3902.0
Cairo_y2020.tif,979,0.41266598569969354,0.1823697650663943,Cairo,0,3745,3902.0
Cairo_y2020.tif,821,0.9817295980511571,0.3901705237515225,Cairo,1,3517,3902.0
Cairo_y2020.tif,403,1.0,0.4370967741935485,Cairo,1,3622,3902.0
Cairo_y2020.tif,450,1.0,0.42799999999999994,Cairo,1,3652,3902.0
Cairo_y2020.tif,619,1.0,0.4064297253634895,Cairo,1,3577,3902.0
Cairo_y2020.tif,1168,1.0,0.4075342465753425,Cairo,1,3711,3902.0
Cairo_y2020.tif,923,0.9783315276273022,0.3346424702058505,Cairo,1,3753,3902.0
Cairo_y2020.tif,719,0.9860917941585535,0.3546522948539638,Cairo,1,3784,3902.0
Cairo_y2020.tif,1322,1.0,0.4062291981845689,Cairo,1,3803,3902.0
Cairo_y2020.tif,1017,0.7413962635201573,0.27248770894788593,Cairo,0,3841,3902.0
Cairo_y2020.tif,1900,0.7868421052631579,0.3247315789473684,Cairo,0,3919,3902.0
Cairo_y2020.tif,1129,0.7573073516386183,0.2536713906111603,Cairo,0,3804,3902.0
Cairo_y2020.tif,367,0.8501362397820164,0.3082697547683924,Cairo,1,3766,3902.0
Cairo_y2020.tif,601,0.9550748752079867,0.3188851913477537,Cairo,0,3817,3902.0
Cairo_y2020.tif,994,0.39235412474849096,0.19911468812877264,Cairo,0,3822,3902.0
Cairo_y2020.tif,665,0.40150375939849625,0.23352631578947372,Cairo,1,3838,3902.0
Cairo_y2020.tif,494,0.41295546558704455,0.22366396761133606,Cairo,0,3882,3902.0
Cairo_y2020.tif,531,0.96045197740113,0.3197834274952919,Cairo,0,3894,3902.0
Cairo_y2020.tif,994,1.0,0.3829124748490946,Cairo,0,3878,3902.0
Cairo_y2020.tif,9650,0.4899481865284974,0.1990077720207254,Cairo,0,4217,3902.0
Cairo_y2020.tif,771,0.3022049286640726,0.14812581063553829,Cairo,0,4778,3902.0
Cairo_y2020.tif,711,0.9929676511954993,0.36412798874824187,Cairo,1,3980,3902.0
Cairo_y2020.tif,1582,0.9778761061946902,0.38117572692793933,Cairo,0,4113,3902.0
Cairo_y2020.tif,1192,1.0,0.4274538590604027,Cairo,0,4189,3902.0
Cairo_y2020.tif,991,0.9697275479313825,0.37242179616548937,Cairo,0,4234,3902.0
Cairo_y2020.tif,887,1.0,0.4112739571589628,Cairo,1,4334,3902.0
Cairo_y2020.tif,563,1.0,0.43479573712255776,Cairo,1,4351,3902.0
Cairo_y2020.tif,25162,0.19167792703282727,0.12540934742866225,Cairo,0,4701,3902.0
Cairo_y2020.tif,1149,0.02349869451697128,0.07701914708442124,Cairo,0,4638,3902.0
Cairo_y2020.tif,919,0.41458106637649617,0.16389009793253537,Cairo,0,4702,3902.0
Cairo_y2020.tif,1007,0.8192651439920556,0.2842651439920556,Cairo,0,4740,3902.0
Cairo_y2020.tif,298,0.48322147651006714,0.23635906040268453,Cairo,1,4036,3902.0
Cairo_y2020.tif,5585,0.0,0.010038495971351835,Cairo,0,4321,3902.0
Cairo_y2020.tif,29012,0.005239211360816214,0.023656590376395975,Cairo,0,5542,3902.0
Cairo_y2020.tif,520,0.7326923076923076,0.26574038461538463,Cairo,0,4707,3902.0
Cairo_y2020.tif,28018,0.022271396959097724,0.031691769576700696,Cairo,0,5144,3902.0
Cairo_y2020.tif,721,0.7836338418862691,0.26536061026352287,Cairo,1,4781,3902.0
Cairo_y2020.tif,565,1.0,0.3489646017699115,Cairo,1,4755,3902.0
Cairo_y2020.tif,372,0.9005376344086021,0.2770698924731183,Cairo,1,4800,3902.0
Cairo_y2020.tif,266,0.13533834586466165,0.17415413533834587,Cairo,1,4812,3902.0
Cairo_y2020.tif,268,0.9477611940298507,0.29514925373134326,Cairo,1,4834,3902.0
Cairo_y2020.tif,865,0.9826589595375722,0.3537109826589595,Cairo,1,4357,3902.0
Cairo_y2020.tif,734,1.0,0.38472752043596736,Cairo,1,4362,3902.0
Cairo_y2020.tif,994,0.9889336016096579,0.37309356136820926,Cairo,1,4454,3902.0
Cairo_y2020.tif,828,0.9975845410628019,0.3652838164251208,Cairo,1,4449,3902.0
Cairo_y2020.tif,1204,0.9717607973421927,0.3835963455149502,Cairo,1,4490,3902.0
Cairo_y2020.tif,1332,0.7454954954954955,0.3026576576576577,Cairo,0,4641,3902.0
Cairo_y2020.tif,1514,0.691545574636724,0.28995046235138705,Cairo,0,4676,3902.0
Cairo_y2020.tif,1208,0.21688741721854304,0.1717342715231788,Cairo,0,5297,3902.0
Cairo_y2020.tif,1413,0.6610049539985846,0.2875230007077141,Cairo,0,5395,3902.0
Cairo_y2020.tif,1069,1.0,0.42689429373246024,Cairo,0,5328,3902.0
Cairo_y2020.tif,3222,0.11421477343265053,0.10894941030415892,Cairo,0,4712,3902.0
Cairo_y2020.tif,1044,0.11015325670498084,0.1185153256704981,Cairo,0,4688,3902.0
Cairo_y2020.tif,380,0.6078947368421053,0.25799999999999995,Cairo,1,4727,3902.0
Cairo_y2020.tif,581,0.0,0.10446643717728056,Cairo,1,4780,3902.0
Cairo_y2020.tif,748,0.08422459893048129,0.13857620320855615,Cairo,0,4807,3902.0
Cairo_y2020.tif,1765,0.7450424929178471,0.2536968838526912,Cairo,1,4877,3902.0
Cairo_y2020.tif,14446,0.0008999030873598228,0.017931953481932716,Cairo,0,5544,3902.0
Cairo_y2020.tif,1288,0.44875776397515527,0.21248447204968945,Cairo,0,4908,3902.0
Cairo_y2020.tif,908,0.0,0.13054515418502202,Cairo,1,4991,3902.0
Cairo_y2020.tif,13046,0.3676989115437682,0.16993063007818487,Cairo,0,5551,3902.0
Cairo_y2020.tif,731,0.0,0.020533515731874147,Cairo,0,4711,3902.0
Cairo_y2020.tif,676,0.0,0.07246301775147929,Cairo,0,4751,3902.0
Cairo_y2020.tif,745,0.11409395973154363,0.09540939597315436,Cairo,0,4789,3902.0
Cairo_y2020.tif,403,0.12406947890818859,0.07602977667493799,Cairo,1,4799,3902.0
Cairo_y2020.tif,78601,0.058714265721810155,0.057276434142059254,Cairo,0,5581,3902.0
Cairo_y2020.tif,833,0.0012004801920768306,0.08438175270108042,Cairo,0,5463,3902.0
Cairo_y2020.tif,2179,0.6966498393758604,0.23239559430931622,Cairo,0,5580,3902.0
Cairo_y2020.tif,1916,0.8449895615866388,0.30987995824634657,Cairo,0,5566,3902.0
Cairo_y2020.tif,709,1.0,0.35524682651622,Cairo,0,5602,3902.0
Cairo_y2020.tif,1010,0.695049504950495,0.24401980198019801,Cairo,0,5709,3902.0
Cairo_y2020.tif,1821,0.0,0.10685063152114224,Cairo,0,5069,3902.0
Cairo_y2020.tif,1047,0.0,0.03347659980897803,Cairo,0,5195,3902.0
Cairo_y2020.tif,4365,0.29805269186712485,0.1563951890034364,Cairo,0,5243,3902.0
Cairo_y2020.tif,15056,0.0,0.017214399574920297,Cairo,0,5554,3902.0
Cairo_y2020.tif,716,0.0,0.045377094972067045,Cairo,0,5124,3902.0
Cairo_y2020.tif,1017,0.0058997050147492625,0.15507866273353,Cairo,0,5215,3902.0
Cairo_y2020.tif,568,0.0,0.019630281690140847,Cairo,0,5261,3902.0
Cairo_y2020.tif,380,0.0,0.044421052631578944,Cairo,0,5198,3902.0
Cairo_y2020.tif,2770,0.0,0.0707202166064982,Cairo,0,5377,3902.0
Cairo_y2020.tif,290,0.0,0.02046551724137931,Cairo,1,5258,3902.0
Cairo_y2020.tif,900,0.0,0.024961111111111114,Cairo,0,5337,3902.0
Cairo_y2020.tif,865,0.0,0.07670520231213873,Cairo,0,5357,3902.0
Cairo_y2020.tif,331,0.0,0.023564954682779454,Cairo,0,5334,3902.0
Cairo_y2020.tif,349,0.0,0.02270773638968481,Cairo,0,5335,3902.0
Cairo_y2020.tif,4560,0.06206140350877193,0.10117763157894738,Cairo,1,5499,3902.0
Cairo_y2020.tif,694,0.0,0.024791066282420747,Cairo,0,5414,3902.0
Cairo_y2020.tif,328,0.0,0.01516768292682927,Cairo,0,5417,3902.0
Cairo_y2020.tif,384,0.0,0.018723958333333332,Cairo,1,5424,3902.0
Cairo_y2020.tif,568,0.0,0.01579225352112676,Cairo,0,5421,3902.0
Cairo_y2020.tif,988,0.0,0.10169028340080971,Cairo,0,5409,3902.0
Cairo_y2020.tif,873,0.0,0.05053264604810997,Cairo,0,5553,3902.0
Cairo_y2020.tif,522,0.0,0.030067049808429124,Cairo,0,5545,3902.0
Cairo_y2020.tif,797,0.0,0.02072145545796738,Cairo,0,5546,3902.0
Cairo_y2020.tif,547,0.0,0.026215722120658137,Cairo,0,5550,3902.0
Cairo_y2020.tif,1258,0.04372019077901431,0.13784181240063592,Cairo,0,5560,3902.0
Cairo_y2020.tif,504,0.0,0.06548611111111112,Cairo,0,5674,3902.0
Cairo_y2020.tif,497,0.545271629778672,0.24161971830985915,Cairo,0,5655,3902.0
Cairo_y2020.tif,716,0.0,0.04201117318435754,Cairo,0,5684,3902.0
Cairo_y2020.tif,503,0.0,0.04098409542743539,Cairo,0,5685,3902.0
Cairo_y2020.tif,1220,0.0,0.03768032786885246,Cairo,0,5695,3902.0
Cairo_y2020.tif,589,0.0,0.1082258064516129,Cairo,1,5436,3902.0
Cairo_y2020.tif,1867,0.05034815211569363,0.06347080878414568,Cairo,0,5523,3902.0
Cairo_y2020.tif,1191,0.0,0.09303526448362721,Cairo,0,5543,3902.0
Cairo_y2020.tif,995,0.3065326633165829,0.2167336683417085,Cairo,0,5649,3902.0
Cairo_y2020.tif,1380,0.13333333333333333,0.08035144927536232,Cairo,0,5585,3902.0
Cairo_y2020.tif,1657,0.0,0.05593240796620399,Cairo,0,5694,3902.0
Cairo_y2020.tif,663,0.9321266968325792,0.30929864253393663,Cairo,1,5687,3902.0
Cairo_y2020.tif,1098,0.044626593806921674,0.13637067395264119,Cairo,0,5704,3902.0
Cairo_y2020.tif,581,0.76592082616179,0.3199483648881239,Cairo,0,5732,3902.0
Cairo_y2020.tif,689,0.0,0.08509433962264153,Cairo,0,5775,3902.0
Cairo_y2020.tif,776,0.0,0.04235180412371133,Cairo,0,5700,3902.0
Cairo_y2020.tif,1899,0.047919957872564506,0.09241179568193787,Cairo,0,5702,3902.0
Cairo_y2020.tif,311,0.0,0.04197749196141479,Cairo,0,5697,3902.0
Cairo_y2020.tif,1183,0.2933220625528318,0.2360819949281488,Cairo,0,5767,3902.0
Cairo_y2020.tif,656,0.0,0.033033536585365855,Cairo,0,5733,3902.0
Cairo_y2020.tif,273,0.0,0.027728937728937728,Cairo,0,5752,3902.0
Cairo_y2020.tif,854,0.0,0.037060889929742394,Cairo,0,5777,3902.0
Cairo_y2020.tif,436,0.0,0.03432339449541284,Cairo,0,5748,3902.0
Cairo_y2020.tif,566,0.0,0.04481448763250883,Cairo,0,5770,3902.0
Cairo_y2020.tif,1039,0.8046198267564967,0.32445620789220403,Cairo,1,5808,3902.0
Cairo_y2020.tif,398,0.0,0.029673366834170857,Cairo,0,5814,3902.0
Cairo_y2020.tif,1177,0.0,0.03994477485131691,Cairo,0,5845,3902.0
Cairo_y2020.tif,474,0.0,0.031139240506329123,Cairo,0,5833,3902.0
Cairo_y2020.tif,398,0.0,0.027160804020100508,Cairo,0,5829,3902.0
Cairo_y2020.tif,3823,0.12921789170808265,0.12640465602929638,Cairo,0,5996,3902.0
Cairo_y2020.tif,1046,0.7954110898661568,0.31916826003824095,Cairo,0,5877,3902.0
Cairo_y2020.tif,325,0.0,0.03889230769230769,Cairo,0,5873,3902.0
Cairo_y2020.tif,362,0.0,0.026312154696132597,Cairo,0,5872,3902.0
Cairo_y2020.tif,385,0.0,0.027038961038961043,Cairo,0,5875,3902.0
Cairo_y2020.tif,595,0.0,0.02294957983193277,Cairo,0,5884,3902.0
Cairo_y2020.tif,320,0.4125,0.15717187500000002,Cairo,1,3837,3902.0
Cairo_y2020.tif,425,0.8376470588235294,0.2732235294117647,Cairo,0,3839,3902.0
Cairo_y2020.tif,993,0.797583081570997,0.23411379657603223,Cairo,0,3850,3902.0
Cairo_y2020.tif,509,0.5147347740667977,0.17766208251473478,Cairo,0,3857,3902.0
Cairo_y2020.tif,908,0.6332599118942731,0.27765418502202643,Cairo,1,3995,3902.0
Cairo_y2020.tif,958,1.0,0.3762578288100209,Cairo,1,3950,3902.0
Cairo_y2020.tif,4303,0.9267952591215431,0.3326876597722519,Cairo,1,4040,3902.0
Cairo_y2020.tif,11986,0.9627064909060571,0.35620765893542466,Cairo,1,4331,3902.0
Cairo_y2020.tif,5160,0.9705426356589147,0.3751812015503876,Cairo,1,4947,3902.0
Cairo_y2020.tif,4625,0.9863783783783784,0.3857881081081081,Cairo,1,5045,3902.0
Cairo_y2020.tif,8858,0.3192594265071122,0.15434296680966358,Cairo,0,4279,3902.0
Cairo_y2020.tif,2196,0.6557377049180327,0.20748406193078323,Cairo,0,4323,3902.0
Cairo_y2020.tif,68851,0.33892027712015804,0.15420487719858827,Cairo,0,5351,3902.0
Cairo_y2020.tif,143773,0.259819298477461,0.1222955979217238,Cairo,0,6312,3902.0
Cairo_y2020.tif,424,0.7051886792452831,0.2743042452830189,Cairo,0,6361,3902.0
Cairo_y2020.tif,1708,0.13114754098360656,0.15202868852459014,Cairo,0,6390,3902.0
Cairo_y2020.tif,249,0.060240963855421686,0.208855421686747,Cairo,1,6394,3902.0
Cairo_y2020.tif,204,1.0,0.34144607843137254,Cairo,1,6411,3902.0
Cairo_y2020.tif,460,0.8043478260869565,0.31623913043478263,Cairo,1,6434,3902.0
Cairo_y2020.tif,384,0.6979166666666666,0.24921875000000002,Cairo,1,6446,3902.0
Cairo_y2020.tif,562,0.0,0.02064946619217082,Cairo,0,3788,3902.0
Cairo_y2020.tif,1060,0.25943396226415094,0.13606132075471694,Cairo,1,3858,3902.0
Cairo_y2020.tif,1538,0.5929778933680104,0.22112808842652798,Cairo,0,4136,3902.0
Cairo_y2020.tif,4637,0.9480267414276472,0.3502253612249299,Cairo,0,5064,3902.0
Cairo_y2020.tif,2347,0.9501491265445249,0.34520451640391986,Cairo,0,5360,3902.0
Cairo_y2020.tif,572,0.0,0.04091783216783217,Cairo,0,6661,3902.0
Cairo_y2020.tif,2581,0.6191398682681132,0.2397132894227044,Cairo,1,6722,3902.0
Cairo_y2020.tif,23365,0.3137170982238391,0.15016691632784077,Cairo,0,7422,3902.0
Cairo_y2020.tif,10632,0.6935665914221218,0.28542231000752444,Cairo,1,7492,3902.0
Cairo_y2020.tif,629,0.5310015898251192,0.26978537360890303,Cairo,1,7251,3902.0
Cairo_y2020.tif,685,0.2948905109489051,0.15070802919708032,Cairo,0,5423,3902.0
Cairo_y2020.tif,2106,0.8124406457739791,0.29084995251661916,Cairo,0,5588,3902.0
Cairo_y2020.tif,1225,0.926530612244898,0.30195102040816324,Cairo,0,5658,3902.0
Cairo_y2020.tif,2617,0.6480703095147115,0.2473977837218189,Cairo,0,5703,3902.0
Cairo_y2020.tif,269,0.05947955390334572,0.1554275092936803,Cairo,1,6509,3902.0
Cairo_y2020.tif,411,0.0851581508515815,0.1666301703163017,Cairo,1,6531,3902.0
Cairo_y2020.tif,127,0.0,0.09744094488188976,Cairo,1,6538,3902.0
Cairo_y2020.tif,207,0.0,0.14821256038647343,Cairo,1,6574,3902.0
Cairo_y2020.tif,237,0.0,0.12451476793248945,Cairo,1,6571,3902.0
Cairo_y2020.tif,362,0.0,0.17142265193370163,Cairo,1,6604,3902.0
Cairo_y2020.tif,2630,0.9916349809885932,0.37416920152091254,Cairo,0,5255,3902.0
Cairo_y2020.tif,1156,1.0,0.3797794117647059,Cairo,0,5286,3902.0
Cairo_y2020.tif,5427,0.9578035747189976,0.3544536576377373,Cairo,0,5583,3902.0
Cairo_y2020.tif,4109,0.9182282793867121,0.32409467023606714,Cairo,0,5623,3902.0
Cairo_y2020.tif,6592,0.9913531553398058,0.3493135618932039,Cairo,0,5831,3902.0
Cairo_y2020.tif,17274,0.6925437073057775,0.29584520087993516,Cairo,1,6124,3902.0
Cairo_y2020.tif,28748,0.23639905384722415,0.12130965632391819,Cairo,0,6641,3902.0
Cairo_y2020.tif,1059,0.9452313503305004,0.33678470254957504,Cairo,0,6647,3902.0
Cairo_y2020.tif,479,0.9916492693110647,0.35217118997912317,Cairo,1,6752,3902.0
Cairo_y2020.tif,370,1.0,0.38616216216216215,Cairo,1,6885,3902.0
Cairo_y2020.tif,660,0.9833333333333333,0.313219696969697,Cairo,1,6460,3902.0
Cairo_y2020.tif,1957,0.3786407766990291,0.2087966274910577,Cairo,0,6471,3902.0
Cairo_y2020.tif,271,0.966789667896679,0.31625461254612547,Cairo,1,6477,3902.0
Cairo_y2020.tif,878,0.9555808656036446,0.3445615034168565,Cairo,1,6483,3902.0
Cairo_y2020.tif,453,0.9933774834437086,0.35714128035320086,Cairo,0,6488,3902.0
Cairo_y2020.tif,172,1.0,0.39537790697674424,Cairo,1,6485,3902.0
Cairo_y2020.tif,849,0.7432273262661955,0.30119552414605416,Cairo,1,6525,3902.0
Cairo_y2020.tif,446,0.5964125560538116,0.29590807174887884,Cairo,1,6533,3902.0
Cairo_y2020.tif,468,0.18376068376068377,0.2240491452991453,Cairo,0,6586,3902.0
Cairo_y2020.tif,430,0.7697674418604651,0.304953488372093,Cairo,1,6552,3902.0
Cairo_y2020.tif,353,0.7762039660056658,0.2710339943342776,Cairo,0,6635,3902.0
Cairo_y2020.tif,423,0.09929078014184398,0.193451536643026,Cairo,1,6629,3902.0
Cairo_y2020.tif,423,0.30260047281323876,0.22016548463356972,Cairo,1,6648,3902.0
Cairo_y2020.tif,753,0.6533864541832669,0.28938911022576363,Cairo,1,6687,3902.0
Cairo_y2020.tif,535,0.41682242990654206,0.22811214953271028,Cairo,1,6665,3902.0
Cairo_y2020.tif,393,0.9516539440203562,0.29444020356234096,Cairo,1,6689,3902.0
Cairo_y2020.tif,199,0.4723618090452261,0.2371356783919598,Cairo,0,6683,3902.0
Cairo_y2020.tif,581,0.9931153184165232,0.3224010327022375,Cairo,0,6723,3902.0
Cairo_y2020.tif,657,1.0,0.37270928462709285,Cairo,1,6800,3902.0
Cairo_y2020.tif,231,1.0,0.36969696969696964,Cairo,0,6816,3902.0
Cairo_y2020.tif,767,0.8800521512385919,0.3466297262059974,Cairo,1,6551,3902.0
Cairo_y2020.tif,1089,0.9696969696969697,0.3948025711662076,Cairo,1,6645,3902.0
Cairo_y2020.tif,234,1.0,0.419957264957265,Cairo,1,6589,3902.0
Cairo_y2020.tif,376,0.6914893617021277,0.31002659574468083,Cairo,1,6618,3902.0
Cairo_y2020.tif,360,0.0,0.12144444444444444,Cairo,0,6619,3902.0
Cairo_y2020.tif,286,0.3916083916083916,0.24840909090909086,Cairo,1,6636,3902.0
Cairo_y2020.tif,388,0.7835051546391752,0.2950128865979382,Cairo,1,6662,3902.0
Cairo_y2020.tif,890,1.0,0.40977528089887644,Cairo,1,6685,3902.0
Cairo_y2020.tif,3968,0.06275201612903226,0.09228704637096774,Cairo,0,7004,3902.0
Cairo_y2020.tif,292,1.0,0.4274486301369863,Cairo,1,6711,3902.0
Cairo_y2020.tif,5229,0.709887167718493,0.2972681200994454,Cairo,1,6883,3902.0
Cairo_y2020.tif,613,0.6721044045676998,0.30060358890701466,Cairo,1,6769,3902.0
Cairo_y2020.tif,1024,0.6865234375,0.3242333984375,Cairo,1,6860,3902.0
Cairo_y2020.tif,665,0.8571428571428571,0.37266917293233087,Cairo,1,6887,3902.0
Cairo_y2020.tif,7327,0.877030162412993,0.3380298894499795,Cairo,1,7086,3902.0
Cairo_y2020.tif,341,0.0,0.11865102639296188,Cairo,0,6940,3902.0
Cairo_y2020.tif,270,0.5592592592592592,0.26812962962962966,Cairo,1,6923,3902.0
Cairo_y2020.tif,784,0.0,0.08228954081632653,Cairo,1,7089,3902.0
Cairo_y2020.tif,1165,0.48068669527896996,0.21163090128755366,Cairo,1,7149,3902.0
Cairo_y2020.tif,2387,1.0,0.40934855467113535,Cairo,1,7215,3902.0
Cairo_y2020.tif,468,1.0,0.38735042735042735,Cairo,1,6871,3902.0
Cairo_y2020.tif,2061,0.7394468704512372,0.31032508491023775,Cairo,0,6905,3902.0
Cairo_y2020.tif,497,1.0,0.39420523138833,Cairo,1,6900,3902.0
Cairo_y2020.tif,516,0.9573643410852714,0.3949321705426356,Cairo,1,6947,3902.0
Cairo_y2020.tif,280,1.0,0.42148214285714286,Cairo,1,6979,3902.0
Cairo_y2020.tif,762,0.484251968503937,0.23965879265091863,Cairo,1,6982,3902.0
Cairo_y2020.tif,524,1.0,0.4125763358778626,Cairo,1,7035,3902.0
Cairo_y2020.tif,459,1.0,0.3918518518518519,Cairo,1,7048,3902.0
Cairo_y2020.tif,598,0.36789297658862874,0.2126505016722408,Cairo,1,7054,3902.0
Cairo_y2020.tif,941,1.0,0.4119022316684378,Cairo,1,7118,3902.0
Cairo_y2020.tif,962,0.6288981288981289,0.19980769230769233,Cairo,0,4761,3902.0
Cairo_y2020.tif,1318,0.03110773899848255,0.07526555386949925,Cairo,0,4764,3902.0
Cairo_y2020.tif,885,0.09378531073446328,0.12568361581920903,Cairo,0,4803,3902.0
Cairo_y2020.tif,867,0.35870818915801617,0.15089388696655132,Cairo,0,4831,3902.0
Cairo_y2020.tif,1084,0.055350553505535055,0.12253690036900368,Cairo,0,4849,3902.0
Cairo_y2020.tif,385,0.0,0.052610389610389614,Cairo,0,4856,3902.0
Cairo_y2020.tif,401,0.0,0.03482543640897756,Cairo,0,4876,3902.0
Cairo_y2020.tif,758,0.391820580474934,0.17548812664907654,Cairo,0,5612,3902.0
Cairo_y2020.tif,1226,0.1761827079934747,0.08922512234910278,Cairo,0,5753,3902.0
Cairo_y2020.tif,1298,0.2473035439137134,0.12191063174114022,Cairo,0,5778,3902.0
Cairo_y2020.tif,62218,0.869732231830017,0.34683041884985055,Cairo,1,6005,3902.0
Cairo_y2020.tif,2441,1.0,0.40418066366243344,Cairo,1,5181,3902.0
Cairo_y2020.tif,3996,0.7612612612612613,0.3206468968968969,Cairo,0,6050,3902.0
Cairo_y2020.tif,8879,0.772271652213087,0.3050078837706949,Cairo,1,6095,3902.0
Cairo_y2020.tif,2138,0.9840972871842844,0.3986225444340505,Cairo,0,6257,3902.0
Cairo_y2020.tif,2999,0.41647215738579524,0.2109586528842948,Cairo,0,6347,3902.0
Cairo_y2020.tif,2878,0.0,0.04556984016678249,Cairo,0,6370,3902.0
Cairo_y2020.tif,4292,0.874650512581547,0.36159249767008383,Cairo,0,6294,3902.0
Cairo_y2020.tif,1415,0.1745583038869258,0.22811307420494698,Cairo,0,6360,3902.0
Cairo_y2020.tif,2141,0.08033629145259225,0.12095049042503503,Cairo,0,6492,3902.0
Cairo_y2020.tif,1326,0.7956259426847662,0.2802677224736048,Cairo,1,5858,3902.0
Cairo_y2020.tif,1507,0.7398805573988055,0.24713669542136696,Cairo,1,5970,3902.0
Cairo_y2020.tif,2790,0.6831541218637993,0.2361111111111111,Cairo,0,6028,3902.0
Cairo_y2020.tif,876,1.0,0.39310502283105025,Cairo,0,6097,3902.0
Cairo_y2020.tif,3939,0.9185072353389185,0.35403655750190405,Cairo,0,6194,3902.0
Cairo_y2020.tif,726,1.0,0.41081955922865016,Cairo,0,6129,3902.0
Cairo_y2020.tif,2030,0.9995073891625615,0.42035467980295566,Cairo,1,6223,3902.0
Cairo_y2020.tif,601,0.9983361064891847,0.3694093178036606,Cairo,1,6226,3902.0
Cairo_y2020.tif,390,1.0,0.33049999999999996,Cairo,1,6270,3902.0
Cairo_y2020.tif,2220,0.37027027027027026,0.19737612612612612,Cairo,0,6315,3902.0
Cairo_y2020.tif,1072,0.7565298507462687,0.27374067164179106,Cairo,0,6343,3902.0
Cairo_y2020.tif,529,0.13799621928166353,0.24120037807183367,Cairo,1,6377,3902.0
Cairo_y2020.tif,1208,0.7044701986754967,0.2932574503311258,Cairo,1,6402,3902.0
Cairo_y2020.tif,2650,0.6120754716981132,0.254545283018868,Cairo,0,6451,3902.0
Cairo_y2020.tif,942,0.0,0.14644904458598723,Cairo,0,6432,3902.0
Cairo_y2020.tif,410,0.0,0.17397560975609752,Cairo,1,6453,3902.0
Cairo_y2020.tif,1366,0.0007320644216691069,0.13731698389458272,Cairo,0,6464,3902.0
Cairo_y2020.tif,1100,0.10363636363636364,0.14922727272727274,Cairo,1,6491,3902.0
Cairo_y2020.tif,589,0.0,0.05661290322580645,Cairo,0,6516,3902.0
Cairo_y2020.tif,783,0.0,0.051832694763729245,Cairo,0,6518,3902.0
Cairo_y2020.tif,1493,0.23710649698593436,0.17564300066979238,Cairo,0,6478,3902.0
Cairo_y2020.tif,4745,0.8790305584826132,0.32181664910432034,Cairo,0,6615,3902.0
Cairo_y2020.tif,1250,0.0704,0.12125599999999999,Cairo,0,6537,3902.0
Cairo_y2020.tif,2518,0.8153296266878475,0.32552422557585386,Cairo,0,6637,3902.0
Cairo_y2020.tif,1426,0.0,0.07172159887798037,Cairo,0,6729,3902.0
Cairo_y2020.tif,1062,0.9783427495291902,0.3517278719397363,Cairo,1,6767,3902.0
Cairo_y2020.tif,821,1.0,0.37300852618757613,Cairo,1,6754,3902.0
Cairo_y2020.tif,1599,0.9993746091307066,0.4054846779237024,Cairo,1,6824,3902.0
Cairo_y2020.tif,1467,0.31424676209952285,0.19599863667348333,Cairo,0,6878,3902.0
Cairo_y2020.tif,1202,0.9758735440931781,0.3906905158069884,Cairo,1,6915,3902.0
Cairo_y2020.tif,1011,0.04253214638971316,0.08718100890207715,Cairo,1,6591,3902.0
Cairo_y2020.tif,1253,0.0,0.034269752593774946,Cairo,0,6634,3902.0
Cairo_y2020.tif,1911,0.0,0.04807692307692309,Cairo,0,6653,3902.0
Cairo_y2020.tif,358,0.0,0.03474860335195531,Cairo,0,6638,3902.0
Cairo_y2020.tif,1029,0.0,0.0693343051506317,Cairo,0,6659,3902.0
Cairo_y2020.tif,351,0.002849002849002849,0.13452991452991453,Cairo,0,6713,3902.0
Cairo_y2020.tif,791,0.0,0.09101769911504426,Cairo,0,6779,3902.0
Cairo_y2020.tif,324,0.0,0.21470679012345678,Cairo,1,6778,3902.0
Cairo_y2020.tif,2512,0.0,0.08687699044585986,Cairo,0,6844,3902.0
Cairo_y2020.tif,318,0.02830188679245283,0.1738679245283019,Cairo,0,6761,3902.0
Cairo_y2020.tif,439,0.0,0.12357630979498861,Cairo,1,6818,3902.0
Cairo_y2020.tif,379,0.0,0.08230870712401056,Cairo,0,6853,3902.0
Cairo_y2020.tif,915,0.00546448087431694,0.10193442622950821,Cairo,1,6892,3902.0
Cairo_y2020.tif,1159,0.0,0.047402933563416745,Cairo,0,6914,3902.0
Cairo_y2020.tif,673,0.0,0.047392273402674594,Cairo,1,6941,3902.0
Cairo_y2020.tif,1300,0.4976923076923077,0.21539615384615385,Cairo,1,6989,3902.0
Cairo_y2020.tif,986,0.0,0.04948275862068966,Cairo,0,7036,3902.0
Cairo_y2020.tif,1133,0.0,0.05867608120035304,Cairo,0,7076,3902.0
Cairo_y2020.tif,871,0.024110218140068886,0.12846153846153846,Cairo,0,7075,3902.0
Cairo_y2020.tif,1511,0.2243547319655857,0.17560886829913966,Cairo,0,7172,3902.0
Cairo_y2020.tif,1059,0.6685552407932012,0.2848961284230406,Cairo,1,6953,3902.0
Cairo_y2020.tif,394,0.6903553299492385,0.2659263959390863,Cairo,1,6944,3902.0
Cairo_y2020.tif,439,0.9977220956719818,0.3985763097949886,Cairo,1,6954,3902.0
Cairo_y2020.tif,596,1.0,0.41268456375838924,Cairo,1,7014,3902.0
Cairo_y2020.tif,447,0.8635346756152126,0.3351901565995526,Cairo,1,7072,3902.0
Cairo_y2020.tif,559,1.0,0.4157334525939177,Cairo,0,7044,3902.0
Cairo_y2020.tif,736,1.0,0.35237771739130436,Cairo,1,7073,3902.0
Cairo_y2020.tif,616,0.5097402597402597,0.25334415584415587,Cairo,1,7082,3902.0
Cairo_y2020.tif,1082,1.0,0.37342883548983363,Cairo,1,7151,3902.0
Cairo_y2020.tif,991,1.0,0.402891019172553,Cairo,1,7132,3902.0
Cairo_y2020.tif,1004,0.8745019920318725,0.3034860557768924,Cairo,1,6938,3902.0
Cairo_y2020.tif,315,1.0,0.37984126984126987,Cairo,1,6925,3902.0
Cairo_y2020.tif,469,1.0,0.41249466950959485,Cairo,1,6985,3902.0
Cairo_y2020.tif,513,1.0,0.41231968810916175,Cairo,1,7052,3902.0
Cairo_y2020.tif,573,1.0,0.3980628272251309,Cairo,1,7033,3902.0
Cairo_y2020.tif,762,1.0,0.380498687664042,Cairo,1,7079,3902.0
Cairo_y2020.tif,633,1.0,0.4027488151658768,Cairo,0,7203,3902.0
Cairo_y2020.tif,550,1.0,0.33352727272727273,Cairo,1,7178,3902.0
Cairo_y2020.tif,1034,1.0,0.38248065764023215,Cairo,1,7209,3902.0
Cairo_y2020.tif,576,1.0,0.37809027777777776,Cairo,1,7274,3902.0
Cairo_y2020.tif,732,0.04234972677595628,0.1419535519125683,Cairo,1,6775,3902.0
Cairo_y2020.tif,389,0.0,0.04830334190231363,Cairo,0,6785,3902.0
Cairo_y2020.tif,1169,0.036783575705731396,0.1651154833190761,Cairo,1,6834,3902.0
Cairo_y2020.tif,490,0.6142857142857143,0.24933673469387754,Cairo,1,6847,3902.0
Cairo_y2020.tif,725,0.02482758620689655,0.15246896551724137,Cairo,0,6862,3902.0
Cairo_y2020.tif,2396,0.3459933222036728,0.18282345575959935,Cairo,0,7002,3902.0
Cairo_y2020.tif,1383,0.0368763557483731,0.09035068691250904,Cairo,0,6987,3902.0
Cairo_y2020.tif,2119,0.0,0.04231713072203871,Cairo,0,7140,3902.0
Cairo_y2020.tif,1677,0.0,0.035244484197972575,Cairo,0,7270,3902.0
Cairo_y2020.tif,7220,0.0015235457063711912,0.03761357340720222,Cairo,0,7321,3902.0
Cairo_y2020.tif,1301,0.027671022290545733,0.13593005380476555,Cairo,0,5840,3902.0
Cairo_y2020.tif,2590,0.18494208494208494,0.1563861003861004,Cairo,0,5851,3902.0
Cairo_y2020.tif,393,0.0,0.05902035623409669,Cairo,0,5839,3902.0
Cairo_y2020.tif,831,0.0,0.08070998796630564,Cairo,0,5859,3902.0
Cairo_y2020.tif,757,0.0,0.0345442536327609,Cairo,0,5885,3902.0
Cairo_y2020.tif,1023,0.0,0.02718963831867058,Cairo,0,5915,3902.0
Cairo_y2020.tif,826,0.0,0.03651937046004843,Cairo,0,5908,3902.0
Cairo_y2020.tif,516,0.0,0.04794573643410853,Cairo,0,5899,3902.0
Cairo_y2020.tif,540,0.9055555555555556,0.34074074074074073,Cairo,0,5975,3902.0
Cairo_y2020.tif,299,1.0,0.39984949832775923,Cairo,1,5994,3902.0
Cairo_y2020.tif,669,0.929745889387145,0.3173542600896861,Cairo,0,5719,3902.0
Cairo_y2020.tif,1436,1.0,0.3857555710306406,Cairo,1,5776,3902.0
Cairo_y2020.tif,1691,0.994086339444116,0.3634033116499113,Cairo,1,5816,3902.0
Cairo_y2020.tif,1901,0.34245134139926353,0.18675960021041554,Cairo,0,5818,3902.0
Cairo_y2020.tif,428,0.8644859813084113,0.30371495327102804,Cairo,1,5804,3902.0
Cairo_y2020.tif,3395,0.05036818851251841,0.07444182621502209,Cairo,0,5932,3902.0
Cairo_y2020.tif,3386,0.25044300059066743,0.1295481393975192,Cairo,0,5973,3902.0
Cairo_y2020.tif,1679,0.20190589636688505,0.10915425848719475,Cairo,0,5949,3902.0
Cairo_y2020.tif,837,0.043010752688172046,0.09286140979689365,Cairo,0,6006,3902.0
Cairo_y2020.tif,1123,0.26357969723953695,0.12352626892252894,Cairo,0,6020,3902.0
Cairo_y2020.tif,1158,0.0,0.04560017271157168,Cairo,0,5947,3902.0
Cairo_y2020.tif,911,0.6509330406147091,0.2862239297475302,Cairo,0,5905,3902.0
Cairo_y2020.tif,2696,0.0,0.01653560830860534,Cairo,0,6091,3902.0
Cairo_y2020.tif,2342,0.0012809564474807857,0.045544406490179344,Cairo,0,6101,3902.0
Cairo_y2020.tif,532,0.0,0.027528195488721804,Cairo,0,5921,3902.0
Cairo_y2020.tif,502,0.0,0.02408366533864542,Cairo,0,5917,3902.0
Cairo_y2020.tif,522,0.9865900383141762,0.389808429118774,Cairo,0,5927,3902.0
Cairo_y2020.tif,665,0.0,0.029045112781954884,Cairo,0,5938,3902.0
Cairo_y2020.tif,806,0.0,0.045049627791563275,Cairo,0,5958,3902.0
Cairo_y2020.tif,1046,0.8833652007648184,0.35528202676864246,Cairo,0,5966,3902.0
Cairo_y2020.tif,633,0.0,0.03146919431279621,Cairo,0,5705,3902.0
Cairo_y2020.tif,691,0.0,0.02109985528219971,Cairo,0,5771,3902.0
Cairo_y2020.tif,306,0.0,0.03959150326797385,Cairo,1,5795,3902.0
Cairo_y2020.tif,417,0.0,0.03346522781774581,Cairo,0,5848,3902.0
Cairo_y2020.tif,526,0.0,0.028346007604562743,Cairo,0,5882,3902.0
Cairo_y2020.tif,529,0.0,0.04236294896030247,Cairo,0,5881,3902.0
Cairo_y2020.tif,5223,0.0,0.03611717403790925,Cairo,0,6112,3902.0
Cairo_y2020.tif,17508,0.0,0.014181802604523647,Cairo,0,6236,3902.0
Cairo_y2020.tif,13645,0.0,0.007139611579333089,Cairo,0,6248,3902.0
Cairo_y2020.tif,2195,0.0,0.023328018223234624,Cairo,0,6247,3902.0
Cairo_y2020.tif,426,0.0,0.0603169014084507,Cairo,0,5962,3902.0
Cairo_y2020.tif,395,0.0,0.03739240506329114,Cairo,0,5968,3902.0
Cairo_y2020.tif,405,0.04197530864197531,0.1428395061728395,Cairo,0,5981,3902.0
Cairo_y2020.tif,585,0.6427350427350428,0.24710256410256412,Cairo,0,6011,3902.0
Cairo_y2020.tif,500,0.0,0.05945,Cairo,0,6012,3902.0
Cairo_y2020.tif,1232,0.0,0.06501217532467532,Cairo,0,6041,3902.0
Cairo_y2020.tif,589,0.023769100169779286,0.1690492359932088,Cairo,0,6022,3902.0
Cairo_y2020.tif,595,0.0,0.15140336134453783,Cairo,1,5988,3902.0
Cairo_y2020.tif,549,0.28233151183970856,0.21462659380692167,Cairo,1,6030,3902.0
Cairo_y2020.tif,858,0.11072261072261072,0.17974941724941723,Cairo,1,6065,3902.0
Cairo_y2020.tif,4929,0.2071414079935078,0.11983465205924122,Cairo,1,6048,3902.0
Cairo_y2020.tif,6066,0.8405868776788659,0.2984091658424003,Cairo,1,6155,3902.0
Cairo_y2020.tif,806,0.6538461538461539,0.23594292803970227,Cairo,0,6109,3902.0
Cairo_y2020.tif,5406,0.08472068072512023,0.12487143914169442,Cairo,1,6224,3902.0
Cairo_y2020.tif,870,0.0022988505747126436,0.10170689655172414,Cairo,1,6190,3902.0
Cairo_y2020.tif,387,0.0,0.06799741602067184,Cairo,1,6207,3902.0
Cairo_y2020.tif,494,0.10931174089068826,0.17347165991902833,Cairo,0,6210,3902.0
Cairo_y2020.tif,672,0.005952380952380952,0.14502232142857144,Cairo,1,6212,3902.0
Cairo_y2020.tif,928,0.02586206896551724,0.1453448275862069,Cairo,1,6249,3902.0
Cairo_y2020.tif,844,0.058056872037914695,0.09556279620853081,Cairo,0,6237,3902.0
Cairo_y2020.tif,1300,0.0,0.13089615384615383,Cairo,1,6036,3902.0
Cairo_y2020.tif,1504,0.1761968085106383,0.1292087765957447,Cairo,0,6121,3902.0
Cairo_y2020.tif,2887,0.008313127814340146,0.06710426047800484,Cairo,0,6170,3902.0
Cairo_y2020.tif,835,0.0,0.07619760479041915,Cairo,0,6128,3902.0
Cairo_y2020.tif,526,0.0,0.1066254752851711,Cairo,1,6113,3902.0
Cairo_y2020.tif,1998,0.0,0.027064564564564568,Cairo,0,6199,3902.0
Cairo_y2020.tif,550,0.0,0.03783636363636363,Cairo,0,6141,3902.0
Cairo_y2020.tif,342,0.0,0.07475146198830408,Cairo,0,6139,3902.0
Cairo_y2020.tif,220,0.00909090909090909,0.14497727272727276,Cairo,0,6148,3902.0
Cairo_y2020.tif,440,0.0,0.08635227272727274,Cairo,0,6153,3902.0
Cairo_y2020.tif,4367,0.32402106709411493,0.13726471261735745,Cairo,0,6123,3902.0
Cairo_y2020.tif,3360,0.2869047619047619,0.1552485119047619,Cairo,0,6154,3902.0
Cairo_y2020.tif,796,0.7613065326633166,0.25641959798994973,Cairo,0,6178,3902.0
Cairo_y2020.tif,431,0.4361948955916473,0.2069025522041763,Cairo,0,6176,3902.0
Cairo_y2020.tif,666,0.993993993993994,0.327484984984985,Cairo,0,6192,3902.0
Cairo_y2020.tif,1093,1.0,0.41802836230558094,Cairo,1,6198,3902.0
Cairo_y2020.tif,1095,0.9068493150684932,0.32145205479452055,Cairo,0,6203,3902.0
Cairo_y2020.tif,1955,0.38618925831202044,0.22268542199488492,Cairo,0,6200,3902.0
Cairo_y2020.tif,703,0.7411095305832148,0.2612233285917496,Cairo,0,6243,3902.0
Cairo_y2020.tif,1252,1.0,0.43811102236421734,Cairo,1,6258,3902.0
Cairo_y2020.tif,2453,0.07501019160211986,0.09594170403587444,Cairo,0,6244,3902.0
Cairo_y2020.tif,617,0.0,0.05137763371150729,Cairo,1,6196,3902.0
Cairo_y2020.tif,394,0.0,0.0534517766497462,Cairo,0,6157,3902.0
Cairo_y2020.tif,615,0.0,0.040788617886178866,Cairo,0,6202,3902.0
Cairo_y2020.tif,417,0.0,0.030443645083932856,Cairo,0,6211,3902.0
Cairo_y2020.tif,418,0.0,0.019665071770334927,Cairo,0,6213,3902.0
Cairo_y2020.tif,1009,0.0,0.01408820614469772,Cairo,0,6277,3902.0
Cairo_y2020.tif,4124,0.04413191076624636,0.051708292919495635,Cairo,0,6279,3902.0
Cairo_y2020.tif,1477,0.19363574813811782,0.14886594448205823,Cairo,1,6232,3902.0
Cairo_y2020.tif,516,0.0,0.06781976744186047,Cairo,0,6239,3902.0
Cairo_y2020.tif,465,0.01935483870967742,0.14112903225806453,Cairo,0,6245,3902.0
Cairo_y2020.tif,683,0.26500732064421667,0.22160322108345537,Cairo,1,6240,3902.0
Cairo_y2020.tif,411,0.41362530413625304,0.26953771289537715,Cairo,1,6263,3902.0
Cairo_y2020.tif,422,0.0,0.08084123222748814,Cairo,1,6289,3902.0
Cairo_y2020.tif,509,0.0,0.08604125736738703,Cairo,1,6290,3902.0
Cairo_y2020.tif,439,0.0774487471526196,0.17613895216400913,Cairo,1,6285,3902.0
Cairo_y2020.tif,1115,0.0,0.08827802690582959,Cairo,0,6349,3902.0
Cairo_y2020.tif,376,0.0,0.07695478723404255,Cairo,1,6369,3902.0
Cairo_y2020.tif,3061,0.18229336818033323,0.16409996733093762,Cairo,1,6431,3902.0
Cairo_y2020.tif,570,0.043859649122807015,0.19907894736842105,Cairo,0,6392,3902.0
Cairo_y2020.tif,902,1.0,0.40242793791574283,Cairo,0,6268,3902.0
Cairo_y2020.tif,1386,0.4314574314574315,0.24863997113997113,Cairo,1,6313,3902.0
Cairo_y2020.tif,1268,0.7586750788643533,0.31007097791798105,Cairo,1,6326,3902.0
Cairo_y2020.tif,932,0.5032188841201717,0.2434442060085837,Cairo,0,6341,3902.0
Cairo_y2020.tif,1646,0.014580801944106925,0.12738456865127581,Cairo,1,6401,3902.0
Cairo_y2020.tif,1979,0.27235977766548763,0.17204396159676605,Cairo,0,6393,3902.0
Cairo_y2020.tif,729,0.11522633744855967,0.18661179698216734,Cairo,1,6408,3902.0
Cairo_y2020.tif,978,0.00408997955010225,0.13000511247443763,Cairo,0,6409,3902.0
Cairo_y2020.tif,698,0.05873925501432665,0.1706232091690544,Cairo,1,6465,3902.0
Cairo_y2020.tif,684,0.0,0.10640350877192982,Cairo,0,6461,3902.0
Cairo_y2020.tif,552,0.0,0.035335144927536234,Cairo,0,6238,3902.0
Cairo_y2020.tif,994,0.0,0.027248490945674046,Cairo,0,6269,3902.0
Cairo_y2020.tif,465,0.0,0.03948387096774194,Cairo,0,6260,3902.0
Cairo_y2020.tif,1450,0.0,0.030500000000000006,Cairo,0,6317,3902.0
Cairo_y2020.tif,1326,0.0,0.04333333333333334,Cairo,0,6356,3902.0
Cairo_y2020.tif,351,0.0,0.041367521367521365,Cairo,1,6358,3902.0
Cairo_y2020.tif,407,0.0,0.02099508599508599,Cairo,1,6388,3902.0
Cairo_y2020.tif,734,0.0,0.03156675749318801,Cairo,0,6410,3902.0
Cairo_y2020.tif,841,0.0,0.018567181926278244,Cairo,0,6379,3902.0
Cairo_y2020.tif,8934,0.08294157152451309,0.1102563241549138,Cairo,0,6514,3902.0
Cairo_y2020.tif,1100,0.24,0.23310454545454543,Cairo,1,6366,3902.0
Cairo_y2020.tif,714,0.0,0.06969887955182073,Cairo,1,6404,3902.0
Cairo_y2020.tif,3647,0.0,0.040988483685220733,Cairo,0,6534,3902.0
Cairo_y2020.tif,493,0.0,0.13573022312373223,Cairo,1,6430,3902.0
Cairo_y2020.tif,939,0.05750798722044728,0.17849307774227902,Cairo,1,6459,3902.0
Cairo_y2020.tif,1636,0.16075794621026895,0.16620721271393643,Cairo,0,6475,3902.0
Cairo_y2020.tif,1770,0.0,0.0461723163841808,Cairo,0,6481,3902.0
Cairo_y2020.tif,391,0.0,0.0709846547314578,Cairo,1,6476,3902.0
Cairo_y2020.tif,619,0.0,0.038578352180937,Cairo,1,6506,3902.0
Cairo_y2020.tif,1068,0.0,0.03322565543071161,Cairo,0,6554,3902.0
Cairo_y2020.tif,657,0.0,0.017754946727549466,Cairo,0,6450,3902.0
Cairo_y2020.tif,1060,0.0,0.013358490566037736,Cairo,0,6579,3902.0
Cairo_y2020.tif,885,0.0,0.024994350282485877,Cairo,0,6545,3902.0
Cairo_y2020.tif,15795,0.006077872744539411,0.011515669515669515,Cairo,0,6743,3902.0
Cairo_y2020.tif,2144,0.0,0.028803638059701497,Cairo,0,6520,3902.0
Cairo_y2020.tif,3093,0.0,0.0204671839637892,Cairo,0,6547,3902.0
Cairo_y2020.tif,995,0.0,0.033623115577889454,Cairo,0,6582,3902.0
Cairo_y2020.tif,521,0.0,0.03878119001919386,Cairo,0,6546,3902.0
Cairo_y2020.tif,1575,0.01650793650793651,0.09104761904761906,Cairo,0,6677,3902.0
Cairo_y2020.tif,1164,0.0,0.050704467353951885,Cairo,0,6676,3902.0
Cairo_y2020.tif,434,0.5599078341013825,0.21885944700460827,Cairo,0,6456,3902.0
Cairo_y2020.tif,510,0.7764705882352941,0.2598725490196078,Cairo,1,6497,3902.0
Cairo_y2020.tif,491,0.8289205702647657,0.24942973523421588,Cairo,1,6500,3902.0
Cairo_y2020.tif,2217,0.5241317095173658,0.22032250789354987,Cairo,1,6553,3902.0
Cairo_y2020.tif,478,0.45397489539748953,0.19940376569037657,Cairo,0,6526,3902.0
Cairo_y2020.tif,561,0.6399286987522281,0.2492156862745098,Cairo,1,6542,3902.0
Cairo_y2020.tif,365,0.06575342465753424,0.1252054794520548,Cairo,1,6581,3902.0
Cairo_y2020.tif,685,0.043795620437956206,0.0845036496350365,Cairo,1,6583,3902.0
Cairo_y2020.tif,399,0.22055137844611528,0.20180451127819551,Cairo,0,6608,3902.0
Cairo_y2020.tif,796,0.41708542713567837,0.2425,Cairo,1,6627,3902.0
Cairo_y2020.tif,805,0.0,0.12088198757763975,Cairo,1,6532,3902.0
Cairo_y2020.tif,711,0.0,0.10635724331926864,Cairo,1,6594,3902.0
Cairo_y2020.tif,1941,0.0,0.035257599175682636,Cairo,0,6666,3902.0
Cairo_y2020.tif,1742,0.0,0.032976463834672794,Cairo,0,6639,3902.0
Cairo_y2020.tif,831,0.0,0.11313477737665463,Cairo,1,6654,3902.0
Cairo_y2020.tif,469,0.0,0.028475479744136466,Cairo,0,6688,3902.0
Cairo_y2020.tif,1943,0.0,0.026049922799794137,Cairo,0,6734,3902.0
Cairo_y2020.tif,908,0.0,0.026883259911894275,Cairo,0,6690,3902.0
Cairo_y2020.tif,322,0.0,0.025062111801242237,Cairo,0,6749,3902.0
Cairo_y2020.tif,631,0.0,0.02073692551505547,Cairo,1,6772,3902.0
Cairo_y2020.tif,1049,0.37178265014299333,0.23437082936129647,Cairo,1,6656,3902.0
Cairo_y2020.tif,865,0.0,0.1303063583815029,Cairo,1,6621,3902.0
Cairo_y2020.tif,399,0.0,0.051140350877192986,Cairo,0,6616,3902.0
Cairo_y2020.tif,1172,0.002559726962457338,0.1202858361774744,Cairo,1,6669,3902.0
Cairo_y2020.tif,459,0.002178649237472767,0.07534858387799565,Cairo,0,6693,3902.0
Cairo_y2020.tif,420,0.8404761904761905,0.29158333333333336,Cairo,1,6695,3902.0
Cairo_y2020.tif,329,0.0,0.11588145896656535,Cairo,1,6718,3902.0
Cairo_y2020.tif,620,0.6193548387096774,0.24645967741935482,Cairo,1,6740,3902.0
Cairo_y2020.tif,595,0.047058823529411764,0.1633109243697479,Cairo,1,6742,3902.0
Cairo_y2020.tif,624,0.0,0.03869391025641026,Cairo,0,6738,3902.0
Cairo_y2020.tif,2698,0.0,0.020572646404744252,Cairo,0,6817,3902.0
Cairo_y2020.tif,1050,0.0,0.03410476190476191,Cairo,0,6794,3902.0
Cairo_y2020.tif,1031,0.0,0.020121241513094086,Cairo,0,6843,3902.0
Cairo_y2020.tif,1128,0.0,0.025270390070921984,Cairo,0,6898,3902.0
Cairo_y2020.tif,7481,0.0,0.0013059751370137686,Cairo,0,7253,3902.0
Cairo_y2020.tif,15076,0.0,0.021186654284956224,Cairo,0,7222,3902.0
Cairo_y2020.tif,1933,0.0,0.021802897051215728,Cairo,0,6990,3902.0
Cairo_y2020.tif,2791,0.0,0.028054460766750274,Cairo,0,7094,3902.0
Cairo_y2020.tif,1068,0.0,0.01577247191011236,Cairo,0,7254,3902.0
Cairo_y2020.tif,3333,0.0,0.024065406540654068,Cairo,0,7224,3902.0
Cairo_y2020.tif,640,0.0,0.0181171875,Cairo,0,6815,3902.0
Cairo_y2020.tif,639,0.0,0.01677621283255086,Cairo,0,6851,3902.0
Cairo_y2020.tif,443,0.0,0.03603837471783296,Cairo,0,6867,3902.0
Cairo_y2020.tif,3669,0.0,0.03678250204415373,Cairo,0,7041,3902.0
Cairo_y2020.tif,2486,0.0,0.048256234915526955,Cairo,0,7007,3902.0
Cairo_y2020.tif,4015,0.00024906600249066,0.06177584059775841,Cairo,0,7095,3902.0
Cairo_y2020.tif,761,0.0,0.05921813403416557,Cairo,0,7056,3902.0
Cairo_y2020.tif,518,0.0,0.02854247104247105,Cairo,0,7154,3902.0
Cairo_y2020.tif,510,0.0,0.034862745098039216,Cairo,0,7175,3902.0
Cairo_y2020.tif,495,0.0,0.030505050505050507,Cairo,0,7185,3902.0
Cairo_y2020.tif,657,0.0,0.030783866057838664,Cairo,0,7204,3902.0
Cairo_y2020.tif,1516,0.0,0.048397097625329816,Cairo,0,7219,3902.0
Cairo_y2020.tif,649,0.0,0.02923728813559322,Cairo,0,7308,3902.0
Cairo_y2020.tif,587,0.0,0.030102214650766613,Cairo,0,7315,3902.0
Cairo_y2020.tif,535,0.0,0.02319626168224299,Cairo,0,7318,3902.0
Cairo_y2020.tif,648,0.0,0.026751543209876546,Cairo,0,7319,3902.0
Cairo_y2020.tif,557,0.0,0.02570017953321364,Cairo,0,7365,3902.0
Cairo_y2020.tif,2075,0.0,0.020515662650602413,Cairo,0,7432,3902.0
Cairo_y2020.tif,1047,0.0,0.01940783190066858,Cairo,0,7350,3902.0
Cairo_y2020.tif,574,0.0,0.014721254355400696,Cairo,0,7456,3902.0
Cairo_y2020.tif,638,0.9482758620689655,0.3156112852664577,Cairo,0,7169,3902.0
Cairo_y2020.tif,1225,0.9853061224489796,0.3468775510204081,Cairo,1,7201,3902.0
Cairo_y2020.tif,428,0.8200934579439252,0.2926518691588785,Cairo,1,7205,3902.0
Cairo_y2020.tif,716,0.9189944134078212,0.36236033519553074,Cairo,1,7297,3902.0
Cairo_y2020.tif,5538,0.9516070783676418,0.3674711087035031,Cairo,1,7505,3902.0
Cairo_y2020.tif,1020,0.03725490196078431,0.09307843137254902,Cairo,0,7387,3902.0
Cairo_y2020.tif,1083,1.0,0.40669436749769167,Cairo,1,7364,3902.0
Cairo_y2020.tif,354,0.9717514124293786,0.37966101694915255,Cairo,1,7336,3902.0
Cairo_y2020.tif,548,1.0,0.38675182481751824,Cairo,1,7395,3902.0
Cairo_y2020.tif,509,1.0,0.4217387033398821,Cairo,0,7428,3902.0
Cairo_y2020.tif,1130,0.24601769911504426,0.16549999999999998,Cairo,1,7238,3902.0
Cairo_y2020.tif,1311,0.016781083142639208,0.14065980167810832,Cairo,0,7244,3902.0
Cairo_y2020.tif,1616,0.1021039603960396,0.15631497524752475,Cairo,0,7419,3902.0
Cairo_y2020.tif,1111,0.0,0.03478397839783978,Cairo,0,7442,3902.0
Cairo_y2020.tif,1968,0.3277439024390244,0.19257876016260164,Cairo,0,7467,3902.0
Cairo_y2020.tif,1067,0.8350515463917526,0.2981911902530459,Cairo,1,7520,3902.0
Cairo_y2020.tif,1115,0.0,0.025385650224215246,Cairo,0,7537,3902.0
Cairo_y2020.tif,735,0.055782312925170066,0.1283401360544218,Cairo,0,7576,3902.0
Cairo_y2020.tif,459,0.6361655773420479,0.3076143790849673,Cairo,1,7585,3902.0
Cairo_y2020.tif,1891,0.27551560021152827,0.17385774722369116,Cairo,0,7630,3902.0
Cairo_y2020.tif,533,1.0,0.3936679174484053,Cairo,1,7300,3902.0
Cairo_y2020.tif,789,0.7325728770595691,0.29202788339670466,Cairo,1,7332,3902.0
Cairo_y2020.tif,436,0.9839449541284404,0.3572018348623853,Cairo,1,7391,3902.0
Cairo_y2020.tif,1811,0.08227498619547212,0.07498067366096081,Cairo,0,7450,3902.0
Cairo_y2020.tif,871,0.1584385763490241,0.17672215843857636,Cairo,1,7551,3902.0
Cairo_y2020.tif,1128,0.22074468085106383,0.13876329787234043,Cairo,1,7618,3902.0
Cairo_y2020.tif,1335,0.9213483146067416,0.3322172284644195,Cairo,1,7663,3902.0
Cairo_y2020.tif,3061,0.9843188500490035,0.36368180333224437,Cairo,1,7865,3902.0
Cairo_y2020.tif,1109,0.7871956717763751,0.27428313796212805,Cairo,1,7770,3902.0
Cairo_y2020.tif,728,0.9986263736263736,0.32796703296703295,Cairo,0,7798,3902.0
Cairo_y2020.tif,591,1.0,0.3759983079526227,Cairo,0,7431,3902.0
Cairo_y2020.tif,456,0.5877192982456141,0.1898793859649123,Cairo,0,7464,3902.0
Cairo_y2020.tif,434,0.9930875576036866,0.3643548387096774,Cairo,0,7468,3902.0
Cairo_y2020.tif,525,0.5352380952380953,0.2622190476190477,Cairo,1,7511,3902.0
Cairo_y2020.tif,890,0.38764044943820225,0.18724719101123596,Cairo,0,7512,3902.0
Cairo_y2020.tif,1194,0.5083752093802345,0.24467336683417085,Cairo,1,7578,3902.0
Cairo_y2020.tif,785,0.6751592356687898,0.2921910828025478,Cairo,0,7638,3902.0
Cairo_y2020.tif,878,0.2460136674259681,0.21678246013667424,Cairo,0,7664,3902.0
Cairo_y2020.tif,1096,0.9963503649635036,0.40130930656934305,Cairo,1,7737,3902.0
Cairo_y2020.tif,1078,0.8107606679035251,0.2881447124304267,Cairo,0,7826,3902.0
Cairo_y2020.tif,779,0.0,0.10219512195121953,Cairo,0,7639,3902.0
Cairo_y2020.tif,1227,0.0,0.03463732681336593,Cairo,0,7647,3902.0
Cairo_y2020.tif,1423,0.6057624736472241,0.25213281799016163,Cairo,0,7757,3902.0
Cairo_y2020.tif,3901,0.0,0.03372596770058959,Cairo,0,7841,3902.0
Cairo_y2020.tif,1598,0.15769712140175218,0.10952440550688361,Cairo,0,7880,3902.0
Cairo_y2020.tif,518,0.0,0.07361969111969112,Cairo,0,7890,3902.0
Cairo_y2020.tif,2858,0.47830650804758573,0.23492652204338701,Cairo,1,8039,3902.0
Cairo_y2020.tif,681,0.6417033773861968,0.25221732745961817,Cairo,1,8072,3902.0
Cairo_y2020.tif,1427,0.046951646811492644,0.11218290119131044,Cairo,0,8097,3902.0
Cairo_y2020.tif,968,0.9276859504132231,0.3392768595041322,Cairo,0,8170,3902.0
Cairo_y2020.tif,874,0.0,0.024216247139588105,Cairo,0,7724,3902.0
Cairo_y2020.tif,305,0.0,0.04711475409836066,Cairo,1,7772,3902.0
Cairo_y2020.tif,535,0.0,0.02339252336448598,Cairo,0,7794,3902.0
Cairo_y2020.tif,417,0.0,0.028764988009592332,Cairo,0,7790,3902.0
Cairo_y2020.tif,379,0.0,0.022691292875989446,Cairo,0,7780,3902.0
Cairo_y2020.tif,556,0.0,0.018830935251798558,Cairo,0,7786,3902.0
Cairo_y2020.tif,834,0.0,0.01783573141486811,Cairo,0,7854,3902.0
Cairo_y2020.tif,483,0.0,0.01770186335403727,Cairo,0,7855,3902.0
Cairo_y2020.tif,2327,0.0,0.020737000429737862,Cairo,0,7973,3902.0
Cairo_y2020.tif,7926,0.0008831693161746152,0.04949911683068383,Cairo,0,8045,3902.0
Cairo_y2020.tif,912,1.0,0.4010690789473684,Cairo,0,7877,3902.0
Cairo_y2020.tif,650,1.0,0.3255461538461538,Cairo,0,7817,3902.0
Cairo_y2020.tif,1067,1.0,0.34431583880037486,Cairo,0,7938,3902.0
Cairo_y2020.tif,1706,0.9994138335287222,0.3552256740914419,Cairo,0,8043,3902.0
Cairo_y2020.tif,810,0.9493827160493827,0.2955123456790123,Cairo,1,8010,3902.0
Cairo_y2020.tif,465,1.0,0.3241075268817204,Cairo,0,8018,3902.0
Cairo_y2020.tif,556,0.9226618705035972,0.32470323741007195,Cairo,1,8066,3902.0
Cairo_y2020.tif,2239,0.17775792764627066,0.10923849933005807,Cairo,0,8188,3902.0
Cairo_y2020.tif,983,0.9989827060020345,0.34982197355035605,Cairo,0,8145,3902.0
Cairo_y2020.tif,1449,0.7701863354037267,0.3114665286404417,Cairo,1,8152,3902.0
Cairo_y2020.tif,1538,0.7379713914174252,0.30127438231469444,Cairo,0,7910,3902.0
Cairo_y2020.tif,2050,0.9551219512195122,0.3622658536585366,Cairo,0,7943,3902.0
Cairo_y2020.tif,1759,0.48891415577032404,0.23374644684479817,Cairo,0,7944,3902.0
Cairo_y2020.tif,669,0.4514200298953662,0.2220104633781764,Cairo,0,7955,3902.0
Cairo_y2020.tif,1109,0.7763751127141569,0.30675834084761044,Cairo,0,8019,3902.0
Cairo_y2020.tif,914,0.006564551422319475,0.13582603938730856,Cairo,0,8055,3902.0
Cairo_y2020.tif,656,0.961890243902439,0.3411585365853659,Cairo,1,8074,3902.0
Cairo_y2020.tif,1188,0.6506734006734006,0.28934343434343435,Cairo,0,8098,3902.0
Cairo_y2020.tif,384,0.9895833333333334,0.37864583333333335,Cairo,1,8167,3902.0
Cairo_y2020.tif,2440,0.9987704918032787,0.40197540983606556,Cairo,1,8209,3902.0
Cairo_y2020.tif,1260,0.49047619047619045,0.18663492063492063,Cairo,0,8278,3902.0
Cairo_y2020.tif,1516,0.7717678100263852,0.2688786279683377,Cairo,1,8272,3902.0
Cairo_y2020.tif,337,0.4688427299703264,0.1750445103857567,Cairo,0,8261,3902.0
Cairo_y2020.tif,518,1.0,0.3821428571428572,Cairo,1,8255,3902.0
Cairo_y2020.tif,514,1.0,0.3830252918287938,Cairo,1,8288,3902.0
Cairo_y2020.tif,197,1.0,0.39959390862944166,Cairo,1,8319,3902.0
Cairo_y2020.tif,429,0.5058275058275058,0.2044755244755245,Cairo,0,8358,3902.0
Cairo_y2020.tif,783,0.9489144316730523,0.35190293742017875,Cairo,1,8381,3902.0
Cairo_y2020.tif,402,1.0,0.4066417910447761,Cairo,1,8350,3902.0
Cairo_y2020.tif,289,0.12802768166089964,0.20242214532871972,Cairo,1,8380,3902.0
Cairo_y2020.tif,903,0.9490586932447398,0.3764396456256921,Cairo,1,8180,3902.0
Cairo_y2020.tif,567,1.0,0.3955379188712522,Cairo,1,8237,3902.0
Cairo_y2020.tif,1240,0.9854838709677419,0.35711290322580647,Cairo,1,8263,3902.0
Cairo_y2020.tif,318,0.9716981132075472,0.34707547169811315,Cairo,1,8295,3902.0
Cairo_y2020.tif,1352,0.7884615384615384,0.2881545857988166,Cairo,1,8375,3902.0
Cairo_y2020.tif,412,0.6747572815533981,0.23040048543689323,Cairo,0,8333,3902.0
Cairo_y2020.tif,438,0.10273972602739725,0.11307077625570774,Cairo,0,8362,3902.0
Cairo_y2020.tif,559,0.026833631484794274,0.15422182468694098,Cairo,1,8397,3902.0
Cairo_y2020.tif,434,0.0,0.05852534562211981,Cairo,0,8395,3902.0
Cairo_y2020.tif,530,0.45849056603773586,0.20945283018867925,Cairo,1,8425,3902.0
Cairo_y2020.tif,220,1.0,0.372659090909091,Cairo,1,7070,3902.0
Cairo_y2020.tif,308,0.948051948051948,0.35689935064935063,Cairo,1,7105,3902.0
Cairo_y2020.tif,173,1.0,0.4189884393063583,Cairo,1,7133,3902.0
Cairo_y2020.tif,309,0.9546925566343042,0.38176375404530744,Cairo,1,7120,3902.0
Cairo_y2020.tif,519,0.02697495183044316,0.15040462427745666,Cairo,1,7136,3902.0
Cairo_y2020.tif,499,1.0,0.41269539078156314,Cairo,1,7157,3902.0
Cairo_y2020.tif,563,0.9094138543516874,0.3408880994671403,Cairo,1,7187,3902.0
Cairo_y2020.tif,713,0.0,0.128218793828892,Cairo,0,7262,3902.0
Cairo_y2020.tif,725,1.0,0.41642068965517237,Cairo,1,7233,3902.0
Cairo_y2020.tif,223,0.7982062780269058,0.31,Cairo,1,7246,3902.0
Cairo_y2020.tif,383,0.1671018276762402,0.15490861618798954,Cairo,0,7268,3902.0
Cairo_y2020.tif,479,1.0,0.42248434237995824,Cairo,1,7275,3902.0
Cairo_y2020.tif,857,0.6931155192532089,0.28218786464410733,Cairo,1,7325,3902.0
Cairo_y2020.tif,377,0.20689655172413793,0.18931034482758619,Cairo,1,7304,3902.0
Cairo_y2020.tif,240,0.21666666666666667,0.19052083333333333,Cairo,1,7329,3902.0
Cairo_y2020.tif,907,0.6240352811466373,0.28248621830209486,Cairo,1,7333,3902.0
Cairo_y2020.tif,514,0.9863813229571985,0.3404961089494164,Cairo,1,7371,3902.0
Cairo_y2020.tif,427,1.0,0.4066276346604215,Cairo,1,7426,3902.0
Cairo_y2020.tif,1012,0.5612648221343873,0.2528458498023715,Cairo,1,7439,3902.0
Cairo_y2020.tif,313,1.0,0.3467731629392971,Cairo,1,7429,3902.0
Cairo_y2020.tif,685,1.0,0.3884014598540147,Cairo,1,7446,3902.0
Cairo_y2020.tif,422,0.9691943127962085,0.32120853080568723,Cairo,1,7559,3902.0
Cairo_y2020.tif,524,0.9064885496183206,0.3645801526717557,Cairo,1,7546,3902.0
Cairo_y2020.tif,835,1.0,0.39869461077844315,Cairo,1,7555,3902.0
Cairo_y2020.tif,528,0.16856060606060605,0.13712121212121214,Cairo,0,7615,3902.0
Cairo_y2020.tif,2258,0.6815766164747564,0.26230513728963684,Cairo,1,7696,3902.0
Cairo_y2020.tif,345,1.0,0.3333333333333333,Cairo,1,7641,3902.0
Cairo_y2020.tif,447,0.9664429530201343,0.29637583892617453,Cairo,1,7633,3902.0
Cairo_y2020.tif,331,0.9939577039274925,0.35806646525679764,Cairo,1,7658,3902.0
Cairo_y2020.tif,539,0.7532467532467533,0.2650278293135436,Cairo,1,7745,3902.0
Cairo_y2020.tif,706,0.9759206798866855,0.3938810198300283,Cairo,1,7239,3902.0
Cairo_y2020.tif,620,0.9145161290322581,0.3546290322580645,Cairo,1,7261,3902.0
Cairo_y2020.tif,566,1.0,0.3996201413427562,Cairo,1,7264,3902.0
Cairo_y2020.tif,1624,1.0,0.37312192118226606,Cairo,1,7367,3902.0
Cairo_y2020.tif,1593,1.0,0.37684557438794725,Cairo,1,7436,3902.0
Cairo_y2020.tif,1074,0.9655493482309124,0.3269134078212291,Cairo,1,7588,3902.0
Cairo_y2020.tif,1116,0.5913978494623656,0.2452374551971326,Cairo,1,7593,3902.0
Cairo_y2020.tif,763,0.30930537352555704,0.1542267365661861,Cairo,1,7672,3902.0
Cairo_y2020.tif,11119,0.003327637377462002,0.051730371436280245,Cairo,0,7962,3902.0
Cairo_y2020.tif,4158,0.0,0.056339586339586335,Cairo,0,7998,3902.0
Cairo_y2020.tif,521,0.0,0.09662188099808061,Cairo,0,7320,3902.0
Cairo_y2020.tif,4411,0.0,0.03901836318295172,Cairo,0,7587,3902.0
Cairo_y2020.tif,337,0.9703264094955489,0.35083086053412466,Cairo,1,7479,3902.0
Cairo_y2020.tif,1002,0.590818363273453,0.2627594810379242,Cairo,1,7494,3902.0
Cairo_y2020.tif,1065,0.9070422535211268,0.356962441314554,Cairo,1,7612,3902.0
Cairo_y2020.tif,887,1.0,0.4356031567080045,Cairo,1,7591,3902.0
Cairo_y2020.tif,1004,0.7539840637450199,0.2784213147410358,Cairo,0,7622,3902.0
Cairo_y2020.tif,3227,0.8208862720793306,0.3553687635574837,Cairo,1,7836,3902.0
Cairo_y2020.tif,1068,1.0,0.40594569288389515,Cairo,1,7828,3902.0
Cairo_y2020.tif,2312,0.9891868512110726,0.3786159169550173,Cairo,1,8009,3902.0
Cairo_y2020.tif,855,1.0,0.3431695906432749,Cairo,1,7767,3902.0
Cairo_y2020.tif,623,0.22953451043338685,0.17002407704654898,Cairo,1,7789,3902.0
Cairo_y2020.tif,2052,0.6496101364522417,0.22809454191033138,Cairo,1,7851,3902.0
Cairo_y2020.tif,1884,0.2898089171974522,0.16484872611464968,Cairo,1,7948,3902.0
Cairo_y2020.tif,640,0.7859375,0.2374140625,Cairo,1,7923,3902.0
Cairo_y2020.tif,437,0.6407322654462243,0.24929061784897025,Cairo,0,8051,3902.0
Cairo_y2020.tif,2657,0.24275498682724878,0.1550282273240497,Cairo,1,8161,3902.0
Cairo_y2020.tif,810,0.5580246913580247,0.2249506172839506,Cairo,1,8202,3902.0
Cairo_y2020.tif,1421,0.13159746657283602,0.07831104855735398,Cairo,0,8517,3902.0
Cairo_y2020.tif,5380,0.050929368029739776,0.056914498141263946,Cairo,0,8505,3902.0
Cairo_y2020.tif,1009,0.9326065411298315,0.3356491575817641,Cairo,0,8053,3902.0
Cairo_y2020.tif,1167,0.037703513281919454,0.0785261353898886,Cairo,0,8092,3902.0
Cairo_y2020.tif,860,0.9825581395348837,0.34120930232558144,Cairo,1,8338,3902.0
Cairo_y2020.tif,743,0.847913862718708,0.3031830417227456,Cairo,1,8343,3902.0
Cairo_y2020.tif,4449,0.9357158912115082,0.3461384580804675,Cairo,1,8501,3902.0
Cairo_y2020.tif,648,0.9799382716049383,0.3278703703703703,Cairo,1,8462,3902.0
Cairo_y2020.tif,255,0.996078431372549,0.3133921568627451,Cairo,1,8478,3902.0
Cairo_y2020.tif,476,0.49789915966386555,0.22280462184873948,Cairo,1,8506,3902.0
Cairo_y2020.tif,387,0.7157622739018088,0.25032299741602065,Cairo,1,8538,3902.0
Cairo_y2020.tif,238,0.5840336134453782,0.22153361344537817,Cairo,0,8532,3902.0
Cairo_y2020.tif,34932,0.253778770182068,0.13607694950188937,Cairo,1,8609,3902.0
Cairo_y2020.tif,751,0.002663115845539281,0.07968708388814914,Cairo,1,8495,3902.0
Cairo_y2020.tif,439,0.0,0.07661731207289295,Cairo,0,8498,3902.0
Cairo_y2020.tif,333,0.0,0.08288288288288287,Cairo,0,8530,3902.0
Cairo_y2020.tif,958,0.0,0.03117432150313153,Cairo,0,8571,3902.0
Cairo_y2020.tif,1560,0.0,0.03226923076923077,Cairo,0,8581,3902.0
Cairo_y2020.tif,547,0.0,0.055420475319926873,Cairo,0,8556,3902.0
Cairo_y2020.tif,1037,0.0,0.07367888138862103,Cairo,0,8586,3902.0
Cairo_y2020.tif,393,0.0,0.04596692111959288,Cairo,0,8582,3902.0
Cairo_y2020.tif,689,0.0,0.03597242380261249,Cairo,0,8628,3902.0
Cairo_y2020.tif,658,0.22036474164133737,0.16311550151975684,Cairo,1,8568,3902.0
Cairo_y2020.tif,1277,0.3038371182458888,0.18575176194205167,Cairo,1,8631,3902.0
Cairo_y2020.tif,411,0.0,0.1189294403892944,Cairo,0,8600,3902.0
Cairo_y2020.tif,873,0.0,0.04020618556701031,Cairo,0,8651,3902.0
Cairo_y2020.tif,899,0.03337041156840934,0.10908231368186874,Cairo,0,8654,3902.0
Cairo_y2020.tif,397,0.0,0.08977329974811084,Cairo,1,8700,3902.0
Cairo_y2020.tif,644,0.0,0.05832298136645963,Cairo,0,8699,3902.0
Cairo_y2020.tif,966,0.4254658385093168,0.19822463768115944,Cairo,1,8701,3902.0
Cairo_y2020.tif,377,0.0,0.03663129973474801,Cairo,0,8734,3902.0
Cairo_y2020.tif,402,0.0,0.0368905472636816,Cairo,0,8767,3902.0
Cairo_y2020.tif,985,0.0,0.05703045685279189,Cairo,0,8622,3902.0
Cairo_y2020.tif,283,0.0,0.02913427561837456,Cairo,0,8623,3902.0
Cairo_y2020.tif,786,0.0,0.068587786259542,Cairo,0,8632,3902.0
Cairo_y2020.tif,431,0.0,0.03475638051044084,Cairo,0,8625,3902.0
Cairo_y2020.tif,806,0.0,0.0474379652605459,Cairo,0,8681,3902.0
Cairo_y2020.tif,954,0.0,0.04985849056603775,Cairo,0,8678,3902.0
Cairo_y2020.tif,789,0.0,0.07788973384030418,Cairo,0,8697,3902.0
Cairo_y2020.tif,427,0.0,0.05502341920374707,Cairo,0,8725,3902.0
Cairo_y2020.tif,641,0.0,0.08585023400936037,Cairo,0,8729,3902.0
Cairo_y2020.tif,1022,0.0,0.06387964774951077,Cairo,0,8754,3902.0
Cairo_y2020.tif,864,1.0,0.37497106481481485,Cairo,1,8279,3902.0
Cairo_y2020.tif,1855,0.8199460916442048,0.31323989218328846,Cairo,1,8325,3902.0
Cairo_y2020.tif,2637,0.18771331058020477,0.1918524838832006,Cairo,0,8415,3902.0
Cairo_y2020.tif,1654,1.0,0.3630925030229746,Cairo,1,8384,3902.0
Cairo_y2020.tif,1066,0.8470919324577861,0.2908161350844278,Cairo,0,8383,3902.0
Cairo_y2020.tif,362,1.0,0.3479281767955801,Cairo,1,8386,3902.0
Cairo_y2020.tif,1119,0.871313672922252,0.295,Cairo,0,8452,3902.0
Cairo_y2020.tif,1208,0.39983443708609273,0.21983443708609268,Cairo,1,8480,3902.0
Cairo_y2020.tif,1786,0.1948488241881299,0.15825307950727882,Cairo,0,8520,3902.0
Cairo_y2020.tif,413,0.0,0.11,Cairo,0,8526,3902.0
Cairo_y2020.tif,557,0.6570915619389587,0.28248653500897664,Cairo,0,8411,3902.0
Cairo_y2020.tif,719,0.972183588317107,0.33361613351877606,Cairo,1,8402,3902.0
Cairo_y2020.tif,261,0.9425287356321839,0.3452873563218391,Cairo,1,8391,3902.0
Cairo_y2020.tif,401,0.0024937655860349127,0.1614713216957606,Cairo,1,8440,3902.0
Cairo_y2020.tif,660,0.3378787878787879,0.2328939393939394,Cairo,1,8492,3902.0
Cairo_y2020.tif,608,0.5986842105263158,0.26830592105263157,Cairo,1,8464,3902.0
Cairo_y2020.tif,907,0.014332965821389196,0.09449834619625139,Cairo,0,8500,3902.0
Cairo_y2020.tif,859,0.0,0.056909196740395816,Cairo,0,8521,3902.0
Cairo_y2020.tif,493,0.0,0.025720081135902635,Cairo,0,8555,3902.0
Cairo_y2020.tif,514,0.0,0.03607003891050584,Cairo,0,8560,3902.0
Cairo_y2020.tif,220,1.0,0.3692272727272727,Cairo,1,8423,3902.0
Cairo_y2020.tif,181,0.0,0.04535911602209945,Cairo,0,8416,3902.0
Cairo_y2020.tif,386,0.0,0.031800518134715024,Cairo,0,8472,3902.0
Cairo_y2020.tif,242,0.17355371900826447,0.12613636363636363,Cairo,0,8458,3902.0
Cairo_y2020.tif,692,0.0,0.06697254335260115,Cairo,0,8470,3902.0
Cairo_y2020.tif,186,0.3655913978494624,0.20873655913978495,Cairo,1,8469,3902.0
Cairo_y2020.tif,207,0.43478260869565216,0.22342995169082125,Cairo,1,8485,3902.0
Cairo_y2020.tif,224,0.3392857142857143,0.19171875,Cairo,0,8488,3902.0
Cairo_y2020.tif,313,0.0,0.05733226837060703,Cairo,0,8564,3902.0
Cairo_y2020.tif,355,0.0,0.10192957746478874,Cairo,1,8493,3902.0
Cairo_y2020.tif,398,0.0,0.07369346733668342,Cairo,0,8511,3902.0
Cairo_y2020.tif,365,0.0,0.0323972602739726,Cairo,1,8525,3902.0
Cairo_y2020.tif,777,0.047619047619047616,0.1212097812097812,Cairo,0,8567,3902.0
Cairo_y2020.tif,441,0.0,0.0824829931972789,Cairo,0,8563,3902.0
Cairo_y2020.tif,195,0.0,0.03292307692307693,Cairo,0,8554,3902.0
Cairo_y2020.tif,311,0.0,0.0302411575562701,Cairo,0,8590,3902.0
Cairo_y2020.tif,851,0.0,0.09002937720329025,Cairo,0,8596,3902.0
Cairo_y2020.tif,237,0.0,0.04727848101265823,Cairo,0,8594,3902.0
Cairo_y2020.tif,209,0.0,0.06686602870813398,Cairo,0,8598,3902.0
Cairo_y2020.tif,315,0.0,0.0703968253968254,Cairo,0,8629,3902.0
Cairo_y2020.tif,1658,0.18576598311218334,0.12281664656212306,Cairo,1,8603,3902.0
Cairo_y2020.tif,878,0.0,0.03689066059225513,Cairo,0,8557,3902.0
Cairo_y2020.tif,824,0.0,0.022566747572815533,Cairo,0,8605,3902.0
Cairo_y2020.tif,582,0.0,0.041477663230240554,Cairo,0,8657,3902.0
Cairo_y2020.tif,622,0.0,0.0854742765273312,Cairo,1,8660,3902.0
Cairo_y2020.tif,233,0.0,0.047789699570815455,Cairo,0,8659,3902.0
Cairo_y2020.tif,1433,0.0,0.048715980460572225,Cairo,0,8696,3902.0
Cairo_y2020.tif,569,0.0,0.05092267135325132,Cairo,1,8707,3902.0
Cairo_y2020.tif,514,0.0,0.035826848249027245,Cairo,0,8711,3902.0
Cairo_y2020.tif,539,0.0,0.07073283858998144,Cairo,1,8720,3902.0
Cairo_y2020.tif,13095,0.0,0.02968652157311951,Cairo,0,8917,3902.0
Cairo_y2020.tif,1120,0.0,0.024098214285714285,Cairo,0,8772,3902.0
Cairo_y2020.tif,386,0.0,0.04879533678756477,Cairo,0,8829,3902.0
Cairo_y2020.tif,225,0.0,0.08077777777777778,Cairo,0,8832,3902.0
Cairo_y2020.tif,215,0.0,0.15627906976744188,Cairo,1,8874,3902.0
Cairo_y2020.tif,264,0.0,0.08950757575757577,Cairo,0,8871,3902.0
Cairo_y2020.tif,260,0.0,0.11657692307692309,Cairo,1,8880,3902.0
Cairo_y2020.tif,1959,0.0,0.05887442572741195,Cairo,0,8975,3902.0
Cairo_y2020.tif,222,0.18018018018018017,0.17234234234234233,Cairo,0,8892,3902.0
Cairo_y2020.tif,190,0.0,0.11073684210526315,Cairo,0,8919,3902.0
Cairo_y2020.tif,643,0.026438569206842923,0.162651632970451,Cairo,0,8653,3902.0
Cairo_y2020.tif,194,0.0,0.0422938144329897,Cairo,0,8637,3902.0
Cairo_y2020.tif,466,0.0,0.0867489270386266,Cairo,0,8648,3902.0
Cairo_y2020.tif,951,0.0,0.05698738170347004,Cairo,1,8680,3902.0
Cairo_y2020.tif,490,0.0,0.09890816326530613,Cairo,0,8706,3902.0
Cairo_y2020.tif,334,0.0,0.08836826347305389,Cairo,1,8692,3902.0
Cairo_y2020.tif,369,0.0,0.05827913279132791,Cairo,0,8703,3902.0
Cairo_y2020.tif,341,0.0,0.03624633431085044,Cairo,0,8733,3902.0
Cairo_y2020.tif,566,0.0,0.08649293286219083,Cairo,0,8769,3902.0
Cairo_y2020.tif,354,0.0,0.02175141242937853,Cairo,0,8759,3902.0
Cairo_y2020.tif,407,0.0,0.07815724815724816,Cairo,0,8534,3902.0
Cairo_y2020.tif,1204,0.0,0.05732558139534883,Cairo,0,8584,3902.0
Cairo_y2020.tif,4186,0.02197802197802198,0.07312828475871955,Cairo,0,8665,3902.0
Cairo_y2020.tif,1824,0.0027412280701754384,0.07436677631578947,Cairo,0,8644,3902.0
Cairo_y2020.tif,1134,0.0,0.04268077601410935,Cairo,0,8738,3902.0
Cairo_y2020.tif,1665,0.037237237237237236,0.09077477477477476,Cairo,0,8736,3902.0
Cairo_y2020.tif,201,0.0,0.1264676616915423,Cairo,0,8817,3902.0
Cairo_y2020.tif,372,0.04838709677419355,0.18440860215053761,Cairo,1,8860,3902.0
Cairo_y2020.tif,287,0.2508710801393728,0.1785191637630662,Cairo,1,8887,3902.0
Cairo_y2020.tif,227,0.7180616740088106,0.2503964757709251,Cairo,1,8925,3902.0
Cairo_y2020.tif,872,0.0,0.04871559633027523,Cairo,0,8755,3902.0
Cairo_y2020.tif,320,0.0,0.03634375,Cairo,0,8751,3902.0
Cairo_y2020.tif,350,0.0,0.019399999999999997,Cairo,0,8778,3902.0
Cairo_y2020.tif,387,0.0,0.08945736434108527,Cairo,0,8842,3902.0
Cairo_y2020.tif,311,0.0,0.03247588424437299,Cairo,0,8799,3902.0
Cairo_y2020.tif,298,0.0,0.03350671140939598,Cairo,0,8813,3902.0
Cairo_y2020.tif,316,0.0,0.034018987341772146,Cairo,0,8822,3902.0
Cairo_y2020.tif,309,0.0,0.04789644012944984,Cairo,1,8841,3902.0
Cairo_y2020.tif,1290,0.0,0.08574031007751937,Cairo,0,8872,3902.0
Cairo_y2020.tif,291,0.0,0.052044673539518894,Cairo,0,8940,3902.0
Cairo_y2020.tif,418,0.0,0.07113636363636365,Cairo,0,8721,3902.0
Cairo_y2020.tif,585,0.0,0.10072649572649572,Cairo,0,8750,3902.0
Cairo_y2020.tif,901,0.0,0.05367924528301888,Cairo,0,8781,3902.0
Cairo_y2020.tif,316,0.0,0.08574367088607594,Cairo,0,8760,3902.0
Cairo_y2020.tif,418,0.0,0.10501196172248803,Cairo,1,8783,3902.0
Cairo_y2020.tif,392,0.0,0.11345663265306123,Cairo,0,8806,3902.0
Cairo_y2020.tif,763,0.0,0.05461992136304063,Cairo,0,8857,3902.0
Cairo_y2020.tif,4994,0.0,0.024356227472967562,Cairo,0,8960,3902.0
Cairo_y2020.tif,500,0.002,0.05242,Cairo,0,9004,3902.0
Cairo_y2020.tif,689,0.28737300435413643,0.18006531204644413,Cairo,0,9003,3902.0
Cairo_y2020.tif,429,0.9953379953379954,0.360011655011655,Cairo,0,7064,3902.0
Cairo_y2020.tif,899,1.0,0.39300889877641826,Cairo,1,7055,3902.0
Cairo_y2020.tif,1956,0.9851738241308794,0.38706032719836403,Cairo,0,7181,3902.0
Cairo_y2020.tif,350,1.0,0.42217142857142853,Cairo,1,7134,3902.0
Cairo_y2020.tif,2632,1.0,0.4190292553191489,Cairo,1,7192,3902.0
Cairo_y2020.tif,440,1.0,0.4235340909090909,Cairo,1,7164,3902.0
Cairo_y2020.tif,782,1.0,0.4095716112531969,Cairo,1,7237,3902.0
Cairo_y2020.tif,480,1.0,0.42421875,Cairo,1,7202,3902.0
Cairo_y2020.tif,897,1.0,0.4309253065774805,Cairo,1,7276,3902.0
Cairo_y2020.tif,696,0.9770114942528736,0.40542385057471264,Cairo,0,7310,3902.0
Cairo_y2020.tif,546,0.9945054945054945,0.3861813186813187,Cairo,1,7223,3902.0
Cairo_y2020.tif,5738,0.3726036946671314,0.19306117113976992,Cairo,0,7465,3902.0
Cairo_y2020.tif,645,1.0,0.3792635658914728,Cairo,1,7306,3902.0
Cairo_y2020.tif,136,1.0,0.42683823529411763,Cairo,1,7296,3902.0
Cairo_y2020.tif,356,0.8932584269662921,0.30279494382022476,Cairo,1,7328,3902.0
Cairo_y2020.tif,650,1.0,0.4335923076923077,Cairo,1,7378,3902.0
Cairo_y2020.tif,728,1.0,0.4220467032967033,Cairo,1,7477,3902.0
Cairo_y2020.tif,185,0.9567567567567568,0.3569189189189189,Cairo,1,7487,3902.0
Cairo_y2020.tif,311,1.0,0.4081028938906753,Cairo,1,7480,3902.0
Cairo_y2020.tif,869,0.8998849252013809,0.37802071346375143,Cairo,1,7556,3902.0
Cairo_y2020.tif,408,0.9975490196078431,0.3769730392156863,Cairo,1,7502,3902.0
Cairo_y2020.tif,2877,0.1786583246437261,0.11962113312478277,Cairo,0,7706,3902.0
Cairo_y2020.tif,870,0.9379310344827586,0.3602298850574712,Cairo,1,7521,3902.0
Cairo_y2020.tif,454,1.0,0.3407599118942732,Cairo,1,7574,3902.0
Cairo_y2020.tif,1092,0.7106227106227107,0.27641941391941394,Cairo,1,7681,3902.0
Cairo_y2020.tif,3488,0.801605504587156,0.3277623279816514,Cairo,1,7952,3902.0
Cairo_y2020.tif,5202,0.9319492502883506,0.3503373702422145,Cairo,1,8095,3902.0
Cairo_y2020.tif,15405,0.8129827977929244,0.31670236936059715,Cairo,1,8235,3902.0
Cairo_y2020.tif,38908,0.057263287755731467,0.05568623419348206,Cairo,0,8770,3902.0
Cairo_y2020.tif,751,0.03462050599201065,0.08565246338215712,Cairo,0,8617,3902.0
Cairo_y2020.tif,361,1.0,0.43186980609418285,Cairo,1,7290,3902.0
Cairo_y2020.tif,499,0.9939879759519038,0.3994689378757515,Cairo,1,7327,3902.0
Cairo_y2020.tif,282,0.9645390070921985,0.38012411347517727,Cairo,1,7335,3902.0
Cairo_y2020.tif,4383,0.47638603696098564,0.24692334017796028,Cairo,0,7473,3902.0
Cairo_y2020.tif,14884,0.16010481053480247,0.1329098360655738,Cairo,0,7894,3902.0
Cairo_y2020.tif,4413,0.12916383412644458,0.1682200317244505,Cairo,0,7761,3902.0
Cairo_y2020.tif,2896,0.12120165745856354,0.14324585635359116,Cairo,0,8359,3902.0
Cairo_y2020.tif,19602,0.20411182532394653,0.10750357106417714,Cairo,0,9052,3902.0
Cairo_y2020.tif,23769,0.0010097185409567084,0.04190563338802643,Cairo,0,9828,3902.0
Cairo_y2020.tif,11774,0.0,0.025823849159164265,Cairo,0,9818,3902.0
Cairo_y2020.tif,1344,0.0,0.03447916666666667,Cairo,0,8621,3902.0
Cairo_y2020.tif,687,0.0,0.026040756914119362,Cairo,0,8683,3902.0
Cairo_y2020.tif,1875,0.0,0.05362400000000001,Cairo,0,8757,3902.0
Cairo_y2020.tif,934,0.019271948608137045,0.07387044967880087,Cairo,0,8809,3902.0
Cairo_y2020.tif,2397,0.0,0.022596996245306637,Cairo,0,9067,3902.0
Cairo_y2020.tif,1456,0.49175824175824173,0.2033550824175824,Cairo,0,8944,3902.0
Cairo_y2020.tif,1433,0.21632937892533147,0.1449685973482205,Cairo,0,8966,3902.0
Cairo_y2020.tif,691,0.0,0.08753979739507958,Cairo,0,8995,3902.0
Cairo_y2020.tif,2089,0.0,0.04491144088080422,Cairo,0,9097,3902.0
Cairo_y2020.tif,507,0.0,0.017889546351084813,Cairo,0,9087,3902.0
Cairo_y2020.tif,6364,0.0,0.02725487115021999,Cairo,0,8408,3902.0
Cairo_y2020.tif,13740,0.3544395924308588,0.1660556768558952,Cairo,0,8664,3902.0
Cairo_y2020.tif,3710,0.0,0.023973045822102426,Cairo,0,8611,3902.0
Cairo_y2020.tif,3523,0.009367016747090548,0.057091967073516894,Cairo,0,8694,3902.0
Cairo_y2020.tif,1818,0.0022002200220022,0.07560231023102311,Cairo,0,8708,3902.0
Cairo_y2020.tif,3240,0.0,0.05193055555555556,Cairo,0,8784,3902.0
Cairo_y2020.tif,5692,0.010014054813773718,0.04270467322557977,Cairo,0,8831,3902.0
Cairo_y2020.tif,32404,0.19432786075793113,0.08968290951734355,Cairo,0,9361,3902.0
Cairo_y2020.tif,1159,0.0,0.034318377911993096,Cairo,0,9580,3902.0
Cairo_y2020.tif,1011,0.0,0.03105835806132543,Cairo,0,9653,3902.0
Cairo_y2020.tif,16899,0.007988638380969288,0.06037487425291437,Cairo,0,9496,3902.0
Cairo_y2020.tif,1345,0.0007434944237918215,0.12142379182156134,Cairo,0,9183,3902.0
Cairo_y2020.tif,424,0.0,0.062016509433962266,Cairo,0,9232,3902.0
Cairo_y2020.tif,2626,0.019801980198019802,0.10762376237623762,Cairo,0,9241,3902.0
Cairo_y2020.tif,9542,0.020540767134772583,0.05010532383148188,Cairo,0,9943,3902.0
Cairo_y2020.tif,1074,0.0,0.0620903165735568,Cairo,0,10074,3902.0
Cairo_y2020.tif,228,0.0,0.027149122807017548,Cairo,1,10036,3902.0
Cairo_y2020.tif,98,0.0,0.022602040816326528,Cairo,0,10102,3902.0
Cairo_y2020.tif,893,0.5195968645016797,0.25706047032474805,Cairo,0,10143,3902.0
Cairo_y2020.tif,523,0.0,0.024340344168260038,Cairo,0,10157,3902.0
Cairo_y2020.tif,2749,0.004728992360858494,0.055747544561658785,Cairo,0,10063,3902.0
Cairo_y2020.tif,12814,0.00023411893241766818,0.038220696113625725,Cairo,0,10563,3902.0
Cairo_y2020.tif,9498,0.23678669193514423,0.10970414824173508,Cairo,0,10557,3902.0
Cairo_y2020.tif,3914,0.15457332652018396,0.16243612672457847,Cairo,0,10627,3902.0
Cairo_y2020.tif,264,0.0,0.047594696969696974,Cairo,1,10481,3902.0
Cairo_y2020.tif,1077,0.0009285051067780873,0.1179155060352832,Cairo,1,10595,3902.0
Cairo_y2020.tif,166,0.0,0.051506024096385536,Cairo,1,10574,3902.0
Cairo_y2020.tif,609,0.0,0.12893267651888343,Cairo,1,10626,3902.0
Cairo_y2020.tif,317,0.0,0.07657728706624606,Cairo,1,10613,3902.0
Cairo_y2020.tif,819,0.0,0.10862637362637363,Cairo,0,10687,3902.0
Cairo_y2020.tif,137,0.0,0.07846715328467153,Cairo,1,10140,3902.0
Cairo_y2020.tif,129,0.0,0.023643410852713178,Cairo,0,10158,3902.0
Cairo_y2020.tif,370,0.002702702702702703,0.13263513513513514,Cairo,1,10178,3902.0
Cairo_y2020.tif,329,0.0,0.04042553191489362,Cairo,0,10239,3902.0
Cairo_y2020.tif,555,0.0,0.13397297297297295,Cairo,0,10254,3902.0
Cairo_y2020.tif,359,0.0,0.0786350974930362,Cairo,1,10247,3902.0
Cairo_y2020.tif,222,0.0,0.043265765765765754,Cairo,1,10284,3902.0
Cairo_y2020.tif,263,0.0,0.03150190114068442,Cairo,0,10343,3902.0
Cairo_y2020.tif,327,0.0,0.07833333333333334,Cairo,1,10311,3902.0
Cairo_y2020.tif,1035,0.0,0.07746376811594202,Cairo,1,10434,3902.0
Cairo_y2020.tif,4394,0.0,0.031383705052344106,Cairo,0,9981,3902.0
Cairo_y2020.tif,6636,0.04430379746835443,0.06372212176009645,Cairo,0,10066,3902.0
Cairo_y2020.tif,5378,0.012458162885831164,0.04414466344365936,Cairo,0,10360,3902.0
Cairo_y2020.tif,1299,0.0,0.02697844495765974,Cairo,0,11035,3902.0
Cairo_y2020.tif,600,0.0,0.12199166666666665,Cairo,0,11005,3902.0
Cairo_y2020.tif,1807,0.0,0.04706696181516326,Cairo,0,10999,3902.0
Cairo_y2020.tif,1563,0.0,0.029619321817018554,Cairo,0,11111,3902.0
Cairo_y2020.tif,451,0.0,0.09856984478935699,Cairo,1,11032,3902.0
Cairo_y2020.tif,965,0.0,0.04435233160621762,Cairo,0,11120,3902.0
Cairo_y2020.tif,850,0.0,0.08282941176470589,Cairo,0,11193,3902.0
Cairo_y2020.tif,561,0.0,0.02733511586452763,Cairo,0,6825,3902.0
Cairo_y2020.tif,994,0.0,0.025759557344064394,Cairo,0,6965,3902.0
Cairo_y2020.tif,623,0.0,0.02987158908507223,Cairo,0,6861,3902.0
Cairo_y2020.tif,740,0.0,0.028533783783783788,Cairo,0,6958,3902.0
Cairo_y2020.tif,725,0.0,0.023620689655172413,Cairo,0,6976,3902.0
Cairo_y2020.tif,1008,0.0,0.026602182539682544,Cairo,0,6948,3902.0
Cairo_y2020.tif,1257,0.0,0.05025457438345266,Cairo,0,6993,3902.0
Cairo_y2020.tif,726,0.0,0.02298898071625344,Cairo,0,7051,3902.0
Cairo_y2020.tif,366,0.0,0.027076502732240437,Cairo,0,7059,3902.0
Cairo_y2020.tif,854,0.0,0.06258782201405153,Cairo,0,7101,3902.0
Cairo_y2020.tif,732,0.0,0.025560109289617487,Cairo,0,6895,3902.0
Cairo_y2020.tif,884,0.0,0.03029411764705883,Cairo,0,6909,3902.0
Cairo_y2020.tif,475,0.0,0.04689473684210526,Cairo,0,6937,3902.0
Cairo_y2020.tif,825,0.0,0.026090909090909095,Cairo,0,6926,3902.0
Cairo_y2020.tif,1455,0.09140893470790377,0.09387285223367699,Cairo,0,7018,3902.0
Cairo_y2020.tif,461,0.0,0.03126898047722342,Cairo,0,6980,3902.0
Cairo_y2020.tif,650,0.0,0.033330769230769226,Cairo,0,6995,3902.0
Cairo_y2020.tif,474,0.02531645569620253,0.0630801687763713,Cairo,0,7039,3902.0
Cairo_y2020.tif,499,0.0,0.03824649298597194,Cairo,0,7068,3902.0
Cairo_y2020.tif,636,0.839622641509434,0.24804245283018872,Cairo,0,7081,3902.0
Cairo_y2020.tif,627,0.0,0.02737639553429027,Cairo,0,6889,3902.0
Cairo_y2020.tif,530,0.0,0.0585188679245283,Cairo,0,6911,3902.0
Cairo_y2020.tif,706,0.0,0.07652974504249292,Cairo,0,6942,3902.0
Cairo_y2020.tif,1205,0.0,0.03336929460580913,Cairo,0,7024,3902.0
Cairo_y2020.tif,817,0.0,0.06696450428396573,Cairo,0,7008,3902.0
Cairo_y2020.tif,1305,0.0,0.05440613026819923,Cairo,0,7080,3902.0
Cairo_y2020.tif,2042,0.48971596474045054,0.2104333986287953,Cairo,0,7030,3902.0
Cairo_y2020.tif,797,0.0,0.0799874529485571,Cairo,0,7109,3902.0
Cairo_y2020.tif,355,0.0,0.03614084507042254,Cairo,0,7176,3902.0
Cairo_y2020.tif,4923,0.12715823684745073,0.09798801543774122,Cairo,0,7242,3902.0
Cairo_y2020.tif,1137,0.0,0.030043975373790673,Cairo,0,6901,3902.0
Cairo_y2020.tif,641,0.0,0.032706708268330734,Cairo,0,6964,3902.0
Cairo_y2020.tif,889,0.007874015748031496,0.08078740157480314,Cairo,0,6961,3902.0
Cairo_y2020.tif,1615,0.0,0.024195046439628484,Cairo,0,7153,3902.0
Cairo_y2020.tif,360,0.0,0.045013888888888895,Cairo,0,7053,3902.0
Cairo_y2020.tif,684,0.0,0.018355263157894736,Cairo,0,7066,3902.0
Cairo_y2020.tif,1270,0.0,0.04307086614173228,Cairo,0,7025,3902.0
Cairo_y2020.tif,1450,0.14551724137931035,0.11814827586206897,Cairo,0,7167,3902.0
Cairo_y2020.tif,1062,0.0,0.027358757062146893,Cairo,0,7247,3902.0
Cairo_y2020.tif,3890,0.05938303341902314,0.06769665809768638,Cairo,0,7438,3902.0
Cairo_y2020.tif,903,0.3521594684385382,0.17319490586932448,Cairo,0,7138,3902.0
Cairo_y2020.tif,345,0.0,0.035666666666666666,Cairo,0,7166,3902.0
Cairo_y2020.tif,1160,0.5551724137931034,0.21599137931034484,Cairo,0,7200,3902.0
Cairo_y2020.tif,1179,0.1255301102629347,0.09798558100084817,Cairo,0,7213,3902.0
Cairo_y2020.tif,1167,0.21422450728363324,0.12458868894601544,Cairo,0,7266,3902.0
Cairo_y2020.tif,3402,0.0,0.016247795414462078,Cairo,0,7619,3902.0
Cairo_y2020.tif,3197,0.0,0.005830466061933062,Cairo,0,7634,3902.0
Cairo_y2020.tif,899,0.0,0.048704115684093434,Cairo,0,7330,3902.0
Cairo_y2020.tif,707,0.0,0.04341584158415842,Cairo,0,7363,3902.0
Cairo_y2020.tif,561,0.0,0.023672014260249553,Cairo,0,7476,3902.0
Cairo_y2020.tif,679,0.0,0.037695139911634756,Cairo,0,7143,3902.0
Cairo_y2020.tif,884,0.0,0.025627828054298644,Cairo,0,7122,3902.0
Cairo_y2020.tif,656,0.0,0.029801829268292685,Cairo,0,7116,3902.0
Cairo_y2020.tif,510,0.0,0.023029411764705885,Cairo,0,7193,3902.0
Cairo_y2020.tif,371,0.0,0.04629380053908355,Cairo,0,7160,3902.0
Cairo_y2020.tif,463,0.0,0.03473002159827214,Cairo,0,7208,3902.0
Cairo_y2020.tif,1058,0.0,0.035170132325141774,Cairo,0,7316,3902.0
Cairo_y2020.tif,703,0.0,0.032382645803698436,Cairo,0,7294,3902.0
Cairo_y2020.tif,11104,0.0,0.028961635446685882,Cairo,0,7629,3902.0
Cairo_y2020.tif,866,0.0,0.03289260969976906,Cairo,0,7352,3902.0
Cairo_y2020.tif,12925,0.06112185686653772,0.05735280464216635,Cairo,0,7655,3902.0
Cairo_y2020.tif,593,0.0016863406408094434,0.07450252951096122,Cairo,0,7657,3902.0
Cairo_y2020.tif,881,0.02043132803632236,0.09969920544835416,Cairo,0,7662,3902.0
Cairo_y2020.tif,1104,0.0,0.044166666666666674,Cairo,0,7704,3902.0
Cairo_y2020.tif,413,0.0,0.05286924939467313,Cairo,0,7716,3902.0
Cairo_y2020.tif,588,0.0,0.04240646258503401,Cairo,0,7763,3902.0
Cairo_y2020.tif,449,0.0,0.04467706013363029,Cairo,0,7784,3902.0
Cairo_y2020.tif,911,0.0,0.037744237102085625,Cairo,0,7773,3902.0
Cairo_y2020.tif,431,0.0,0.028109048723897915,Cairo,0,7831,3902.0
Cairo_y2020.tif,456,0.0,0.02646929824561404,Cairo,0,7839,3902.0
Cairo_y2020.tif,999,0.0,0.030890890890890896,Cairo,0,7486,3902.0
Cairo_y2020.tif,454,0.0,0.019669603524229074,Cairo,0,7567,3902.0
Cairo_y2020.tif,410,0.0,0.028182926829268293,Cairo,0,7606,3902.0
Cairo_y2020.tif,664,0.0,0.029344879518072287,Cairo,0,7637,3902.0
Cairo_y2020.tif,531,0.0,0.04610169491525424,Cairo,0,7659,3902.0
Cairo_y2020.tif,565,0.0,0.05554867256637168,Cairo,0,7684,3902.0
Cairo_y2020.tif,663,0.0,0.06751131221719457,Cairo,0,7751,3902.0
Cairo_y2020.tif,567,0.0,0.03602292768959436,Cairo,0,7749,3902.0
Cairo_y2020.tif,925,0.0,0.045454054054054054,Cairo,0,7801,3902.0
Cairo_y2020.tif,1016,0.0,0.040206692913385834,Cairo,0,7846,3902.0
Cairo_y2020.tif,319,0.0,0.02518808777429467,Cairo,0,7483,3902.0
Cairo_y2020.tif,506,0.0,0.04140316205533597,Cairo,0,7566,3902.0
Cairo_y2020.tif,1315,0.0,0.031041825095057034,Cairo,0,7592,3902.0
Cairo_y2020.tif,671,0.0,0.02082712369597615,Cairo,0,7669,3902.0
Cairo_y2020.tif,777,0.0,0.025572715572715576,Cairo,0,7651,3902.0
Cairo_y2020.tif,413,0.0,0.021404358353510896,Cairo,0,7705,3902.0
Cairo_y2020.tif,328,0.0,0.024756097560975614,Cairo,0,7762,3902.0
Cairo_y2020.tif,392,0.0,0.022793367346938778,Cairo,0,7754,3902.0
Cairo_y2020.tif,448,0.0,0.03330357142857144,Cairo,0,7771,3902.0
Cairo_y2020.tif,363,0.0,0.02,Cairo,0,7779,3902.0
Cairo_y2020.tif,1165,0.0,0.036957081545064385,Cairo,0,7390,3902.0
Cairo_y2020.tif,463,0.0,0.024352051835853136,Cairo,0,7460,3902.0
Cairo_y2020.tif,1990,0.0,0.02349497487437186,Cairo,0,7568,3902.0
Cairo_y2020.tif,607,0.0,0.023690280065897858,Cairo,0,7631,3902.0
Cairo_y2020.tif,419,0.0,0.01844868735083532,Cairo,0,7673,3902.0
Cairo_y2020.tif,864,0.0,0.08760416666666666,Cairo,0,7721,3902.0
Cairo_y2020.tif,428,0.0,0.022663551401869157,Cairo,0,7729,3902.0
Cairo_y2020.tif,421,0.0,0.02741092636579573,Cairo,0,7768,3902.0
Cairo_y2020.tif,3957,0.0,0.030996967399545113,Cairo,0,7981,3902.0
Cairo_y2020.tif,399,0.0,0.023145363408521306,Cairo,0,7809,3902.0
Cairo_y2020.tif,311,1.0,0.4347588424437299,Cairo,1,7099,3902.0
Cairo_y2020.tif,381,0.968503937007874,0.3651706036745407,Cairo,1,7106,3902.0
Cairo_y2020.tif,186,1.0,0.4160483870967742,Cairo,1,7127,3902.0
Cairo_y2020.tif,311,1.0,0.4166559485530546,Cairo,1,7110,3902.0
Cairo_y2020.tif,257,0.8871595330739299,0.31924124513618674,Cairo,1,7161,3902.0
Cairo_y2020.tif,153,1.0,0.4411111111111112,Cairo,0,7218,3902.0
Cairo_y2020.tif,139,1.0,0.4524460431654676,Cairo,1,7227,3902.0
Cairo_y2020.tif,153,1.0,0.45189542483660133,Cairo,1,7226,3902.0
Cairo_y2020.tif,133,1.0,0.4503759398496241,Cairo,1,7225,3902.0
Cairo_y2020.tif,248,1.0,0.4488508064516129,Cairo,1,7228,3902.0
Cairo_y2020.tif,402,1.0,0.4259950248756219,Cairo,1,7231,3902.0
Cairo_y2020.tif,343,1.0,0.4485860058309038,Cairo,1,7375,3902.0
Cairo_y2020.tif,256,1.0,0.45121093749999996,Cairo,1,7376,3902.0
Cairo_y2020.tif,491,1.0,0.44721995926680247,Cairo,1,7379,3902.0
Cairo_y2020.tif,390,1.0,0.44815384615384624,Cairo,1,7385,3902.0
Cairo_y2020.tif,538,1.0,0.4458085501858736,Cairo,1,7406,3902.0
Cairo_y2020.tif,480,1.0,0.44010416666666674,Cairo,1,7407,3902.0
Cairo_y2020.tif,572,1.0,0.4346853146853147,Cairo,1,7408,3902.0
Cairo_y2020.tif,476,1.0,0.438655462184874,Cairo,1,7400,3902.0
Cairo_y2020.tif,742,1.0,0.45074797843665776,Cairo,1,7383,3902.0
Cairo_y2020.tif,314,1.0,0.42539808917197447,Cairo,1,7331,3902.0
Cairo_y2020.tif,362,1.0,0.43929558011049735,Cairo,1,7409,3902.0
Cairo_y2020.tif,229,1.0,0.43790393013100437,Cairo,1,7346,3902.0
Cairo_y2020.tif,194,0.7938144329896907,0.3135051546391753,Cairo,1,7323,3902.0
Cairo_y2020.tif,313,1.0,0.4402715654952077,Cairo,1,7369,3902.0
Cairo_y2020.tif,193,1.0,0.4330829015544041,Cairo,1,7405,3902.0
Cairo_y2020.tif,220,1.0,0.43452272727272734,Cairo,1,7411,3902.0
Cairo_y2020.tif,1691,0.5150798344175045,0.21867534003548195,Cairo,0,7527,3902.0
Cairo_y2020.tif,249,1.0,0.38586345381526105,Cairo,1,7550,3902.0
Cairo_y2020.tif,238,1.0,0.3987815126050421,Cairo,1,7543,3902.0
Cairo_y2020.tif,189,1.0,0.4268253968253968,Cairo,1,7507,3902.0
Cairo_y2020.tif,176,1.0,0.4103125,Cairo,1,7508,3902.0
Cairo_y2020.tif,300,1.0,0.41889999999999994,Cairo,1,7516,3902.0
Cairo_y2020.tif,224,1.0,0.36984374999999997,Cairo,1,7536,3902.0
Cairo_y2020.tif,209,1.0,0.37019138755980857,Cairo,1,7538,3902.0
Cairo_y2020.tif,255,1.0,0.39774509803921565,Cairo,1,7530,3902.0
Cairo_y2020.tif,532,1.0,0.3837124060150376,Cairo,1,7541,3902.0
Cairo_y2020.tif,150,1.0,0.40606666666666674,Cairo,1,7531,3902.0
Cairo_y2020.tif,237,1.0,0.40128691983122367,Cairo,1,7545,3902.0
Cairo_y2020.tif,188,1.0,0.40856382978723405,Cairo,1,7544,3902.0
Cairo_y2020.tif,487,0.0,0.021170431211498978,Cairo,0,7348,3902.0
Cairo_y2020.tif,777,0.0,0.026235521235521232,Cairo,0,7401,3902.0
Cairo_y2020.tif,183,0.0,0.06295081967213115,Cairo,0,7415,3902.0
Cairo_y2020.tif,679,0.0,0.03571428571428572,Cairo,0,7517,3902.0
Cairo_y2020.tif,500,0.0,0.016870000000000003,Cairo,0,7459,3902.0
Cairo_y2020.tif,546,0.0,0.04157509157509157,Cairo,0,7466,3902.0
Cairo_y2020.tif,667,0.0,0.018778110944527738,Cairo,0,7497,3902.0
Cairo_y2020.tif,1651,0.0,0.040944881889763786,Cairo,0,7610,3902.0
Cairo_y2020.tif,585,0.0,0.05754700854700856,Cairo,0,7613,3902.0
Cairo_y2020.tif,591,0.0,0.028866328257191206,Cairo,0,7707,3902.0
Cairo_y2020.tif,561,0.9358288770053476,0.33493761140819966,Cairo,1,7540,3902.0
Cairo_y2020.tif,226,1.0,0.3460840707964602,Cairo,0,7542,3902.0
Cairo_y2020.tif,143,1.0,0.3491608391608391,Cairo,0,7547,3902.0
Cairo_y2020.tif,1253,0.9976057462090981,0.3681564245810056,Cairo,1,7713,3902.0
Cairo_y2020.tif,279,0.9354838709677419,0.3684587813620072,Cairo,1,7577,3902.0
Cairo_y2020.tif,434,0.43317972350230416,0.2548041474654378,Cairo,1,7608,3902.0
Cairo_y2020.tif,206,0.7330097087378641,0.31084951456310683,Cairo,1,7632,3902.0
Cairo_y2020.tif,234,0.0,0.11792735042735043,Cairo,0,7626,3902.0
Cairo_y2020.tif,168,0.9761904761904762,0.34726190476190477,Cairo,0,7620,3902.0
Cairo_y2020.tif,193,0.05181347150259067,0.17836787564766837,Cairo,0,7654,3902.0
Cairo_y2020.tif,239,1.0,0.3797489539748954,Cairo,1,7534,3902.0
Cairo_y2020.tif,122,1.0,0.4034016393442623,Cairo,0,7514,3902.0
Cairo_y2020.tif,755,0.5496688741721855,0.20827152317880795,Cairo,0,7586,3902.0
Cairo_y2020.tif,1436,0.12604456824512536,0.11348189415041783,Cairo,0,7644,3902.0
Cairo_y2020.tif,208,0.04326923076923077,0.07747596153846155,Cairo,1,7656,3902.0
Cairo_y2020.tif,139,0.7194244604316546,0.2758273381294964,Cairo,1,7703,3902.0
Cairo_y2020.tif,143,0.35664335664335667,0.2388111888111888,Cairo,1,7708,3902.0
Cairo_y2020.tif,141,0.02127659574468085,0.18003546099290785,Cairo,1,7712,3902.0
Cairo_y2020.tif,289,0.0,0.0990484429065744,Cairo,0,7715,3902.0
Cairo_y2020.tif,570,0.007017543859649123,0.06076315789473685,Cairo,1,7692,3902.0
Cairo_y2020.tif,853,0.0,0.039847596717467765,Cairo,0,7682,3902.0
Cairo_y2020.tif,596,0.0,0.02483221476510067,Cairo,1,7740,3902.0
Cairo_y2020.tif,482,0.0,0.038962655601659756,Cairo,1,7730,3902.0
Cairo_y2020.tif,627,0.0,0.05129186602870814,Cairo,0,7813,3902.0
Cairo_y2020.tif,1179,0.0,0.030835453774385076,Cairo,0,7895,3902.0
Cairo_y2020.tif,400,0.0,0.031825,Cairo,0,7842,3902.0
Cairo_y2020.tif,779,0.0,0.03569961489088575,Cairo,0,7896,3902.0
Cairo_y2020.tif,768,0.0,0.03281901041666667,Cairo,0,7883,3902.0
Cairo_y2020.tif,231,0.0,0.03268398268398269,Cairo,0,7856,3902.0
Cairo_y2020.tif,394,0.0,0.025164974619289338,Cairo,0,7891,3902.0
Cairo_y2020.tif,289,0.0,0.11337370242214533,Cairo,0,7675,3902.0
Cairo_y2020.tif,190,0.3684210526315789,0.2368157894736842,Cairo,0,7674,3902.0
Cairo_y2020.tif,199,0.9748743718592965,0.3094723618090452,Cairo,1,7711,3902.0
Cairo_y2020.tif,274,0.0,0.061697080291970796,Cairo,0,7748,3902.0
Cairo_y2020.tif,339,0.0,0.1363716814159292,Cairo,1,7736,3902.0
Cairo_y2020.tif,275,0.0,0.09043636363636363,Cairo,0,7741,3902.0
Cairo_y2020.tif,131,0.1984732824427481,0.21083969465648852,Cairo,0,7731,3902.0
Cairo_y2020.tif,118,1.0,0.30207627118644065,Cairo,1,7796,3902.0
Cairo_y2020.tif,1024,0.291015625,0.1864404296875,Cairo,0,7874,3902.0
Cairo_y2020.tif,680,0.9588235294117647,0.35409558823529413,Cairo,1,7892,3902.0
Cairo_y2020.tif,240,0.0,0.06645833333333333,Cairo,1,7725,3902.0
Cairo_y2020.tif,168,0.0,0.0519047619047619,Cairo,1,7734,3902.0
Cairo_y2020.tif,467,0.0,0.06589935760171307,Cairo,1,7744,3902.0
Cairo_y2020.tif,160,0.0,0.08590625,Cairo,1,7758,3902.0
Cairo_y2020.tif,324,0.39197530864197533,0.2343827160493827,Cairo,1,7777,3902.0
Cairo_y2020.tif,121,0.0,0.07933884297520659,Cairo,1,7800,3902.0
Cairo_y2020.tif,125,0.0,0.08196,Cairo,1,7810,3902.0
Cairo_y2020.tif,270,0.24074074074074073,0.15559259259259262,Cairo,1,7903,3902.0
Cairo_y2020.tif,256,0.26953125,0.22263671875000002,Cairo,1,7838,3902.0
Cairo_y2020.tif,399,0.0,0.12302005012531328,Cairo,1,7866,3902.0
Cairo_y2020.tif,224,0.013392857142857142,0.14332589285714284,Cairo,0,7907,3902.0
Cairo_y2020.tif,218,0.0,0.08348623853211008,Cairo,1,7881,3902.0
Cairo_y2020.tif,330,0.0,0.1249090909090909,Cairo,1,7915,3902.0
Cairo_y2020.tif,291,0.0,0.1016151202749141,Cairo,1,7922,3902.0
Cairo_y2020.tif,336,0.0,0.0693452380952381,Cairo,0,7924,3902.0
Cairo_y2020.tif,320,0.0,0.05596875000000001,Cairo,0,7920,3902.0
Cairo_y2020.tif,134,0.0,0.05007462686567165,Cairo,1,7901,3902.0
Cairo_y2020.tif,110,0.4818181818181818,0.2500454545454545,Cairo,0,7868,3902.0
Cairo_y2020.tif,174,0.0,0.0402873563218391,Cairo,1,7913,3902.0
Cairo_y2020.tif,123,0.0,0.16565040650406507,Cairo,1,7871,3902.0
Cairo_y2020.tif,253,0.9960474308300395,0.3865810276679842,Cairo,0,7898,3902.0
Cairo_y2020.tif,885,0.7468926553672316,0.33153672316384175,Cairo,1,7919,3902.0
Cairo_y2020.tif,415,0.5734939759036145,0.2393012048192771,Cairo,1,7930,3902.0
Cairo_y2020.tif,300,0.28,0.1443333333333333,Cairo,0,7935,3902.0
Cairo_y2020.tif,1797,0.13633834168057873,0.11024763494713412,Cairo,0,8481,3902.0
Cairo_y2020.tif,243,0.4403292181069959,0.267201646090535,Cairo,0,7916,3902.0
Cairo_y2020.tif,7919,0.0,0.04808940522793283,Cairo,0,8474,3902.0
Cairo_y2020.tif,420,0.18333333333333332,0.19277380952380954,Cairo,1,7979,3902.0
Cairo_y2020.tif,427,1.0,0.3889812646370024,Cairo,1,8025,3902.0
Cairo_y2020.tif,350,1.0,0.3758285714285714,Cairo,1,8071,3902.0
Cairo_y2020.tif,490,0.0,0.05290816326530613,Cairo,0,7909,3902.0
Cairo_y2020.tif,392,0.0,0.029528061224489793,Cairo,0,7927,3902.0
Cairo_y2020.tif,229,0.0,0.0327292576419214,Cairo,0,7904,3902.0
Cairo_y2020.tif,216,0.0,0.030879629629629632,Cairo,0,7929,3902.0
Cairo_y2020.tif,193,0.0,0.03349740932642487,Cairo,0,7932,3902.0
Cairo_y2020.tif,642,0.0,0.02014018691588785,Cairo,0,7959,3902.0
Cairo_y2020.tif,662,0.0,0.02549848942598187,Cairo,0,7968,3902.0
Cairo_y2020.tif,915,0.0,0.024021857923497272,Cairo,0,7990,3902.0
Cairo_y2020.tif,614,0.0,0.02907166123778502,Cairo,0,8016,3902.0
Cairo_y2020.tif,801,0.0,0.020493133583021222,Cairo,0,8029,3902.0
Cairo_y2020.tif,576,0.06597222222222222,0.1485763888888889,Cairo,1,7954,3902.0
Cairo_y2020.tif,259,0.0,0.05546332046332047,Cairo,0,7980,3902.0
Cairo_y2020.tif,236,0.0,0.05802966101694916,Cairo,0,7970,3902.0
Cairo_y2020.tif,172,0.9941860465116279,0.31776162790697676,Cairo,1,7977,3902.0
Cairo_y2020.tif,260,0.7692307692307693,0.2722307692307692,Cairo,0,7975,3902.0
Cairo_y2020.tif,233,0.004291845493562232,0.14682403433476396,Cairo,1,8012,3902.0
Cairo_y2020.tif,156,0.0,0.09298076923076923,Cairo,0,8000,3902.0
Cairo_y2020.tif,447,0.9731543624161074,0.3573266219239373,Cairo,1,8044,3902.0
Cairo_y2020.tif,263,0.5399239543726235,0.24252851711026616,Cairo,1,8032,3902.0
Cairo_y2020.tif,2080,0.2923076923076923,0.18548798076923076,Cairo,0,8171,3902.0
Cairo_y2020.tif,605,1.0,0.38755371900826446,Cairo,1,8068,3902.0
Cairo_y2020.tif,431,1.0,0.3500812064965197,Cairo,1,8080,3902.0
Cairo_y2020.tif,291,0.9106529209621993,0.307766323024055,Cairo,1,8083,3902.0
Cairo_y2020.tif,460,0.48695652173913045,0.25882608695652176,Cairo,1,8093,3902.0
Cairo_y2020.tif,219,0.0,0.1626940639269406,Cairo,0,8037,3902.0
Cairo_y2020.tif,243,0.024691358024691357,0.17833333333333334,Cairo,1,8094,3902.0
Cairo_y2020.tif,690,1.0,0.37496376811594206,Cairo,1,8112,3902.0
Cairo_y2020.tif,855,0.0,0.06670760233918129,Cairo,0,8164,3902.0
Cairo_y2020.tif,310,0.9935483870967742,0.3880967741935484,Cairo,0,8127,3902.0
Cairo_y2020.tif,307,0.2736156351791531,0.1787459283387622,Cairo,0,8137,3902.0
Cairo_y2020.tif,943,0.0,0.02381230116648993,Cairo,0,8047,3902.0
Cairo_y2020.tif,513,0.0,0.029756335282651074,Cairo,0,8110,3902.0
Cairo_y2020.tif,987,0.0,0.020815602836879433,Cairo,0,8140,3902.0
Cairo_y2020.tif,417,0.0,0.018549160671462825,Cairo,0,8117,3902.0
Cairo_y2020.tif,617,0.0,0.041993517017828205,Cairo,0,8155,3902.0
Cairo_y2020.tif,2259,0.0,0.04737051792828685,Cairo,0,8262,3902.0
Cairo_y2020.tif,513,0.0,0.04621832358674464,Cairo,0,8185,3902.0
Cairo_y2020.tif,431,0.0,0.023445475638051046,Cairo,0,8222,3902.0
Cairo_y2020.tif,889,0.0,0.05321147356580428,Cairo,0,8256,3902.0
Cairo_y2020.tif,592,0.0,0.020168918918918918,Cairo,0,8248,3902.0
Cairo_y2020.tif,2348,0.5591993185689949,0.25814310051107325,Cairo,1,8203,3902.0
Cairo_y2020.tif,674,0.9183976261127597,0.3449703264094956,Cairo,1,8105,3902.0
Cairo_y2020.tif,269,0.9330855018587361,0.377546468401487,Cairo,1,8208,3902.0
Cairo_y2020.tif,303,0.8811881188118812,0.3639438943894389,Cairo,1,8230,3902.0
Cairo_y2020.tif,342,0.7105263157894737,0.3313888888888889,Cairo,1,8245,3902.0
Cairo_y2020.tif,487,1.0,0.4380903490759753,Cairo,1,8246,3902.0
Cairo_y2020.tif,306,0.2777777777777778,0.2259967320261438,Cairo,1,8258,3902.0
Cairo_y2020.tif,307,0.7817589576547231,0.30739413680781763,Cairo,0,8329,3902.0
Cairo_y2020.tif,550,0.8963636363636364,0.36638181818181814,Cairo,1,8331,3902.0
Cairo_y2020.tif,297,0.9932659932659933,0.41301346801346805,Cairo,1,8335,3902.0
Cairo_y2020.tif,1049,0.0,0.025114394661582457,Cairo,0,8159,3902.0
Cairo_y2020.tif,323,0.0,0.02373065015479876,Cairo,0,8115,3902.0
Cairo_y2020.tif,247,0.0,0.027591093117408913,Cairo,0,8122,3902.0
Cairo_y2020.tif,594,0.0,0.027483164983164988,Cairo,0,8139,3902.0
Cairo_y2020.tif,682,0.0,0.020219941348973605,Cairo,0,8175,3902.0
Cairo_y2020.tif,407,0.0,0.027800982800982803,Cairo,0,8191,3902.0
Cairo_y2020.tif,441,0.0,0.05634920634920637,Cairo,0,8193,3902.0
Cairo_y2020.tif,764,0.0,0.06513743455497382,Cairo,0,8296,3902.0
Cairo_y2020.tif,396,0.012626262626262626,0.13157828282828285,Cairo,0,8273,3902.0
Cairo_y2020.tif,216,0.041666666666666664,0.14569444444444446,Cairo,0,8285,3902.0
Cairo_y2020.tif,341,0.0,0.055190615835777126,Cairo,0,8241,3902.0
Cairo_y2020.tif,640,0.0,0.0415703125,Cairo,0,8292,3902.0
Cairo_y2020.tif,599,0.0,0.0722787979966611,Cairo,0,8322,3902.0
Cairo_y2020.tif,1059,0.0,0.10782813975448537,Cairo,0,8377,3902.0
Cairo_y2020.tif,667,0.0,0.035892053973013496,Cairo,0,8349,3902.0
Cairo_y2020.tif,602,0.0,0.1316279069767442,Cairo,0,8379,3902.0
Cairo_y2020.tif,260,0.0,0.09715384615384616,Cairo,0,8409,3902.0
Cairo_y2020.tif,470,0.08936170212765958,0.16718085106382982,Cairo,0,8422,3902.0
Cairo_y2020.tif,394,0.0,0.09506345177664974,Cairo,0,8410,3902.0
Cairo_y2020.tif,355,0.0,0.04350704225352113,Cairo,0,8435,3902.0
Cairo_y2020.tif,342,1.0,0.433640350877193,Cairo,1,8339,3902.0
Cairo_y2020.tif,531,0.288135593220339,0.22498116760828626,Cairo,1,8289,3902.0
Cairo_y2020.tif,285,0.27017543859649124,0.19828070175438597,Cairo,0,8309,3902.0
Cairo_y2020.tif,423,1.0,0.4315130023640662,Cairo,1,8346,3902.0
Cairo_y2020.tif,366,0.21311475409836064,0.16837431693989072,Cairo,0,8327,3902.0
Cairo_y2020.tif,423,0.9787234042553191,0.3894208037825059,Cairo,1,8305,3902.0
Cairo_y2020.tif,259,0.12355212355212356,0.13063706563706565,Cairo,1,8337,3902.0
Cairo_y2020.tif,278,0.1223021582733813,0.12183453237410073,Cairo,1,8355,3902.0
Cairo_y2020.tif,496,0.0,0.09881048387096775,Cairo,0,8387,3902.0
Cairo_y2020.tif,607,0.0,0.07082372322899506,Cairo,0,8432,3902.0
Cairo_y2020.tif,1058,0.0,0.03412570888468809,Cairo,0,7292,3902.0
Cairo_y2020.tif,1599,0.0,0.06331457160725454,Cairo,0,7358,3902.0
Cairo_y2020.tif,2237,0.0,0.032141260616897635,Cairo,0,7513,3902.0
Cairo_y2020.tif,1439,0.0,0.13918693537178597,Cairo,1,7519,3902.0
Cairo_y2020.tif,1165,0.0,0.04031330472103004,Cairo,0,7645,3902.0
Cairo_y2020.tif,540,0.0,0.014305555555555556,Cairo,0,7628,3902.0
Cairo_y2020.tif,456,0.0,0.020690789473684208,Cairo,0,7624,3902.0
Cairo_y2020.tif,624,0.0,0.02112980769230769,Cairo,0,7642,3902.0
Cairo_y2020.tif,802,0.0,0.020760598503740648,Cairo,0,7640,3902.0
Cairo_y2020.tif,599,0.0,0.02025041736227045,Cairo,0,7717,3902.0
Cairo_y2020.tif,771,0.0,0.019150453955901425,Cairo,0,7447,3902.0
Cairo_y2020.tif,323,0.0,0.015356037151702789,Cairo,0,7495,3902.0
Cairo_y2020.tif,2230,0.0,0.02317264573991032,Cairo,0,7554,3902.0
Cairo_y2020.tif,1215,0.0,0.03204526748971193,Cairo,0,7611,3902.0
Cairo_y2020.tif,2120,0.0,0.017391509433962265,Cairo,0,7660,3902.0
Cairo_y2020.tif,778,0.0,0.026433161953727507,Cairo,0,7728,3902.0
Cairo_y2020.tif,2042,0.0,0.019307051909892264,Cairo,0,7753,3902.0
Cairo_y2020.tif,2658,0.0,0.02363431151241535,Cairo,0,7937,3902.0
Cairo_y2020.tif,1484,0.0,0.02264487870619946,Cairo,0,7803,3902.0
Cairo_y2020.tif,2231,0.0,0.020777678171223665,Cairo,0,7852,3902.0
Cairo_y2020.tif,17935,0.0002230275996654586,0.01975634234736549,Cairo,0,7690,3902.0
Cairo_y2020.tif,5817,0.0,0.026609076843733887,Cairo,0,7475,3902.0
Cairo_y2020.tif,7332,0.0,0.019245090016366616,Cairo,0,7743,3902.0
Cairo_y2020.tif,7211,0.0,0.029621411732076,Cairo,0,7679,3902.0
Cairo_y2020.tif,23288,4.294057025077293e-05,0.01879379938165579,Cairo,0,8228,3902.0
Cairo_y2020.tif,15563,0.030264087900790337,0.0615292681359635,Cairo,0,8284,3902.0
Cairo_y2020.tif,12382,0.0,0.005285495073493782,Cairo,0,8405,3902.0
Cairo_y2020.tif,848,0.09905660377358491,0.17485849056603778,Cairo,0,8240,3902.0
Cairo_y2020.tif,697,0.29411764705882354,0.20704447632711623,Cairo,0,8282,3902.0
Cairo_y2020.tif,533,0.9943714821763602,0.40911819887429646,Cairo,0,8298,3902.0
Cairo_y2020.tif,2108,0.0,0.03438092979127135,Cairo,0,7971,3902.0
Cairo_y2020.tif,4877,0.0,0.04666085708427313,Cairo,0,8109,3902.0
Cairo_y2020.tif,362,0.0,0.029516574585635367,Cairo,0,8190,3902.0
Cairo_y2020.tif,686,0.004373177842565598,0.04521137026239067,Cairo,0,8204,3902.0
Cairo_y2020.tif,691,0.4558610709117221,0.23573082489146163,Cairo,0,8172,3902.0
Cairo_y2020.tif,490,0.8040816326530612,0.33107142857142857,Cairo,0,8216,3902.0
Cairo_y2020.tif,3681,0.0,0.03255501222493888,Cairo,0,8421,3902.0
Cairo_y2020.tif,1297,0.0,0.023084040092521203,Cairo,0,8207,3902.0
Cairo_y2020.tif,1090,0.0,0.022142201834862388,Cairo,0,8300,3902.0
Cairo_y2020.tif,817,0.48592411260709917,0.22437576499388004,Cairo,0,8287,3902.0
Cairo_y2020.tif,344,0.0,0.018328488372093023,Cairo,0,7840,3902.0
Cairo_y2020.tif,351,0.0,0.01866096866096866,Cairo,0,7825,3902.0
Cairo_y2020.tif,686,0.0,0.023389212827988337,Cairo,0,7917,3902.0
Cairo_y2020.tif,423,0.0,0.01698581560283688,Cairo,0,7882,3902.0
Cairo_y2020.tif,4036,0.03047571853320119,0.06742566897918731,Cairo,0,8214,3902.0
Cairo_y2020.tif,5514,0.0,0.01235582154515778,Cairo,0,8634,3902.0
Cairo_y2020.tif,6468,0.0,0.005245825602968459,Cairo,0,8638,3902.0
Cairo_y2020.tif,2474,0.1127728375101051,0.08383185125303153,Cairo,0,8334,3902.0
Cairo_y2020.tif,1259,0.0,0.041981731532962675,Cairo,0,8430,3902.0
Cairo_y2020.tif,3347,0.0,0.04351956976396774,Cairo,0,8471,3902.0
Cairo_y2020.tif,2207,0.0,0.02305165382872678,Cairo,0,8129,3902.0
Cairo_y2020.tif,501,0.0,0.01688622754491018,Cairo,0,8121,3902.0
Cairo_y2020.tif,2170,0.0,0.026384792626728108,Cairo,0,8166,3902.0
Cairo_y2020.tif,1508,0.0,0.019376657824933686,Cairo,0,8219,3902.0
Cairo_y2020.tif,733,0.0,0.051630286493860846,Cairo,0,8239,3902.0
Cairo_y2020.tif,1184,0.0,0.04542652027027027,Cairo,0,8366,3902.0
Cairo_y2020.tif,2203,0.0,0.03597140263277349,Cairo,0,8433,3902.0
Cairo_y2020.tif,1666,0.0,0.11228391356542616,Cairo,0,8437,3902.0
Cairo_y2020.tif,495,0.0,0.044434343434343444,Cairo,0,8449,3902.0
Cairo_y2020.tif,1255,0.00398406374501992,0.0989601593625498,Cairo,0,8663,3902.0
Cairo_y2020.tif,3379,0.0,0.035390648120745785,Cairo,0,8401,3902.0
Cairo_y2020.tif,1448,0.6726519337016574,0.2569716850828729,Cairo,0,8306,3902.0
Cairo_y2020.tif,1713,0.563922942206655,0.2096468184471687,Cairo,0,8376,3902.0
Cairo_y2020.tif,895,0.3541899441340782,0.21915642458100557,Cairo,1,8426,3902.0
Cairo_y2020.tif,549,1.0,0.35422586520947175,Cairo,1,8417,3902.0
Cairo_y2020.tif,1496,0.9364973262032086,0.3422225935828877,Cairo,1,8466,3902.0
Cairo_y2020.tif,932,0.9828326180257511,0.3803111587982833,Cairo,1,8490,3902.0
Cairo_y2020.tif,1099,0.7170154686078253,0.25459508644222023,Cairo,0,8509,3902.0
Cairo_y2020.tif,1450,0.1206896551724138,0.14411724137931034,Cairo,0,8578,3902.0
Cairo_y2020.tif,801,1.0,0.3430961298377029,Cairo,0,8550,3902.0
Cairo_y2020.tif,1401,1.0,0.4404461099214846,Cairo,0,8385,3902.0
Cairo_y2020.tif,987,0.0,0.033232016210739616,Cairo,1,8345,3902.0
Cairo_y2020.tif,1257,0.0,0.04221161495624503,Cairo,0,8406,3902.0
Cairo_y2020.tif,1141,0.44259421560035056,0.21500438212094655,Cairo,0,8456,3902.0
Cairo_y2020.tif,2745,0.011657559198542805,0.07388342440801457,Cairo,0,8512,3902.0
Cairo_y2020.tif,1743,0.0642570281124498,0.07301204819277107,Cairo,0,8473,3902.0
Cairo_y2020.tif,995,0.05628140703517588,0.15508542713567838,Cairo,0,8494,3902.0
Cairo_y2020.tif,2388,0.8668341708542714,0.3774497487437186,Cairo,1,8552,3902.0
Cairo_y2020.tif,1666,0.32112845138055224,0.203406362545018,Cairo,0,8547,3902.0
Cairo_y2020.tif,1374,0.029839883551673944,0.149235807860262,Cairo,0,8626,3902.0
Cairo_y2020.tif,1845,0.0,0.03548238482384824,Cairo,0,8420,3902.0
Cairo_y2020.tif,3382,0.0,0.03022324068598463,Cairo,0,8536,3902.0
Cairo_y2020.tif,976,0.0,0.02186987704918033,Cairo,0,8535,3902.0
Cairo_y2020.tif,5775,0.0,0.06165281385281386,Cairo,0,8641,3902.0
Cairo_y2020.tif,951,0.0,0.025141955835962147,Cairo,0,8602,3902.0
Cairo_y2020.tif,1001,0.0,0.029315684315684317,Cairo,0,8709,3902.0
Cairo_y2020.tif,1371,0.0,0.049445660102115235,Cairo,0,8796,3902.0
Cairo_y2020.tif,1128,0.0,0.03609485815602837,Cairo,0,8792,3902.0
Cairo_y2020.tif,3135,0.0,0.041893141945773524,Cairo,0,8922,3902.0
Cairo_y2020.tif,1397,0.0,0.04040443808160343,Cairo,0,8844,3902.0
Cairo_y2020.tif,1204,0.9958471760797342,0.3771387043189368,Cairo,1,8616,3902.0
Cairo_y2020.tif,1091,0.3382218148487626,0.22380384967919342,Cairo,0,8624,3902.0
Cairo_y2020.tif,718,0.9930362116991643,0.4026253481894151,Cairo,1,8608,3902.0
Cairo_y2020.tif,1027,0.011684518013631937,0.14727848101265822,Cairo,0,8635,3902.0
Cairo_y2020.tif,2029,0.0009857072449482504,0.05378758008871366,Cairo,0,8649,3902.0
Cairo_y2020.tif,1362,0.5462555066079295,0.22712187958883998,Cairo,0,8682,3902.0
Cairo_y2020.tif,1218,0.8850574712643678,0.29870279146141215,Cairo,1,8745,3902.0
Cairo_y2020.tif,1209,0.24400330851943755,0.17143507030603802,Cairo,0,8747,3902.0
Cairo_y2020.tif,1651,0.6511205330102968,0.260587522713507,Cairo,0,8763,3902.0
Cairo_y2020.tif,1371,0.0,0.04045587162654997,Cairo,1,8771,3902.0
Cairo_y2020.tif,977,0.0,0.026305015353121804,Cairo,0,7875,3902.0
Cairo_y2020.tif,472,0.0,0.06234110169491525,Cairo,0,7863,3902.0
Cairo_y2020.tif,3040,0.0,0.036603618421052635,Cairo,0,8143,3902.0
Cairo_y2020.tif,480,0.0,0.05692708333333333,Cairo,0,7921,3902.0
Cairo_y2020.tif,372,0.0,0.05538978494623656,Cairo,0,7945,3902.0
Cairo_y2020.tif,522,0.0,0.07442528735632185,Cairo,0,7958,3902.0
Cairo_y2020.tif,1632,0.0,0.032487745098039214,Cairo,0,8008,3902.0
Cairo_y2020.tif,812,0.0,0.05686576354679804,Cairo,0,8056,3902.0
Cairo_y2020.tif,381,0.0,0.026955380577427822,Cairo,0,8046,3902.0
Cairo_y2020.tif,400,0.0,0.03456250000000001,Cairo,0,8096,3902.0
Cairo_y2020.tif,1527,0.0,0.0627472167648985,Cairo,0,7893,3902.0
Cairo_y2020.tif,490,0.0,0.018224489795918366,Cairo,0,7857,3902.0
Cairo_y2020.tif,404,0.0,0.019876237623762373,Cairo,0,7926,3902.0
Cairo_y2020.tif,1026,0.0,0.03672514619883042,Cairo,0,8001,3902.0
Cairo_y2020.tif,786,0.0,0.028651399491094152,Cairo,0,7940,3902.0
Cairo_y2020.tif,275,0.0,0.017836363636363636,Cairo,0,7953,3902.0
Cairo_y2020.tif,249,0.0,0.014056224899598395,Cairo,0,7985,3902.0
Cairo_y2020.tif,751,0.0,0.023788282290279624,Cairo,0,8088,3902.0
Cairo_y2020.tif,286,0.0,0.013566433566433566,Cairo,0,8030,3902.0
Cairo_y2020.tif,765,0.0,0.024862745098039214,Cairo,0,8003,3902.0
Cairo_y2020.tif,865,0.0,0.025121387283236995,Cairo,0,7914,3902.0
Cairo_y2020.tif,675,0.0,0.021162962962962963,Cairo,0,7942,3902.0
Cairo_y2020.tif,1037,0.0,0.03234329797492768,Cairo,0,7951,3902.0
Cairo_y2020.tif,839,0.0,0.022866507747318233,Cairo,0,7974,3902.0
Cairo_y2020.tif,461,0.0,0.045173535791757057,Cairo,0,7978,3902.0
Cairo_y2020.tif,614,0.0,0.06783387622149836,Cairo,0,8004,3902.0
Cairo_y2020.tif,953,0.0,0.07888247639034629,Cairo,0,8042,3902.0
Cairo_y2020.tif,565,0.0,0.06283185840707965,Cairo,0,8035,3902.0
Cairo_y2020.tif,906,0.0,0.0689514348785872,Cairo,0,8086,3902.0
Cairo_y2020.tif,472,0.0,0.06317796610169492,Cairo,0,8070,3902.0
Cairo_y2020.tif,684,0.0,0.020555555555555553,Cairo,0,8101,3902.0
Cairo_y2020.tif,944,0.0,0.03502118644067797,Cairo,0,8153,3902.0
Cairo_y2020.tif,2655,0.0,0.030440677966101698,Cairo,1,8227,3902.0
Cairo_y2020.tif,634,0.0,0.029495268138801267,Cairo,0,8141,3902.0
Cairo_y2020.tif,898,0.0,0.018869710467706014,Cairo,0,8250,3902.0
Cairo_y2020.tif,627,0.0,0.0386682615629984,Cairo,0,8210,3902.0
Cairo_y2020.tif,916,0.0,0.023438864628820964,Cairo,0,8280,3902.0
Cairo_y2020.tif,1008,0.0,0.06167162698412698,Cairo,0,8302,3902.0
Cairo_y2020.tif,946,0.0,0.025433403805496833,Cairo,0,8283,3902.0
Cairo_y2020.tif,288,0.0,0.02032986111111111,Cairo,0,8314,3902.0
Cairo_y2020.tif,506,0.0,0.05437747035573123,Cairo,0,8106,3902.0
Cairo_y2020.tif,449,0.0,0.06652561247216036,Cairo,0,8116,3902.0
Cairo_y2020.tif,1062,0.0,0.027848399246704333,Cairo,0,8194,3902.0
Cairo_y2020.tif,443,0.0,0.032144469525959375,Cairo,0,8187,3902.0
Cairo_y2020.tif,1065,0.0,0.056065727699530526,Cairo,0,8217,3902.0
Cairo_y2020.tif,260,0.0,0.018788461538461542,Cairo,1,8236,3902.0
Cairo_y2020.tif,769,0.0,0.04208062418725617,Cairo,0,8269,3902.0
Cairo_y2020.tif,445,0.0,0.017685393258426968,Cairo,1,8311,3902.0
Cairo_y2020.tif,1009,0.0,0.018424182358771062,Cairo,0,8308,3902.0
Cairo_y2020.tif,342,0.0,0.01502923976608187,Cairo,1,8318,3902.0
Cairo_y2020.tif,459,0.0,0.07826797385620915,Cairo,0,8336,3902.0
Cairo_y2020.tif,369,0.0,0.013495934959349594,Cairo,0,8342,3902.0
Cairo_y2020.tif,517,0.0,0.026470019342359773,Cairo,0,8363,3902.0
Cairo_y2020.tif,308,0.0,0.05074675324675325,Cairo,0,8372,3902.0
Cairo_y2020.tif,857,0.0,0.013022170361726955,Cairo,0,8419,3902.0
Cairo_y2020.tif,344,0.1308139534883721,0.14988372093023256,Cairo,0,8399,3902.0
Cairo_y2020.tif,272,0.0,0.023051470588235295,Cairo,0,8394,3902.0
Cairo_y2020.tif,472,0.0,0.018442796610169492,Cairo,0,8412,3902.0
Cairo_y2020.tif,855,0.6198830409356725,0.24541520467836256,Cairo,1,8431,3902.0
Cairo_y2020.tif,635,0.0,0.03820472440944882,Cairo,0,8446,3902.0
Cairo_y2020.tif,353,0.0,0.12385269121813033,Cairo,0,8317,3902.0
Cairo_y2020.tif,4426,0.013556258472661545,0.08641436963398101,Cairo,0,8389,3902.0
Cairo_y2020.tif,597,0.0,0.10814070351758795,Cairo,0,8351,3902.0
Cairo_y2020.tif,248,0.0,0.1395967741935484,Cairo,0,8369,3902.0
Cairo_y2020.tif,1329,0.636568848758465,0.26612114371708046,Cairo,1,8504,3902.0
Cairo_y2020.tif,504,0.09325396825396826,0.17625992063492066,Cairo,0,8450,3902.0
Cairo_y2020.tif,508,0.5334645669291339,0.2536318897637796,Cairo,1,8477,3902.0
Cairo_y2020.tif,399,0.022556390977443608,0.117468671679198,Cairo,0,8455,3902.0
Cairo_y2020.tif,1159,0.4469370146678171,0.2168032786885246,Cairo,0,8519,3902.0
Cairo_y2020.tif,767,0.8539765319426337,0.3404628422425032,Cairo,1,8580,3902.0
Cairo_y2020.tif,845,0.0,0.04004733727810651,Cairo,0,8330,3902.0
Cairo_y2020.tif,273,0.0,0.031373626373626375,Cairo,0,8364,3902.0
Cairo_y2020.tif,1360,0.006617647058823529,0.045540441176470596,Cairo,0,8444,3902.0
Cairo_y2020.tif,7783,0.0011563664396762173,0.030318643196710782,Cairo,0,8544,3902.0
Cairo_y2020.tif,721,0.0,0.016067961165048546,Cairo,0,8561,3902.0
Cairo_y2020.tif,5974,0.0,0.03392032139270171,Cairo,0,8920,3902.0
Cairo_y2020.tif,586,0.0,0.035375426621160416,Cairo,0,8785,3902.0
Cairo_y2020.tif,1661,0.0,0.034816375677302835,Cairo,0,8805,3902.0
Cairo_y2020.tif,882,0.0,0.027749433106575964,Cairo,0,8882,3902.0
Cairo_y2020.tif,1198,0.0,0.02262103505843072,Cairo,0,8948,3902.0
Cairo_y2020.tif,1043,0.0,0.025378715244487062,Cairo,0,8487,3902.0
Cairo_y2020.tif,400,0.0,0.0506625,Cairo,1,8502,3902.0
Cairo_y2020.tif,769,0.0,0.031215864759427833,Cairo,0,8516,3902.0
Cairo_y2020.tif,264,0.0,0.025,Cairo,0,8541,3902.0
Cairo_y2020.tif,1572,0.0,0.035947837150127226,Cairo,1,8615,3902.0
Cairo_y2020.tif,2874,0.0003479471120389701,0.04267223382045929,Cairo,0,8627,3902.0
Cairo_y2020.tif,1145,0.0,0.030960698689956333,Cairo,0,8591,3902.0
Cairo_y2020.tif,367,0.0,0.03166212534059946,Cairo,0,8691,3902.0
Cairo_y2020.tif,1426,0.0,0.026434081346423558,Cairo,0,8741,3902.0
Cairo_y2020.tif,2160,0.0,0.03512962962962963,Cairo,0,8786,3902.0
Cairo_y2020.tif,354,0.3192090395480226,0.21062146892655373,Cairo,1,8802,3902.0
Cairo_y2020.tif,12186,0.006482849171180043,0.04637657968160184,Cairo,0,9071,3902.0
Cairo_y2020.tif,648,0.9182098765432098,0.40082561728395066,Cairo,1,8834,3902.0
Cairo_y2020.tif,511,0.6653620352250489,0.3118590998043053,Cairo,1,8836,3902.0
Cairo_y2020.tif,299,0.0,0.07494983277591973,Cairo,0,8824,3902.0
Cairo_y2020.tif,588,0.0,0.04704081632653062,Cairo,0,8928,3902.0
Cairo_y2020.tif,363,0.0,0.03162534435261709,Cairo,0,8989,3902.0
Cairo_y2020.tif,412,0.0,0.031080097087378643,Cairo,0,9008,3902.0
Cairo_y2020.tif,3698,0.0013520822065981612,0.057848837209302326,Cairo,0,9107,3902.0
Cairo_y2020.tif,572,0.0,0.06201923076923077,Cairo,0,9088,3902.0
Cairo_y2020.tif,401,0.6633416458852868,0.2769077306733167,Cairo,1,8451,3902.0
Cairo_y2020.tif,440,0.43863636363636366,0.21776136363636364,Cairo,1,8457,3902.0
Cairo_y2020.tif,551,0.6388384754990926,0.28881125226860255,Cairo,1,8439,3902.0
Cairo_y2020.tif,316,0.7373417721518988,0.31121835443037976,Cairo,1,8445,3902.0
Cairo_y2020.tif,570,0.37543859649122807,0.18203508771929824,Cairo,1,8577,3902.0
Cairo_y2020.tif,772,0.4067357512953368,0.18690414507772024,Cairo,0,8576,3902.0
Cairo_y2020.tif,570,0.47192982456140353,0.2055877192982456,Cairo,1,8583,3902.0
Cairo_y2020.tif,854,0.36768149882903983,0.24344847775175643,Cairo,1,8540,3902.0
Cairo_y2020.tif,510,0.9431372549019608,0.3007450980392157,Cairo,1,8548,3902.0
Cairo_y2020.tif,886,0.3781038374717833,0.20229683972911966,Cairo,1,8587,3902.0
Cairo_y2020.tif,1714,0.33663943990665113,0.1684830805134189,Cairo,0,8441,3902.0
Cairo_y2020.tif,1422,0.06680731364275667,0.10510548523206752,Cairo,0,8436,3902.0
Cairo_y2020.tif,906,0.5,0.18973509933774835,Cairo,0,8428,3902.0
Cairo_y2020.tif,3515,0.29331436699857755,0.14442247510668563,Cairo,0,8566,3902.0
Cairo_y2020.tif,382,0.34293193717277487,0.1462303664921466,Cairo,0,8551,3902.0
Cairo_y2020.tif,552,0.21920289855072464,0.16719202898550722,Cairo,0,8597,3902.0
Cairo_y2020.tif,799,0.21777221526908636,0.14468085106382977,Cairo,0,8601,3902.0
Cairo_y2020.tif,1098,0.0,0.0328688524590164,Cairo,0,8620,3902.0
Cairo_y2020.tif,826,0.5375302663438256,0.22631961259079905,Cairo,0,8640,3902.0
Cairo_y2020.tif,336,0.7023809523809523,0.2916666666666667,Cairo,1,8719,3902.0
Cairo_y2020.tif,1158,0.4438687392055268,0.22485319516407598,Cairo,1,8569,3902.0
Cairo_y2020.tif,700,0.11428571428571428,0.15670714285714285,Cairo,1,8863,3902.0
Cairo_y2020.tif,704,0.12926136363636365,0.16390625,Cairo,1,8865,3902.0
Cairo_y2020.tif,556,0.21402877697841727,0.1910251798561151,Cairo,1,8867,3902.0
Cairo_y2020.tif,674,0.19881305637982197,0.21071958456973292,Cairo,1,8870,3902.0
Cairo_y2020.tif,862,0.3561484918793503,0.2448085846867749,Cairo,0,8875,3902.0
Cairo_y2020.tif,672,0.5446428571428571,0.2761979166666667,Cairo,1,8879,3902.0
Cairo_y2020.tif,724,0.6174033149171271,0.28082872928176794,Cairo,0,8884,3902.0
Cairo_y2020.tif,668,0.6946107784431138,0.30247754491017964,Cairo,1,8886,3902.0
Cairo_y2020.tif,590,0.7762711864406779,0.34428813559322036,Cairo,1,8890,3902.0
Cairo_y2020.tif,607,0.5831960461285008,0.31876441515650744,Cairo,1,8833,3902.0
Cairo_y2020.tif,1733,0.7691863819965378,0.334333525678015,Cairo,1,8839,3902.0
Cairo_y2020.tif,1624,0.4027093596059113,0.21442426108374385,Cairo,1,8848,3902.0
Cairo_y2020.tif,1167,0.41730934018851756,0.19438303341902313,Cairo,1,8858,3902.0
Cairo_y2020.tif,1358,0.22312223858615612,0.1611156111929308,Cairo,1,8861,3902.0
Cairo_y2020.tif,388,0.3943298969072165,0.2836211340206186,Cairo,1,8835,3902.0
Cairo_y2020.tif,863,0.24333719582850522,0.18900926998841253,Cairo,1,8852,3902.0
Cairo_y2020.tif,416,0.17307692307692307,0.1736658653846154,Cairo,1,8855,3902.0
Cairo_y2020.tif,451,0.3303769401330377,0.21820399113082045,Cairo,0,8843,3902.0
Cairo_y2020.tif,877,0.5963511972633979,0.23727480045610033,Cairo,1,9010,3902.0
Cairo_y2020.tif,1048,0.009541984732824428,0.03944656488549619,Cairo,0,8740,3902.0
Cairo_y2020.tif,896,0.48325892857142855,0.24903459821428572,Cairo,0,8904,3902.0
Cairo_y2020.tif,624,0.4375,0.24282852564102564,Cairo,0,8908,3902.0
Cairo_y2020.tif,983,0.46795523906408953,0.2405239064089522,Cairo,0,8909,3902.0
Cairo_y2020.tif,540,0.24444444444444444,0.208,Cairo,0,8912,3902.0
Cairo_y2020.tif,452,0.4336283185840708,0.2319579646017699,Cairo,0,8946,3902.0
Cairo_y2020.tif,400,0.315,0.2289125,Cairo,0,8945,3902.0
Cairo_y2020.tif,445,0.0696629213483146,0.18749438202247193,Cairo,1,8910,3902.0
Cairo_y2020.tif,1123,0.058771148708815675,0.1262511130899377,Cairo,0,8918,3902.0
Cairo_y2020.tif,2886,0.2713097713097713,0.12042619542619543,Cairo,0,8963,3902.0
Cairo_y2020.tif,454,0.7709251101321586,0.35495594713656387,Cairo,0,8891,3902.0
Cairo_y2020.tif,521,0.7927063339731286,0.3581381957773513,Cairo,1,8893,3902.0
Cairo_y2020.tif,439,0.8451025056947609,0.3570615034168565,Cairo,1,8895,3902.0
Cairo_y2020.tif,895,0.758659217877095,0.33067597765363127,Cairo,1,8896,3902.0
Cairo_y2020.tif,878,0.571753986332574,0.270244874715262,Cairo,0,8898,3902.0
Cairo_y2020.tif,694,0.5446685878962536,0.25836455331412106,Cairo,1,8900,3902.0
Cairo_y2020.tif,344,0.311046511627907,0.19452034883720928,Cairo,1,9034,3902.0
Cairo_y2020.tif,336,0.125,0.2100297619047619,Cairo,1,9036,3902.0
Cairo_y2020.tif,226,0.6504424778761062,0.3129867256637168,Cairo,1,9009,3902.0
Cairo_y2020.tif,232,0.3103448275862069,0.23629310344827584,Cairo,1,9038,3902.0
Cairo_y2020.tif,5965,0.01726739312657167,0.02050880134115675,Cairo,0,8732,3902.0
Cairo_y2020.tif,1757,0.11041548093340922,0.0867302219692658,Cairo,0,8676,3902.0
Cairo_y2020.tif,7248,0.0721578366445916,0.04558981788079471,Cairo,0,8990,3902.0
Cairo_y2020.tif,2409,0.1477791614777916,0.09296803652968039,Cairo,0,8973,3902.0
Cairo_y2020.tif,717,0.26220362622036264,0.19299860529986057,Cairo,1,8980,3902.0
Cairo_y2020.tif,467,0.3640256959314775,0.2013597430406852,Cairo,1,8982,3902.0
Cairo_y2020.tif,407,0.257985257985258,0.19017199017199019,Cairo,1,8976,3902.0
Cairo_y2020.tif,374,0.1497326203208556,0.1603475935828877,Cairo,0,9073,3902.0
Cairo_y2020.tif,5609,0.17507577108218933,0.07631217685862007,Cairo,0,9269,3902.0
Cairo_y2020.tif,1109,0.46077547339945896,0.23520739404869254,Cairo,1,9329,3902.0
Cairo_y2020.tif,660,0.4681818181818182,0.25066666666666665,Cairo,0,8941,3902.0
Cairo_y2020.tif,389,0.3033419023136247,0.21075835475578408,Cairo,1,8937,3902.0
Cairo_y2020.tif,360,0.08055555555555556,0.15822222222222224,Cairo,1,8932,3902.0
Cairo_y2020.tif,400,0.0,0.027325000000000002,Cairo,0,8921,3902.0
Cairo_y2020.tif,451,0.0,0.043813747228381376,Cairo,1,8927,3902.0
Cairo_y2020.tif,507,0.883629191321499,0.25972386587771207,Cairo,0,8954,3902.0
Cairo_y2020.tif,316,0.0,0.029794303797468353,Cairo,0,9069,3902.0
Cairo_y2020.tif,637,0.0,0.06020408163265306,Cairo,0,9076,3902.0
Cairo_y2020.tif,670,0.3492537313432836,0.2388955223880597,Cairo,0,9219,3902.0
Cairo_y2020.tif,1134,0.08112874779541446,0.17102292768959435,Cairo,1,9231,3902.0
Cairo_y2020.tif,338,0.0,0.14356508875739646,Cairo,0,9027,3902.0
Cairo_y2020.tif,400,0.0725,0.16344999999999998,Cairo,1,9029,3902.0
Cairo_y2020.tif,212,0.13679245283018868,0.16837264150943396,Cairo,1,9031,3902.0
Cairo_y2020.tif,352,0.2585227272727273,0.18217329545454544,Cairo,1,9032,3902.0
Cairo_y2020.tif,1164,0.9759450171821306,0.37523195876288656,Cairo,1,9061,3902.0
Cairo_y2020.tif,516,0.8546511627906976,0.33110465116279075,Cairo,1,9126,3902.0
Cairo_y2020.tif,447,0.46756152125279643,0.20378076062639822,Cairo,0,9117,3902.0
Cairo_y2020.tif,1112,0.29676258992805754,0.18132194244604316,Cairo,1,9132,3902.0
Cairo_y2020.tif,741,0.029689608636977057,0.13365721997300944,Cairo,1,9137,3902.0
Cairo_y2020.tif,251,0.0,0.08796812749003985,Cairo,0,9065,3902.0
Cairo_y2020.tif,379,0.7889182058047494,0.31108179419525067,Cairo,1,9154,3902.0
Cairo_y2020.tif,517,0.8974854932301741,0.3492166344294004,Cairo,1,9157,3902.0
Cairo_y2020.tif,298,1.0,0.3656711409395973,Cairo,1,9160,3902.0
Cairo_y2020.tif,593,0.9865092748735245,0.375539629005059,Cairo,1,9168,3902.0
Cairo_y2020.tif,489,0.9775051124744376,0.3831799591002045,Cairo,1,9173,3902.0
Cairo_y2020.tif,393,0.9491094147582697,0.37872773536895665,Cairo,1,9174,3902.0
Cairo_y2020.tif,707,0.7963224893917963,0.34579207920792077,Cairo,1,9184,3902.0
Cairo_y2020.tif,577,0.7452339688041595,0.33437608318890816,Cairo,1,9188,3902.0
Cairo_y2020.tif,498,0.5803212851405622,0.3045983935742972,Cairo,1,9198,3902.0
Cairo_y2020.tif,607,0.5436573311367381,0.29191103789126854,Cairo,1,9201,3902.0
Cairo_y2020.tif,266,0.9511278195488722,0.3806203007518797,Cairo,1,8142,3902.0
Cairo_y2020.tif,317,0.9526813880126183,0.3840851735015773,Cairo,1,8165,3902.0
Cairo_y2020.tif,443,0.8848758465011287,0.3806659142212189,Cairo,0,8181,3902.0
Cairo_y2020.tif,569,0.0,0.06555360281195079,Cairo,0,8270,3902.0
Cairo_y2020.tif,975,0.005128205128205128,0.09132307692307692,Cairo,0,8315,3902.0
Cairo_y2020.tif,647,0.0,0.04703245749613601,Cairo,0,8392,3902.0
Cairo_y2020.tif,524,0.0,0.026364503816793897,Cairo,0,8413,3902.0
Cairo_y2020.tif,1257,0.0,0.04309069212410501,Cairo,0,8479,3902.0
Cairo_y2020.tif,667,0.0,0.03812593703148426,Cairo,0,8513,3902.0
Cairo_y2020.tif,634,0.0,0.028722397476340696,Cairo,0,8604,3902.0
Cairo_y2020.tif,284,0.0,0.03441901408450705,Cairo,0,8459,3902.0
Cairo_y2020.tif,460,0.0,0.058260869565217394,Cairo,0,8484,3902.0
Cairo_y2020.tif,292,0.0,0.03808219178082192,Cairo,0,8491,3902.0
Cairo_y2020.tif,806,0.07816377171215881,0.14412531017369726,Cairo,1,8503,3902.0
Cairo_y2020.tif,682,0.0,0.039142228739002936,Cairo,0,8533,3902.0
Cairo_y2020.tif,642,0.13239875389408098,0.10412772585669783,Cairo,1,8539,3902.0
Cairo_y2020.tif,468,0.8867521367521367,0.36376068376068377,Cairo,1,8570,3902.0
Cairo_y2020.tif,357,0.907563025210084,0.38796918767507,Cairo,1,8572,3902.0
Cairo_y2020.tif,1187,0.0,0.03476832350463353,Cairo,0,8599,3902.0
Cairo_y2020.tif,231,0.3593073593073593,0.17692640692640696,Cairo,0,8592,3902.0
Cairo_y2020.tif,594,0.7727272727272727,0.29578282828282826,Cairo,1,8510,3902.0
Cairo_y2020.tif,637,0.3673469387755102,0.2604709576138148,Cairo,1,8518,3902.0
Cairo_y2020.tif,335,0.07761194029850746,0.19668656716417915,Cairo,0,8522,3902.0
Cairo_y2020.tif,831,0.007220216606498195,0.14656438026474125,Cairo,0,8531,3902.0
Cairo_y2020.tif,273,0.8974358974358975,0.32745421245421247,Cairo,0,8514,3902.0
Cairo_y2020.tif,1929,0.11560393986521514,0.085580611715915,Cairo,0,8507,3902.0
Cairo_y2020.tif,289,0.7370242214532872,0.2669204152249135,Cairo,1,8662,3902.0
Cairo_y2020.tif,457,0.5164113785557987,0.2502297592997812,Cairo,1,8658,3902.0
Cairo_y2020.tif,2492,0.31219903691813805,0.16692616372391653,Cairo,1,8847,3902.0
Cairo_y2020.tif,654,0.6987767584097859,0.31074159021406733,Cairo,1,8840,3902.0
Cairo_y2020.tif,1518,0.9268774703557312,0.3779150197628458,Cairo,1,8633,3902.0
Cairo_y2020.tif,1311,0.6796338672768879,0.23170099160945842,Cairo,0,8679,3902.0
Cairo_y2020.tif,622,0.9598070739549839,0.3803135048231511,Cairo,1,8646,3902.0
Cairo_y2020.tif,977,0.9048106448311156,0.3925946775844422,Cairo,1,8674,3902.0
Cairo_y2020.tif,250,0.0,0.0616,Cairo,0,8712,3902.0
Cairo_y2020.tif,909,1.0,0.450951595159516,Cairo,1,8727,3902.0
Cairo_y2020.tif,417,1.0,0.4148920863309352,Cairo,1,8718,3902.0
Cairo_y2020.tif,375,0.30933333333333335,0.2008933333333333,Cairo,0,8730,3902.0
Cairo_y2020.tif,312,0.0,0.09620192307692307,Cairo,0,8749,3902.0
Cairo_y2020.tif,496,0.0,0.12785282258064518,Cairo,0,8787,3902.0
Cairo_y2020.tif,820,0.8560975609756097,0.3621341463414634,Cairo,1,8636,3902.0
Cairo_y2020.tif,1216,0.07401315789473684,0.09014802631578948,Cairo,0,8689,3902.0
Cairo_y2020.tif,1559,0.9185375240538807,0.3731590763309814,Cairo,1,8722,3902.0
Cairo_y2020.tif,1400,0.55,0.26343214285714284,Cairo,1,8698,3902.0
Cairo_y2020.tif,820,1.0,0.4545365853658537,Cairo,1,8791,3902.0
Cairo_y2020.tif,1517,1.0,0.44073829927488467,Cairo,1,8846,3902.0
Cairo_y2020.tif,1112,1.0,0.44256294964028775,Cairo,1,8856,3902.0
Cairo_y2020.tif,528,0.9526515151515151,0.4107102272727273,Cairo,1,8820,3902.0
Cairo_y2020.tif,591,0.3147208121827411,0.22764805414551612,Cairo,1,8885,3902.0
Cairo_y2020.tif,635,0.04251968503937008,0.11648031496062992,Cairo,0,8936,3902.0
Cairo_y2020.tif,783,0.0,0.032120051085568334,Cairo,0,8612,3902.0
Cairo_y2020.tif,944,0.0,0.04389300847457627,Cairo,0,8656,3902.0
Cairo_y2020.tif,546,0.0,0.03667582417582417,Cairo,0,8849,3902.0
Cairo_y2020.tif,1401,0.49607423269093504,0.2397002141327623,Cairo,1,8717,3902.0
Cairo_y2020.tif,15654,0.0005110514884374601,0.03036380477833142,Cairo,0,9110,3902.0
Cairo_y2020.tif,1048,0.2719465648854962,0.16269083969465647,Cairo,0,8775,3902.0
Cairo_y2020.tif,767,0.0,0.04962842242503259,Cairo,0,9068,3902.0
Cairo_y2020.tif,1603,0.16094822208359327,0.10371802869619465,Cairo,0,9077,3902.0
Cairo_y2020.tif,276,0.8478260869565217,0.28065217391304353,Cairo,1,9078,3902.0
Cairo_y2020.tif,298,0.959731543624161,0.318020134228188,Cairo,1,9082,3902.0
Cairo_y2020.tif,1721,0.2969203951191168,0.15878558977338755,Cairo,0,8993,3902.0
Cairo_y2020.tif,627,0.0,0.1267384370015949,Cairo,0,8983,3902.0
Cairo_y2020.tif,436,0.0,0.04985091743119266,Cairo,0,8986,3902.0
Cairo_y2020.tif,968,0.0,0.07255681818181818,Cairo,0,9044,3902.0
Cairo_y2020.tif,8668,0.002076603599446239,0.044633710198431015,Cairo,0,9349,3902.0
Cairo_y2020.tif,4590,0.0008714596949891067,0.04354139433551198,Cairo,0,9392,3902.0
Cairo_y2020.tif,655,0.0,0.031526717557251914,Cairo,0,9668,3902.0
Cairo_y2020.tif,625,0.0,0.02376,Cairo,0,9676,3902.0
Cairo_y2020.tif,134,0.9701492537313433,0.3358955223880597,Cairo,1,9423,3902.0
Cairo_y2020.tif,206,0.9466019417475728,0.3905582524271845,Cairo,0,9505,3902.0
Cairo_y2020.tif,159,0.4716981132075472,0.2388364779874214,Cairo,1,9161,3902.0
Cairo_y2020.tif,1554,0.01287001287001287,0.055994208494208504,Cairo,0,9199,3902.0
Cairo_y2020.tif,344,0.9738372093023255,0.41050872093023255,Cairo,1,9434,3902.0
Cairo_y2020.tif,340,0.9941176470588236,0.42666176470588235,Cairo,1,9433,3902.0
Cairo_y2020.tif,429,1.0,0.426946386946387,Cairo,1,9431,3902.0
Cairo_y2020.tif,755,0.9112582781456954,0.35802649006622517,Cairo,1,9445,3902.0
Cairo_y2020.tif,400,0.955,0.31575,Cairo,1,9447,3902.0
Cairo_y2020.tif,285,0.968421052631579,0.3938771929824561,Cairo,1,9440,3902.0
Cairo_y2020.tif,359,0.9275766016713092,0.4002367688022284,Cairo,1,9439,3902.0
Cairo_y2020.tif,379,0.9472295514511874,0.4104617414248022,Cairo,1,9437,3902.0
Cairo_y2020.tif,503,0.06560636182902585,0.14934393638170976,Cairo,0,9108,3902.0
Cairo_y2020.tif,557,1.0,0.42834829443447037,Cairo,1,9430,3902.0
Cairo_y2020.tif,487,1.0,0.4274024640657084,Cairo,1,9429,3902.0
Cairo_y2020.tif,331,1.0,0.42477341389728096,Cairo,1,9428,3902.0
Cairo_y2020.tif,385,1.0,0.42050649350649344,Cairo,1,9427,3902.0
Cairo_y2020.tif,608,0.9851973684210527,0.38738486842105263,Cairo,1,9426,3902.0
Cairo_y2020.tif,366,1.0,0.40142076502732243,Cairo,1,9425,3902.0
Cairo_y2020.tif,372,0.9381720430107527,0.36202956989247315,Cairo,1,9424,3902.0
Cairo_y2020.tif,2840,0.23838028169014083,0.1305862676056338,Cairo,0,9543,3902.0
Cairo_y2020.tif,770,0.7779220779220779,0.305974025974026,Cairo,1,9550,3902.0
Cairo_y2020.tif,158,0.9746835443037974,0.3852848101265823,Cairo,1,9493,3902.0
Cairo_y2020.tif,416,0.6778846153846154,0.2664182692307693,Cairo,1,9461,3902.0
Cairo_y2020.tif,379,0.9656992084432717,0.4037862796833774,Cairo,0,9588,3902.0
Cairo_y2020.tif,546,0.9560439560439561,0.3893864468864469,Cairo,0,9704,3902.0
Cairo_y2020.tif,99,1.0,0.42207070707070704,Cairo,1,9528,3902.0
Cairo_y2020.tif,278,0.9892086330935251,0.41183453237410067,Cairo,1,9694,3902.0
Cairo_y2020.tif,576,0.9965277777777778,0.414375,Cairo,1,9707,3902.0
Cairo_y2020.tif,138,1.0,0.4248913043478261,Cairo,1,9603,3902.0
Cairo_y2020.tif,92,1.0,0.43489130434782614,Cairo,1,9618,3902.0
Cairo_y2020.tif,220,1.0,0.41322727272727267,Cairo,1,9706,3902.0
Cairo_y2020.tif,868,0.010368663594470046,0.10544930875576038,Cairo,0,8610,3902.0
Cairo_y2020.tif,860,0.6011627906976744,0.2694883720930233,Cairo,0,8642,3902.0
Cairo_y2020.tif,742,0.0,0.13997978436657682,Cairo,0,8687,3902.0
Cairo_y2020.tif,533,0.0,0.07184803001876174,Cairo,0,8710,3902.0
Cairo_y2020.tif,3595,0.017246175243393603,0.09991237830319889,Cairo,1,8795,3902.0
Cairo_y2020.tif,669,0.0,0.06594170403587443,Cairo,1,8742,3902.0
Cairo_y2020.tif,1047,0.0,0.07008595988538681,Cairo,0,8803,3902.0
Cairo_y2020.tif,6641,0.10359885559403705,0.10865758168950458,Cairo,0,8911,3902.0
Cairo_y2020.tif,298,0.08053691275167785,0.1915939597315436,Cairo,1,8812,3902.0
Cairo_y2020.tif,258,0.13953488372093023,0.19042635658914728,Cairo,0,8825,3902.0
Cairo_y2020.tif,1863,0.0,0.03298443370907139,Cairo,0,8853,3902.0
Cairo_y2020.tif,1571,0.10630171865054105,0.16954487587523873,Cairo,0,8826,3902.0
Cairo_y2020.tif,944,0.04343220338983051,0.16345868644067799,Cairo,0,8807,3902.0
Cairo_y2020.tif,1036,0.004826254826254826,0.14250482625482627,Cairo,0,8888,3902.0
Cairo_y2020.tif,14950,0.0,0.0025836120401337794,Cairo,0,9499,3902.0
Cairo_y2020.tif,539,0.0,0.08798701298701299,Cairo,1,8923,3902.0
Cairo_y2020.tif,1614,0.0,0.01913258983890954,Cairo,0,9013,3902.0
Cairo_y2020.tif,260,0.9846153846153847,0.34021153846153845,Cairo,0,9033,3902.0
Cairo_y2020.tif,9803,0.10782413546873407,0.09190400897684384,Cairo,0,9236,3902.0
Cairo_y2020.tif,842,0.9002375296912114,0.337458432304038,Cairo,0,9054,3902.0
Cairo_y2020.tif,1306,0.0,0.04072741194486983,Cairo,0,8878,3902.0
Cairo_y2020.tif,972,0.0,0.024007201646090538,Cairo,0,8956,3902.0
Cairo_y2020.tif,25189,0.0,0.014669101591964748,Cairo,0,9476,3902.0
Cairo_y2020.tif,1713,0.0,0.03795096322241682,Cairo,0,9001,3902.0
Cairo_y2020.tif,2238,0.0,0.06474084003574619,Cairo,0,9021,3902.0
Cairo_y2020.tif,2883,0.0,0.03563995837669095,Cairo,0,9019,3902.0
Cairo_y2020.tif,973,0.7923946557040082,0.28094552929085304,Cairo,1,9086,3902.0
Cairo_y2020.tif,6918,0.0011564035848511131,0.02006215669268575,Cairo,0,9575,3902.0
Cairo_y2020.tif,827,0.0,0.01615477629987908,Cairo,0,9143,3902.0
Cairo_y2020.tif,292,1.0,0.428972602739726,Cairo,1,9113,3902.0
Cairo_y2020.tif,310,0.05806451612903226,0.1965806451612903,Cairo,0,8850,3902.0
Cairo_y2020.tif,746,0.05093833780160858,0.19955764075067026,Cairo,1,8894,3902.0
Cairo_y2020.tif,379,0.3482849604221636,0.21013192612137208,Cairo,1,8952,3902.0
Cairo_y2020.tif,1208,0.7475165562913907,0.2698013245033113,Cairo,0,8967,3902.0
Cairo_y2020.tif,728,0.27884615384615385,0.2373695054945055,Cairo,1,8997,3902.0
Cairo_y2020.tif,817,0.8580171358629131,0.33516523867809056,Cairo,1,8992,3902.0
Cairo_y2020.tif,343,0.14285714285714285,0.19323615160349855,Cairo,1,8957,3902.0
Cairo_y2020.tif,406,1.0,0.32610837438423645,Cairo,1,9037,3902.0
Cairo_y2020.tif,445,0.9056179775280899,0.29137078651685394,Cairo,1,9046,3902.0
Cairo_y2020.tif,197,1.0,0.322994923857868,Cairo,1,9020,3902.0
Cairo_y2020.tif,540,0.0,0.030842592592592595,Cairo,0,9051,3902.0
Cairo_y2020.tif,2875,0.3540869565217391,0.20757739130434785,Cairo,1,9112,3902.0
Cairo_y2020.tif,1069,0.8971000935453695,0.375645463049579,Cairo,1,9072,3902.0
Cairo_y2020.tif,437,0.0,0.046109839816933645,Cairo,0,9103,3902.0
Cairo_y2020.tif,370,0.46216216216216216,0.24124324324324323,Cairo,1,9114,3902.0
Cairo_y2020.tif,1977,0.05918057663125948,0.11924886191198786,Cairo,0,9207,3902.0
Cairo_y2020.tif,188,0.0,0.04582446808510639,Cairo,0,9175,3902.0
Cairo_y2020.tif,325,0.0,0.05701538461538462,Cairo,1,9141,3902.0
Cairo_y2020.tif,472,0.0,0.0698199152542373,Cairo,0,9220,3902.0
Cairo_y2020.tif,549,0.04007285974499089,0.09324225865209472,Cairo,0,9176,3902.0
Cairo_y2020.tif,724,0.8591160220994475,0.25782458563535915,Cairo,1,9050,3902.0
Cairo_y2020.tif,450,0.9422222222222222,0.35515555555555556,Cairo,1,9053,3902.0
Cairo_y2020.tif,302,0.9801324503311258,0.3260430463576159,Cairo,1,9060,3902.0
Cairo_y2020.tif,549,1.0,0.4079417122040073,Cairo,1,9079,3902.0
Cairo_y2020.tif,552,0.5036231884057971,0.2526177536231884,Cairo,0,9121,3902.0
Cairo_y2020.tif,850,0.9952941176470588,0.37091176470588233,Cairo,1,9151,3902.0
Cairo_y2020.tif,1498,0.33511348464619495,0.2018691588785047,Cairo,0,9195,3902.0
Cairo_y2020.tif,247,0.2631578947368421,0.24445344129554658,Cairo,1,9156,3902.0
Cairo_y2020.tif,1530,0.7254901960784313,0.2791797385620915,Cairo,1,9226,3902.0
Cairo_y2020.tif,287,0.8222996515679443,0.3139198606271777,Cairo,1,9221,3902.0
Cairo_y2020.tif,424,0.9575471698113207,0.3622169811320755,Cairo,0,9100,3902.0
Cairo_y2020.tif,1034,0.16247582205029013,0.17361218568665376,Cairo,1,9140,3902.0
Cairo_y2020.tif,4460,0.10224215246636771,0.08127354260089686,Cairo,0,9302,3902.0
Cairo_y2020.tif,682,0.7683284457478006,0.33582111436950146,Cairo,1,9197,3902.0
Cairo_y2020.tif,236,0.5889830508474576,0.24434322033898304,Cairo,1,9217,3902.0
Cairo_y2020.tif,5337,0.47667228780213605,0.2034766722878021,Cairo,0,9448,3902.0
Cairo_y2020.tif,3596,0.19771968854282537,0.12552002224694106,Cairo,0,9412,3902.0
Cairo_y2020.tif,427,0.20843091334894615,0.19573770491803283,Cairo,0,9438,3902.0
Cairo_y2020.tif,368,1.0,0.39546195652173916,Cairo,1,9341,3902.0
Cairo_y2020.tif,1122,1.0,0.40528966131907307,Cairo,1,9458,3902.0
Cairo_y2020.tif,655,0.8824427480916031,0.37363358778625955,Cairo,1,9214,3902.0
Cairo_y2020.tif,410,0.5073170731707317,0.2898536585365854,Cairo,1,9264,3902.0
Cairo_y2020.tif,392,0.0,0.05734693877551021,Cairo,0,9230,3902.0
Cairo_y2020.tif,591,0.025380710659898477,0.10104060913705584,Cairo,0,9259,3902.0
Cairo_y2020.tif,340,0.0,0.09597058823529413,Cairo,1,9242,3902.0
Cairo_y2020.tif,362,0.0,0.07596685082872928,Cairo,0,9274,3902.0
Cairo_y2020.tif,309,0.0,0.031957928802589,Cairo,0,9296,3902.0
Cairo_y2020.tif,242,0.0,0.1065909090909091,Cairo,0,9303,3902.0
Cairo_y2020.tif,458,0.0,0.06888646288209607,Cairo,1,9301,3902.0
Cairo_y2020.tif,689,0.00725689404934688,0.12543541364296082,Cairo,1,9345,3902.0
Cairo_y2020.tif,598,0.4498327759197324,0.2642558528428094,Cairo,1,9229,3902.0
Cairo_y2020.tif,1327,0.5214770158251696,0.2201883948756594,Cairo,1,9281,3902.0
Cairo_y2020.tif,356,0.10674157303370786,0.19122191011235956,Cairo,1,9268,3902.0
Cairo_y2020.tif,426,0.8497652582159625,0.313943661971831,Cairo,1,9285,3902.0
Cairo_y2020.tif,609,0.03940886699507389,0.16541871921182266,Cairo,1,9279,3902.0
Cairo_y2020.tif,659,0.7526555386949925,0.2686874051593323,Cairo,0,9318,3902.0
Cairo_y2020.tif,700,0.8157142857142857,0.29304285714285716,Cairo,1,9323,3902.0
Cairo_y2020.tif,423,0.0,0.0718321513002364,Cairo,1,9328,3902.0
Cairo_y2020.tif,495,0.0,0.09891919191919192,Cairo,1,9358,3902.0
Cairo_y2020.tif,542,0.9464944649446494,0.32891143911439114,Cairo,1,9363,3902.0
Cairo_y2020.tif,477,0.0,0.04744234800838575,Cairo,0,9353,3902.0
Cairo_y2020.tif,388,0.0,0.02804123711340207,Cairo,1,9334,3902.0
Cairo_y2020.tif,246,0.0,0.05617886178861789,Cairo,1,9317,3902.0
Cairo_y2020.tif,229,0.0,0.11585152838427948,Cairo,1,9384,3902.0
Cairo_y2020.tif,1348,0.03635014836795252,0.11142433234421364,Cairo,0,9457,3902.0
Cairo_y2020.tif,256,0.0,0.02517578125,Cairo,1,9444,3902.0
Cairo_y2020.tif,2046,0.0,0.05061827956989247,Cairo,0,9551,3902.0
Cairo_y2020.tif,481,0.002079002079002079,0.06737006237006238,Cairo,0,9510,3902.0
Cairo_y2020.tif,405,0.0,0.11911111111111111,Cairo,0,9500,3902.0
Cairo_y2020.tif,393,0.022900763358778626,0.17772264631043258,Cairo,1,9498,3902.0
Cairo_y2020.tif,635,0.0,0.032543307086614175,Cairo,0,8765,3902.0
Cairo_y2020.tif,1525,0.0,0.041954098360655744,Cairo,0,8777,3902.0
Cairo_y2020.tif,406,0.0,0.04259852216748769,Cairo,0,8801,3902.0
Cairo_y2020.tif,1820,0.02032967032967033,0.03556593406593407,Cairo,0,8905,3902.0
Cairo_y2020.tif,694,0.07204610951008646,0.07243515850144093,Cairo,0,8933,3902.0
Cairo_y2020.tif,692,0.0,0.05517341040462428,Cairo,0,8953,3902.0
Cairo_y2020.tif,6197,0.3859932225270292,0.17377279328707437,Cairo,0,9105,3902.0
Cairo_y2020.tif,477,1.0,0.39746331236897275,Cairo,1,9056,3902.0
Cairo_y2020.tif,246,1.0,0.37502032520325207,Cairo,1,9062,3902.0
Cairo_y2020.tif,169,1.0,0.41618343195266266,Cairo,1,9064,3902.0
Cairo_y2020.tif,284,0.0,0.037024647887323944,Cairo,0,8929,3902.0
Cairo_y2020.tif,301,0.0,0.01712624584717608,Cairo,0,8931,3902.0
Cairo_y2020.tif,480,0.0,0.030541666666666675,Cairo,0,8961,3902.0
Cairo_y2020.tif,628,0.0,0.048511146496815295,Cairo,1,8987,3902.0
Cairo_y2020.tif,1225,0.0,0.017636734693877554,Cairo,0,9041,3902.0
Cairo_y2020.tif,638,0.0,0.01995297805642633,Cairo,0,9007,3902.0
Cairo_y2020.tif,417,0.0,0.030191846522781778,Cairo,0,9042,3902.0
Cairo_y2020.tif,677,0.0,0.024298375184638107,Cairo,0,9057,3902.0
Cairo_y2020.tif,561,0.0,0.03457219251336898,Cairo,0,9092,3902.0
Cairo_y2020.tif,786,0.5114503816793893,0.252410941475827,Cairo,1,9170,3902.0
Cairo_y2020.tif,579,0.5768566493955095,0.2820552677029361,Cairo,1,9080,3902.0
Cairo_y2020.tif,420,1.0,0.42201190476190475,Cairo,1,9074,3902.0
Cairo_y2020.tif,755,0.5682119205298013,0.2515827814569536,Cairo,1,9120,3902.0
Cairo_y2020.tif,135,1.0,0.43577777777777776,Cairo,1,9095,3902.0
Cairo_y2020.tif,622,0.18006430868167203,0.21161575562700966,Cairo,0,9093,3902.0
Cairo_y2020.tif,287,0.6306620209059234,0.26735191637630656,Cairo,1,9119,3902.0
Cairo_y2020.tif,198,1.0,0.43161616161616156,Cairo,1,9115,3902.0
Cairo_y2020.tif,125,1.0,0.43884,Cairo,1,9129,3902.0
Cairo_y2020.tif,245,1.0,0.4506530612244899,Cairo,1,9124,3902.0
Cairo_y2020.tif,324,0.5771604938271605,0.27222222222222225,Cairo,1,9149,3902.0
Cairo_y2020.tif,126,1.0,0.36634920634920637,Cairo,1,9150,3902.0
Cairo_y2020.tif,289,1.0,0.44219723183391,Cairo,1,9169,3902.0
Cairo_y2020.tif,126,0.0,0.19968253968253966,Cairo,1,9179,3902.0
Cairo_y2020.tif,224,0.5848214285714286,0.28421874999999996,Cairo,1,9181,3902.0
Cairo_y2020.tif,130,1.0,0.40076923076923077,Cairo,1,9182,3902.0
Cairo_y2020.tif,162,0.04938271604938271,0.1970061728395062,Cairo,1,9196,3902.0
Cairo_y2020.tif,787,0.9949174078780177,0.41249682337992377,Cairo,1,9209,3902.0
Cairo_y2020.tif,485,1.0,0.4127216494845361,Cairo,1,9250,3902.0
Cairo_y2020.tif,236,1.0,0.4148305084745763,Cairo,1,9224,3902.0
Cairo_y2020.tif,202,0.16336633663366337,0.21762376237623762,Cairo,1,9213,3902.0
Cairo_y2020.tif,307,0.8957654723127035,0.3441205211726384,Cairo,1,9101,3902.0
Cairo_y2020.tif,158,1.0,0.41857594936708853,Cairo,1,9139,3902.0
Cairo_y2020.tif,201,1.0,0.4463930348258706,Cairo,1,9145,3902.0
Cairo_y2020.tif,372,0.9543010752688172,0.3808736559139785,Cairo,1,9191,3902.0
Cairo_y2020.tif,253,1.0,0.42774703557312255,Cairo,1,9200,3902.0
Cairo_y2020.tif,366,0.9562841530054644,0.367568306010929,Cairo,1,9223,3902.0
Cairo_y2020.tif,222,0.6216216216216216,0.3001576576576576,Cairo,1,9228,3902.0
Cairo_y2020.tif,393,1.0,0.37403307888040704,Cairo,1,9276,3902.0
Cairo_y2020.tif,695,0.9985611510791367,0.3547194244604317,Cairo,1,9306,3902.0
Cairo_y2020.tif,615,0.8536585365853658,0.3052682926829268,Cairo,1,9312,3902.0
Cairo_y2020.tif,453,0.0684326710816777,0.20951434878587197,Cairo,1,9131,3902.0
Cairo_y2020.tif,563,1.0,0.3827886323268206,Cairo,1,9211,3902.0
Cairo_y2020.tif,299,0.9632107023411371,0.3471739130434783,Cairo,1,9244,3902.0
Cairo_y2020.tif,331,1.0,0.40060422960725084,Cairo,1,9225,3902.0
Cairo_y2020.tif,201,1.0,0.40293532338308463,Cairo,1,9245,3902.0
Cairo_y2020.tif,167,1.0,0.41443113772455087,Cairo,1,9270,3902.0
Cairo_y2020.tif,223,1.0,0.4110538116591928,Cairo,1,9288,3902.0
Cairo_y2020.tif,433,0.7713625866050808,0.3185565819861432,Cairo,1,9299,3902.0
Cairo_y2020.tif,157,0.9936305732484076,0.35375796178343943,Cairo,1,9287,3902.0
Cairo_y2020.tif,372,0.3387096774193548,0.22581989247311832,Cairo,1,9293,3902.0
Cairo_y2020.tif,212,0.9716981132075472,0.33695754716981136,Cairo,1,9192,3902.0
Cairo_y2020.tif,135,1.0,0.40703703703703703,Cairo,1,9216,3902.0
Cairo_y2020.tif,213,0.4460093896713615,0.24220657276995305,Cairo,0,9265,3902.0
Cairo_y2020.tif,219,0.9908675799086758,0.3426255707762558,Cairo,1,9233,3902.0
Cairo_y2020.tif,148,0.08783783783783784,0.2110810810810811,Cairo,0,9260,3902.0
Cairo_y2020.tif,217,0.20276497695852536,0.2462442396313364,Cairo,1,9234,3902.0
Cairo_y2020.tif,191,0.9895287958115183,0.34900523560209423,Cairo,1,9275,3902.0
Cairo_y2020.tif,222,0.46396396396396394,0.2253153153153153,Cairo,1,9282,3902.0
Cairo_y2020.tif,249,0.2891566265060241,0.20046184738955822,Cairo,1,9294,3902.0
Cairo_y2020.tif,318,0.5,0.27358490566037735,Cairo,1,9307,3902.0
Cairo_y2020.tif,387,0.0,0.08242894056847545,Cairo,0,9089,3902.0
Cairo_y2020.tif,467,0.0,0.042612419700214135,Cairo,0,9122,3902.0
Cairo_y2020.tif,687,0.0,0.08675400291120816,Cairo,0,9136,3902.0
Cairo_y2020.tif,467,0.0,0.024111349036402573,Cairo,0,9162,3902.0
Cairo_y2020.tif,297,0.0,0.03271043771043771,Cairo,1,9152,3902.0
Cairo_y2020.tif,1050,0.0,0.0677952380952381,Cairo,0,9206,3902.0
Cairo_y2020.tif,98,0.05102040816326531,0.22443877551020414,Cairo,1,9347,3902.0
Cairo_y2020.tif,94,0.22340425531914893,0.2650531914893617,Cairo,1,9369,3902.0
Cairo_y2020.tif,218,0.9311926605504587,0.3235321100917431,Cairo,1,9379,3902.0
Cairo_y2020.tif,612,0.369281045751634,0.2507843137254902,Cairo,1,9556,3902.0
Cairo_y2020.tif,136,0.0,0.10077205882352942,Cairo,1,9284,3902.0
Cairo_y2020.tif,275,0.37454545454545457,0.24265454545454546,Cairo,1,9266,3902.0
Cairo_y2020.tif,176,0.0,0.1199147727272727,Cairo,0,9300,3902.0
Cairo_y2020.tif,215,0.10232558139534884,0.18641860465116275,Cairo,1,9325,3902.0
Cairo_y2020.tif,142,0.0,0.05323943661971832,Cairo,0,9333,3902.0
Cairo_y2020.tif,190,0.0,0.09668421052631578,Cairo,1,9338,3902.0
Cairo_y2020.tif,266,0.018796992481203006,0.17620300751879697,Cairo,0,9354,3902.0
Cairo_y2020.tif,428,0.035046728971962614,0.10225467289719628,Cairo,0,9491,3902.0
Cairo_y2020.tif,688,0.03488372093023256,0.10713662790697676,Cairo,0,9380,3902.0
Cairo_y2020.tif,589,0.9592529711375212,0.37433786078098474,Cairo,1,9371,3902.0
Cairo_y2020.tif,365,0.10684931506849316,0.17278082191780822,Cairo,0,9262,3902.0
Cairo_y2020.tif,162,1.0,0.36768518518518517,Cairo,1,9316,3902.0
Cairo_y2020.tif,232,0.0,0.11170258620689655,Cairo,1,9308,3902.0
Cairo_y2020.tif,363,0.6694214876033058,0.2734435261707989,Cairo,1,9335,3902.0
Cairo_y2020.tif,246,0.2073170731707317,0.2168089430894309,Cairo,1,9324,3902.0
Cairo_y2020.tif,227,0.7797356828193832,0.3053303964757709,Cairo,1,9343,3902.0
Cairo_y2020.tif,946,0.9788583509513742,0.3285940803382664,Cairo,0,9417,3902.0
Cairo_y2020.tif,242,0.01652892561983471,0.17477272727272727,Cairo,1,9373,3902.0
Cairo_y2020.tif,181,0.0,0.13256906077348066,Cairo,1,9374,3902.0
Cairo_y2020.tif,771,0.16990920881971466,0.11530479896238652,Cairo,0,9467,3902.0
Cairo_y2020.tif,665,0.0,0.11942857142857143,Cairo,0,9239,3902.0
Cairo_y2020.tif,599,0.0,0.09169449081803005,Cairo,1,9243,3902.0
Cairo_y2020.tif,659,0.0,0.07996965098634295,Cairo,1,9246,3902.0
Cairo_y2020.tif,543,0.0,0.07285451197053408,Cairo,0,9248,3902.0
Cairo_y2020.tif,772,0.06865284974093264,0.13483160621761658,Cairo,0,9277,3902.0
Cairo_y2020.tif,595,0.09747899159663866,0.13734453781512604,Cairo,1,9283,3902.0
Cairo_y2020.tif,770,0.08051948051948052,0.14614285714285716,Cairo,1,9286,3902.0
Cairo_y2020.tif,1078,0.12059369202226346,0.1327365491651206,Cairo,1,9291,3902.0
Cairo_y2020.tif,2198,0.13193812556869883,0.09703139217470427,Cairo,0,9311,3902.0
Cairo_y2020.tif,2528,0.14200949367088608,0.07948971518987341,Cairo,0,9322,3902.0
Cairo_y2020.tif,647,0.33384853168469864,0.18821483771251932,Cairo,1,9339,3902.0
Cairo_y2020.tif,4011,0.2081775118424333,0.09454126153079032,Cairo,0,9350,3902.0
Cairo_y2020.tif,832,0.36658653846153844,0.20667668269230768,Cairo,0,9337,3902.0
Cairo_y2020.tif,389,0.493573264781491,0.19796915167095117,Cairo,0,9356,3902.0
Cairo_y2020.tif,311,0.2508038585209003,0.16956591639871385,Cairo,1,9360,3902.0
Cairo_y2020.tif,276,0.21014492753623187,0.15677536231884057,Cairo,1,9364,3902.0
Cairo_y2020.tif,264,0.21212121212121213,0.16367424242424242,Cairo,1,9370,3902.0
Cairo_y2020.tif,268,0.13805970149253732,0.15223880597014924,Cairo,1,9378,3902.0
Cairo_y2020.tif,639,0.025039123630672927,0.11172926447574334,Cairo,1,9390,3902.0
Cairo_y2020.tif,328,0.0,0.07440548780487805,Cairo,0,9399,3902.0
Cairo_y2020.tif,328,0.6128048780487805,0.28989329268292685,Cairo,1,9205,3902.0
Cairo_y2020.tif,582,0.563573883161512,0.2797079037800687,Cairo,1,9215,3902.0
Cairo_y2020.tif,536,0.9253731343283582,0.3651772388059702,Cairo,0,9180,3902.0
Cairo_y2020.tif,621,0.6376811594202898,0.22861513687600643,Cairo,1,9153,3902.0
Cairo_y2020.tif,346,0.49710982658959535,0.2889450867052023,Cairo,0,9189,3902.0
Cairo_y2020.tif,383,1.0,0.37655352480417764,Cairo,1,9315,3902.0
Cairo_y2020.tif,239,0.9456066945606695,0.3696652719665272,Cairo,1,9319,3902.0
Cairo_y2020.tif,684,0.9766081871345029,0.3467909356725146,Cairo,1,9573,3902.0
Cairo_y2020.tif,1082,1.0,0.38121072088724584,Cairo,1,9609,3902.0
Cairo_y2020.tif,884,0.9502262443438914,0.3561990950226244,Cairo,1,9635,3902.0
Cairo_y2020.tif,710,0.704225352112676,0.285943661971831,Cairo,1,9557,3902.0
Cairo_y2020.tif,539,0.6901669758812616,0.30708719851576993,Cairo,1,9594,3902.0
Cairo_y2020.tif,484,1.0,0.3852789256198347,Cairo,1,9583,3902.0
Cairo_y2020.tif,637,0.7299843014128728,0.29660910518053374,Cairo,1,9655,3902.0
Cairo_y2020.tif,560,0.6196428571428572,0.29261607142857143,Cairo,1,9620,3902.0
Cairo_y2020.tif,799,0.6057571964956195,0.2929036295369212,Cairo,1,9660,3902.0
Cairo_y2020.tif,621,0.5780998389694042,0.29337359098228666,Cairo,1,9646,3902.0
Cairo_y2020.tif,611,0.5793780687397708,0.29321603927986906,Cairo,1,9667,3902.0
Cairo_y2020.tif,859,0.5436554132712457,0.2863678696158324,Cairo,1,9673,3902.0
Cairo_y2020.tif,808,0.14975247524752475,0.15846534653465347,Cairo,0,9512,3902.0
Cairo_y2020.tif,304,0.0,0.03554276315789474,Cairo,1,9253,3902.0
Cairo_y2020.tif,900,0.014444444444444444,0.08521666666666666,Cairo,0,9272,3902.0
Cairo_y2020.tif,742,0.1105121293800539,0.148989218328841,Cairo,0,9459,3902.0
Cairo_y2020.tif,384,0.0,0.05446614583333334,Cairo,0,9470,3902.0
Cairo_y2020.tif,1008,0.021825396825396824,0.10908730158730158,Cairo,0,9779,3902.0
Cairo_y2020.tif,493,0.6957403651115619,0.3072718052738337,Cairo,1,9719,3902.0
Cairo_y2020.tif,6379,0.06364633955165386,0.08137952657156294,Cairo,0,9898,3902.0
Cairo_y2020.tif,637,0.0031397174254317113,0.13910518053375193,Cairo,1,9794,3902.0
Cairo_y2020.tif,905,0.4243093922651934,0.2191546961325967,Cairo,1,9915,3902.0
Cairo_y2020.tif,704,0.4119318181818182,0.24287642045454547,Cairo,1,9923,3902.0
Cairo_y2020.tif,340,0.0,0.08870588235294119,Cairo,0,9403,3902.0
Cairo_y2020.tif,440,0.031818181818181815,0.09569318181818183,Cairo,1,9406,3902.0
Cairo_y2020.tif,1377,0.08278867102396514,0.085359477124183,Cairo,0,9452,3902.0
Cairo_y2020.tif,351,0.4700854700854701,0.20844729344729346,Cairo,0,9462,3902.0
Cairo_y2020.tif,338,0.7692307692307693,0.2831952662721893,Cairo,1,9473,3902.0
Cairo_y2020.tif,420,0.9166666666666666,0.32165476190476194,Cairo,0,9483,3902.0
Cairo_y2020.tif,438,0.9840182648401826,0.34922374429223746,Cairo,0,9492,3902.0
Cairo_y2020.tif,980,0.9897959183673469,0.37039795918367346,Cairo,0,9503,3902.0
Cairo_y2020.tif,556,0.22302158273381295,0.16569244604316546,Cairo,0,9542,3902.0
Cairo_y2020.tif,392,0.5790816326530612,0.2353061224489796,Cairo,0,9674,3902.0
Cairo_y2020.tif,537,0.8286778398510242,0.3199348230912477,Cairo,1,9559,3902.0
Cairo_y2020.tif,331,0.851963746223565,0.345785498489426,Cairo,1,9432,3902.0
Cairo_y2020.tif,348,0.9942528735632183,0.41581896551724135,Cairo,1,9443,3902.0
Cairo_y2020.tif,390,0.9743589743589743,0.4230769230769231,Cairo,1,9446,3902.0
Cairo_y2020.tif,84,1.0,0.3655952380952381,Cairo,1,9442,3902.0
Cairo_y2020.tif,804,0.041044776119402986,0.08483208955223882,Cairo,1,9953,3902.0
Cairo_y2020.tif,516,0.6608527131782945,0.24562984496124032,Cairo,0,9544,3902.0
Cairo_y2020.tif,1675,0.46507462686567164,0.20595223880597016,Cairo,0,9744,3902.0
Cairo_y2020.tif,1061,0.7313854853911405,0.2858812441093308,Cairo,0,9664,3902.0
Cairo_y2020.tif,338,0.07988165680473373,0.1899112426035503,Cairo,1,9857,3902.0
Cairo_y2020.tif,622,0.4903536977491961,0.25590032154340836,Cairo,1,9935,3902.0
Cairo_y2020.tif,615,0.5073170731707317,0.2743821138211382,Cairo,1,9945,3902.0
Cairo_y2020.tif,884,0.4671945701357466,0.2699830316742082,Cairo,1,9966,3902.0
Cairo_y2020.tif,689,0.444121915820029,0.26322206095791,Cairo,1,9985,3902.0
Cairo_y2020.tif,1211,0.6044591246903386,0.25145334434351774,Cairo,0,10019,3902.0
Cairo_y2020.tif,285,0.32280701754385965,0.20671929824561402,Cairo,1,9995,3902.0
Cairo_y2020.tif,341,0.4252199413489736,0.22565982404692084,Cairo,1,10064,3902.0
Cairo_y2020.tif,334,0.04790419161676647,0.1468862275449102,Cairo,0,10218,3902.0
Cairo_y2020.tif,359,0.005571030640668524,0.13483286908077996,Cairo,0,10212,3902.0
Cairo_y2020.tif,973,0.131551901336074,0.158016443987667,Cairo,0,10199,3902.0
Cairo_y2020.tif,509,0.9705304518664047,0.36906679764243616,Cairo,1,9621,3902.0
Cairo_y2020.tif,548,0.6295620437956204,0.2744251824817518,Cairo,1,9648,3902.0
Cairo_y2020.tif,447,0.0,0.04282997762863535,Cairo,0,9699,3902.0
Cairo_y2020.tif,813,0.28044280442804426,0.17834563345633456,Cairo,0,9763,3902.0
Cairo_y2020.tif,712,0.019662921348314606,0.09220505617977529,Cairo,0,9782,3902.0
Cairo_y2020.tif,662,0.07401812688821752,0.14148036253776433,Cairo,1,9843,3902.0
Cairo_y2020.tif,566,0.0,0.07095406360424028,Cairo,0,9806,3902.0
Cairo_y2020.tif,907,0.2932745314222712,0.16792723263506065,Cairo,0,10214,3902.0
Cairo_y2020.tif,743,0.17900403768506057,0.220349932705249,Cairo,1,10262,3902.0
Cairo_y2020.tif,446,0.17937219730941703,0.23547085201793724,Cairo,1,10260,3902.0
Cairo_y2020.tif,147,0.027210884353741496,0.1739795918367347,Cairo,1,9735,3902.0
Cairo_y2020.tif,743,0.3768506056527591,0.19053835800807536,Cairo,1,9885,3902.0
Cairo_y2020.tif,209,0.004784688995215311,0.0969377990430622,Cairo,1,9930,3902.0
Cairo_y2020.tif,187,0.0,0.10834224598930481,Cairo,1,9928,3902.0
Cairo_y2020.tif,113,0.25663716814159293,0.18553097345132744,Cairo,1,9917,3902.0
Cairo_y2020.tif,416,0.0,0.07477163461538462,Cairo,0,9940,3902.0
Cairo_y2020.tif,737,0.23744911804613297,0.12600407055630938,Cairo,0,10024,3902.0
Cairo_y2020.tif,311,0.2282958199356913,0.17181672025723474,Cairo,1,10039,3902.0
Cairo_y2020.tif,668,0.0688622754491018,0.1197305389221557,Cairo,0,10044,3902.0
Cairo_y2020.tif,487,0.0,0.07017453798767967,Cairo,0,9979,3902.0
Cairo_y2020.tif,42241,0.007007409862455908,0.006037262375417249,Cairo,0,1577,3902.0
Cairo_y2020.tif,14635,0.0,9.121967885206696e-05,Cairo,0,1627,3902.0
Cairo_y2020.tif,3367,0.000297000297000297,0.017965547965547963,Cairo,0,1641,3902.0
Cairo_y2020.tif,5574,0.5457481162540366,0.21924829565841408,Cairo,0,1660,3902.0
Cairo_y2020.tif,21840,4.578754578754579e-05,0.007817765567765568,Cairo,0,1614,3902.0
Cairo_y2020.tif,1790,0.13631284916201117,0.10234357541899441,Cairo,0,1741,3902.0
Cairo_y2020.tif,913,0.0,0.04153340635268346,Cairo,0,1755,3902.0
Cairo_y2020.tif,394063,0.01931670824208312,0.019238636969215583,Cairo,0,3549,3902.0
Cairo_y2020.tif,11445,0.2563564875491481,0.12051987767584096,Cairo,0,3123,3902.0
Cairo_y2020.tif,692,0.09393063583815028,0.06726878612716762,Cairo,0,3149,3902.0
Cairo_y2020.tif,1002,0.9141716566866267,0.3044161676646706,Cairo,0,1730,3902.0
Cairo_y2020.tif,975,0.9671794871794872,0.28960512820512824,Cairo,0,1736,3902.0
Cairo_y2020.tif,1698,0.1354534746760895,0.08272968197879858,Cairo,0,1744,3902.0
Cairo_y2020.tif,1569,0.035691523263224986,0.07055130656469089,Cairo,0,1751,3902.0
Cairo_y2020.tif,2297,0.10317805833696125,0.08593600348280366,Cairo,0,1746,3902.0
Cairo_y2020.tif,1548,0.06201550387596899,0.11269702842377262,Cairo,0,1742,3902.0
Cairo_y2020.tif,1137,0.0,0.031389621811785395,Cairo,0,1753,3902.0
Cairo_y2020.tif,944,0.2521186440677966,0.16073622881355934,Cairo,0,1743,3902.0
Cairo_y2020.tif,1055,0.0,0.03020379146919432,Cairo,0,1754,3902.0
Cairo_y2020.tif,2226,0.3858939802336029,0.16092093441150043,Cairo,0,1779,3902.0
Cairo_y2020.tif,20574,0.0744143093224458,0.06057038009137746,Cairo,0,1785,3902.0
Cairo_y2020.tif,724,0.0,0.067707182320442,Cairo,0,1765,3902.0
Cairo_y2020.tif,1745,0.0005730659025787965,0.06118338108882522,Cairo,0,1770,3902.0
Cairo_y2020.tif,749,0.0,0.06309746328437918,Cairo,0,1767,3902.0
Cairo_y2020.tif,23897,8.369251370464912e-05,0.010797171193036782,Cairo,0,1861,3902.0
Cairo_y2020.tif,1056,0.0,0.0720217803030303,Cairo,0,1808,3902.0
Cairo_y2020.tif,1129,0.0,0.07769264836138176,Cairo,0,1810,3902.0
Cairo_y2020.tif,1338,0.02466367713004484,0.06810911808669656,Cairo,0,1825,3902.0
Cairo_y2020.tif,2037,0.0,0.04744968090328915,Cairo,0,1843,3902.0
Cairo_y2020.tif,1540,0.17142857142857143,0.07251623376623377,Cairo,0,1839,3902.0
Cairo_y2020.tif,1311,0.03585049580472922,0.10112890922959572,Cairo,0,1756,3902.0
Cairo_y2020.tif,967,0.0,0.06409513960703206,Cairo,0,1773,3902.0
Cairo_y2020.tif,1219,0.3338802296964725,0.14818703855619358,Cairo,0,1783,3902.0
Cairo_y2020.tif,2407,0.10178645616950562,0.10177606979642707,Cairo,0,1763,3902.0
Cairo_y2020.tif,2289,0.01703800786369594,0.06882699868938402,Cairo,0,1786,3902.0
Cairo_y2020.tif,1386,0.30447330447330445,0.12676406926406925,Cairo,0,1803,3902.0
Cairo_y2020.tif,1984,0.0,0.03866935483870969,Cairo,0,1806,3902.0
Cairo_y2020.tif,2536,0.4613564668769716,0.16839905362776025,Cairo,0,1790,3902.0
Cairo_y2020.tif,2565,0.30838206627680315,0.11676413255360624,Cairo,0,1816,3902.0
Cairo_y2020.tif,1608,0.006840796019900498,0.07544154228855722,Cairo,0,1824,3902.0
Cairo_y2020.tif,1396,0.0659025787965616,0.06979942693409742,Cairo,0,1817,3902.0
Cairo_y2020.tif,3633,0.21222130470685385,0.1232837875034407,Cairo,0,1814,3902.0
Cairo_y2020.tif,1178,0.0008488964346349745,0.0553565365025467,Cairo,0,1821,3902.0
Cairo_y2020.tif,1188,0.0,0.05348905723905724,Cairo,0,1818,3902.0
Cairo_y2020.tif,2488,0.24437299035369775,0.12264067524115756,Cairo,0,1826,3902.0
Cairo_y2020.tif,4299,0.22958827634333567,0.10981623633403118,Cairo,0,1921,3902.0
Cairo_y2020.tif,944,0.005296610169491525,0.08332627118644068,Cairo,0,1829,3902.0
Cairo_y2020.tif,1207,0.11681855840927921,0.09743993371996687,Cairo,0,1835,3902.0
Cairo_y2020.tif,1663,0.04930847865303668,0.11490378833433554,Cairo,0,1849,3902.0
Cairo_y2020.tif,1298,0.19799691833590138,0.13509244992295838,Cairo,0,1856,3902.0
Cairo_y2020.tif,22803,0.02438275665482612,0.043682410209182995,Cairo,0,1801,3902.0
Cairo_y2020.tif,4643,0.06504415248761576,0.05869804006030583,Cairo,0,1815,3902.0
Cairo_y2020.tif,1171,0.44150298889837747,0.19109735269000855,Cairo,0,1820,3902.0
Cairo_y2020.tif,5289,0.3826810361126867,0.17534032898468518,Cairo,0,1859,3902.0
Cairo_y2020.tif,3613,0.5723775256019928,0.231475228342098,Cairo,0,1853,3902.0
Cairo_y2020.tif,888,0.5641891891891891,0.21500000000000002,Cairo,0,1864,3902.0
Cairo_y2020.tif,1222,1.0,0.384930441898527,Cairo,0,1872,3902.0
Cairo_y2020.tif,2469,0.9497772377480761,0.31192385581206966,Cairo,0,1886,3902.0
Cairo_y2020.tif,7219,0.07798864108602299,0.07178002493420142,Cairo,0,1910,3902.0
Cairo_y2020.tif,2806,0.3225231646471846,0.13897897362794012,Cairo,0,1900,3902.0
Cairo_y2020.tif,10147,0.13600078841036758,0.0822174041588647,Cairo,0,2001,3902.0
Cairo_y2020.tif,4567,0.6989270856141887,0.29230348149770086,Cairo,0,2088,3902.0
Cairo_y2020.tif,1232,1.0,0.39596185064935063,Cairo,0,2110,3902.0
Cairo_y2020.tif,79429,0.06633597300733989,0.03750569691170731,Cairo,0,1679,3902.0
Cairo_y2020.tif,8146,0.06997299287994108,0.052147066044684505,Cairo,0,1668,3902.0
Cairo_y2020.tif,2842,0.9792399718508092,0.35045038705137227,Cairo,0,1669,3902.0
Cairo_y2020.tif,5006,0.7872552936476228,0.32056132640831003,Cairo,0,1677,3902.0
Cairo_y2020.tif,3119,1.0,0.4173436999038153,Cairo,0,1685,3902.0
Cairo_y2020.tif,7447,0.7385524372230429,0.29171545588827713,Cairo,0,1693,3902.0
Cairo_y2020.tif,4109,1.0,0.4162375273789243,Cairo,0,1702,3902.0
Cairo_y2020.tif,1789,1.0,0.41382615986584687,Cairo,1,1705,3902.0
Cairo_y2020.tif,6646,0.46930484501956066,0.22598630755341562,Cairo,0,1715,3902.0
Cairo_y2020.tif,1530,0.9019607843137255,0.30915032679738563,Cairo,0,1722,3902.0
Cairo_y2020.tif,42092,0.016701510975957425,0.027268364534828476,Cairo,0,1704,3902.0
Cairo_y2020.tif,5907,0.25190452006094466,0.11699847638395125,Cairo,0,1710,3902.0
Cairo_y2020.tif,9068,0.5578958976621086,0.22782807675341862,Cairo,0,1712,3902.0
Cairo_y2020.tif,9364,0.14641178983340453,0.08268741990602306,Cairo,0,1731,3902.0
Cairo_y2020.tif,12960,0.39305555555555555,0.170241512345679,Cairo,0,1772,3902.0
Cairo_y2020.tif,3229,0.6063796841127284,0.21794363580055745,Cairo,0,1793,3902.0
Cairo_y2020.tif,2247,0.7182910547396528,0.24411214953271027,Cairo,0,1805,3902.0
Cairo_y2020.tif,3865,0.31746442432082794,0.13106468305304012,Cairo,0,1833,3902.0
Cairo_y2020.tif,1443,1.0,0.3492862092862093,Cairo,0,1863,3902.0
Cairo_y2020.tif,5697,0.6291030366859751,0.23704493593119189,Cairo,0,1885,3902.0
Cairo_y2020.tif,1475,0.9640677966101695,0.3325423728813559,Cairo,0,1880,3902.0
Cairo_y2020.tif,1697,1.0,0.3780082498526812,Cairo,0,1936,3902.0
Cairo_y2020.tif,5421,0.9883785279468733,0.3626406567054049,Cairo,0,1950,3902.0
Cairo_y2020.tif,1416,1.0,0.38244703389830503,Cairo,0,1951,3902.0
Cairo_y2020.tif,2337,0.9991442019683354,0.3866324347454001,Cairo,0,1990,3902.0
Cairo_y2020.tif,1265,0.7462450592885376,0.2864071146245059,Cairo,0,1985,3902.0
Cairo_y2020.tif,2032,1.0,0.3704798228346457,Cairo,1,2015,3902.0
Cairo_y2020.tif,3254,0.5719114935464045,0.24922556853103872,Cairo,0,2060,3902.0
Cairo_y2020.tif,1872,1.0,0.41068108974358963,Cairo,0,2031,3902.0
Cairo_y2020.tif,1669,0.9245056920311564,0.368016776512882,Cairo,0,2033,3902.0
Cairo_y2020.tif,4126,0.6766844401357247,0.24233155598642753,Cairo,0,1907,3902.0
Cairo_y2020.tif,7800,0.6084615384615385,0.22338076923076924,Cairo,0,1989,3902.0
Cairo_y2020.tif,3917,0.9114117947408731,0.3295494000510595,Cairo,0,1934,3902.0
Cairo_y2020.tif,7198,0.7760489024729091,0.2773068908030008,Cairo,0,2047,3902.0
Cairo_y2020.tif,1150,0.8930434782608696,0.2898086956521739,Cairo,0,2012,3902.0
Cairo_y2020.tif,2260,0.5119469026548673,0.1979070796460177,Cairo,0,2095,3902.0
Cairo_y2020.tif,1033,0.4753146176185866,0.1830977734753146,Cairo,0,2070,3902.0
Cairo_y2020.tif,2832,0.4943502824858757,0.19828742937853105,Cairo,0,2097,3902.0
Cairo_y2020.tif,1659,0.97166968053044,0.3768896925858951,Cairo,1,2096,3902.0
Cairo_y2020.tif,2174,0.9765409383624655,0.3295170193192272,Cairo,0,2112,3902.0
Cairo_y2020.tif,14076,0.0,0.0,Ashmoun,0,0,3878.0
Cairo_y2020.tif,17718,0.0,0.0,Ashmoun,0,2,3878.0
Cairo_y2020.tif,17187,0.0,0.0,Ashmoun,0,4,3878.0
Cairo_y2020.tif,36196,0.0,0.0,Ashmoun,0,10,3878.0
Cairo_y2020.tif,10064,0.0,0.016764209062003183,Cairo,0,9381,3902.0
Cairo_y2020.tif,41558,0.0013715770730064007,0.019874031474084414,Cairo,0,9933,3902.0
Cairo_y2020.tif,39822,0.0,0.01814210737783135,Cairo,0,10420,3902.0
Cairo_y2020.tif,25252,0.0,0.0,Ashmoun,0,20,3878.0
Cairo_y2020.tif,8476,0.0,0.0,Ashmoun,0,33,3878.0
Cairo_y2020.tif,15132,0.0,0.0,Ashmoun,0,47,3878.0
Cairo_y2020.tif,40668,0.0,0.0,Ashmoun,0,61,3878.0
Cairo_y2020.tif,17773,0.0,0.019664659877342037,Cairo,0,10533,3902.0
Cairo_y2020.tif,52800,0.003181818181818182,0.02367613636363637,Cairo,0,11250,3902.0
Cairo_y2020.tif,2676,0.5949177877428998,0.24187593423019432,Cairo,0,10754,3902.0
Cairo_y2020.tif,17310,0.0008087810514153668,0.026051993067590994,Cairo,0,11240,3902.0
Cairo_y2020.tif,7025,0.0,0.018656939501779362,Cairo,0,11049,3902.0
Cairo_y2020.tif,15169,0.0010547827806711054,0.023002175489485136,Cairo,0,11136,3902.0
Cairo_y2020.tif,7440,0.0,0.0179616935483871,Cairo,0,11331,3902.0
Cairo_y2020.tif,16150,0.00037151702786377707,0.0024068111455108356,Cairo,0,11672,3902.0
Cairo_y2020.tif,12820,0.0,0.011203198127925118,Cairo,0,11356,3902.0
Cairo_y2020.tif,29872,0.0,0.0014257498660953402,Cairo,0,11835,3902.0
Cairo_y2020.tif,214542,0.0,2.9458101444006303e-05,Cairo,0,12874,3902.0
Cairo_y2020.tif,34590,0.0,0.0,Cairo,0,14449,3902.0
Cairo_y2020.tif,83097,0.0,0.0,Cairo,0,15744,3902.0
Cairo_y2020.tif,56064,0.0,0.0,Cairo,0,15972,3902.0
Cairo_y2020.tif,62395,0.0,0.0,Cairo,0,16601,3902.0
Cairo_y2020.tif,128853,0.0,0.0,Cairo,0,17319,3902.0
Cairo_y2020.tif,19717,0.0,0.0,Cairo,0,17037,3902.0
Cairo_y2020.tif,9139,0.0,0.0,Cairo,0,16970,3902.0
Cairo_y2020.tif,6369,0.0,0.0,Cairo,0,17061,3902.0
Cairo_y2020.tif,7815,0.0,0.0,Cairo,0,17066,3902.0
Cairo_y2020.tif,1763,0.0,0.0,Cairo,0,17177,3902.0
Cairo_y2020.tif,1164,0.0,0.0,Cairo,0,17205,3902.0
Cairo_y2020.tif,2073,0.0,0.0,Cairo,1,17194,3902.0
Cairo_y2020.tif,4082,0.0,0.0,Cairo,0,17273,3902.0
Cairo_y2020.tif,1028,0.0,0.0,Cairo,1,17287,3902.0
Cairo_y2020.tif,1398,0.0,0.0,Cairo,1,17311,3902.0
Cairo_y2020.tif,8374,0.0,0.0,Cairo,0,17507,3902.0
Cairo_y2020.tif,3699,0.0,0.0,Cairo,1,17325,3902.0
Cairo_y2020.tif,1346,0.0,0.0,Cairo,1,17428,3902.0
Cairo_y2020.tif,65522,0.0,0.0,Cairo,0,18021,3902.0
Cairo_y2020.tif,13803,0.0,0.0,Cairo,0,17634,3902.0
Cairo_y2020.tif,1407,0.0,0.0,Cairo,1,17541,3902.0
Cairo_y2020.tif,28799,0.0,0.0,Cairo,0,17554,3902.0
Cairo_y2020.tif,1385,0.0,0.0,Cairo,1,17550,3902.0
Cairo_y2020.tif,12503,0.0,0.0,Cairo,0,17865,3902.0
Cairo_y2020.tif,27401,0.0,0.0,Cairo,0,18005,3902.0
Cairo_y2020.tif,8298,0.0,0.0,Cairo,0,18106,3902.0
Cairo_y2020.tif,13407,0.0,0.0,Cairo,0,18147,3902.0
Cairo_y2020.tif,2313,0.0,0.0,Cairo,0,18081,3902.0
Cairo_y2020.tif,7553,0.0,0.0,Cairo,0,18114,3902.0
Cairo_y2020.tif,2816,0.0,0.0,Cairo,0,18110,3902.0
Cairo_y2020.tif,5312,0.0,0.0,Cairo,0,18199,3902.0
Cairo_y2020.tif,4963,0.0,0.0,Cairo,0,18153,3902.0
Cairo_y2020.tif,9227,0.0,0.0,Cairo,0,18233,3902.0
Cairo_y2020.tif,5029,0.0,0.0,Cairo,0,18217,3902.0
Cairo_y2020.tif,762,0.0,0.0,Cairo,1,18143,3902.0
Cairo_y2020.tif,791,0.0,0.0,Cairo,1,18141,3902.0
Cairo_y2020.tif,1604,0.0,0.0,Cairo,0,18191,3902.0
Cairo_y2020.tif,8396,0.0,0.0,Cairo,0,18254,3902.0
Cairo_y2020.tif,921,0.0,0.0,Cairo,0,18220,3902.0
Cairo_y2020.tif,2693,0.0,0.0,Cairo,0,18244,3902.0
Cairo_y2020.tif,1433,0.0,0.0,Cairo,1,18234,3902.0
Cairo_y2020.tif,876,0.0,0.0,Cairo,1,18206,3902.0
Cairo_y2020.tif,1078,0.0,0.0,Cairo,0,18260,3902.0
Cairo_y2020.tif,2145,0.0,0.0,Cairo,0,18300,3902.0
Cairo_y2020.tif,953,0.0,0.0,Cairo,1,18272,3902.0
Cairo_y2020.tif,2148,0.0,0.0,Cairo,0,18324,3902.0
Cairo_y2020.tif,1270,0.0,0.0,Cairo,1,18295,3902.0
Cairo_y2020.tif,3608,0.0,0.0,Cairo,0,18335,3902.0
Cairo_y2020.tif,1526,0.0,0.0,Cairo,1,18310,3902.0
Cairo_y2020.tif,42241,0.002959210245969556,0.0030278639236760497,Cairo,0,1602,3902.0
Cairo_y2020.tif,19952,0.043454290296712106,0.024474739374498795,Cairo,0,1639,3902.0
Cairo_y2020.tif,8567,0.12092914672580833,0.07593439943971052,Cairo,0,1667,3902.0
Cairo_y2020.tif,7331,0.3160551084435957,0.15900763879416177,Cairo,0,1666,3902.0
Cairo_y2020.tif,2300,0.6869565217391305,0.27696521739130436,Cairo,0,1675,3902.0
Cairo_y2020.tif,5632,0.5278764204545454,0.21171253551136363,Cairo,0,1687,3902.0
Cairo_y2020.tif,2419,0.2211657709797437,0.12521083092186855,Cairo,0,1688,3902.0
Cairo_y2020.tif,2212,0.7554249547920434,0.29400768535262206,Cairo,0,1700,3902.0
Cairo_y2020.tif,7339,0.23450061316255622,0.12017577326611255,Cairo,0,1718,3902.0
Cairo_y2020.tif,17414,0.0022970024118525324,0.00751263351326519,Cairo,0,1776,3902.0
Cairo_y2020.tif,21116,0.08846372419018754,0.03964623981814738,Cairo,0,1903,3902.0
Cairo_y2020.tif,5671,0.1680479633221654,0.10531211426556163,Cairo,0,2010,3902.0
Cairo_y2020.tif,11182,0.10588445716329815,0.054946789483097835,Cairo,0,1661,3902.0
Cairo_y2020.tif,8760,0.0863013698630137,0.07052454337899544,Cairo,0,1659,3902.0
Cairo_y2020.tif,9980,0.1380761523046092,0.08536673346693387,Cairo,0,1691,3902.0
Cairo_y2020.tif,18280,0.12789934354485777,0.06403036105032822,Cairo,0,1721,3902.0
Cairo_y2020.tif,11675,0.14680942184154175,0.07236231263383297,Cairo,0,1917,3902.0
Cairo_y2020.tif,5678,0.1805213103205354,0.10956762944698838,Cairo,0,2000,3902.0
Cairo_y2020.tif,6138,0.3597262952101662,0.1572792440534376,Cairo,0,2045,3902.0
Cairo_y2020.tif,2596,0.007704160246533128,0.05265215716486903,Cairo,0,2108,3902.0
Cairo_y2020.tif,715,0.4111888111888112,0.19193706293706295,Cairo,0,2168,3902.0
Cairo_y2020.tif,2166,0.8490304709141274,0.310129270544783,Cairo,0,2224,3902.0
Cairo_y2020.tif,6031,0.609185872989554,0.23265213065826568,Cairo,0,1747,3902.0
Cairo_y2020.tif,11890,0.0,0.011807401177460049,Cairo,0,1780,3902.0
Cairo_y2020.tif,5898,0.17548321464903358,0.10245252628009496,Cairo,0,1789,3902.0
Cairo_y2020.tif,36018,0.11399855627741684,0.05454758731745239,Cairo,0,1913,3902.0
Cairo_y2020.tif,12866,0.2730452355044303,0.12816531944660345,Cairo,0,1987,3902.0
Cairo_y2020.tif,5061,0.4350918790752816,0.18953665283540802,Cairo,0,1978,3902.0
Cairo_y2020.tif,1185,0.9873417721518988,0.3988987341772151,Cairo,1,2019,3902.0
Cairo_y2020.tif,2172,0.8793738489871087,0.3245971454880295,Cairo,0,2049,3902.0
Cairo_y2020.tif,4112,0.5240758754863813,0.2085274805447471,Cairo,0,2113,3902.0
Cairo_y2020.tif,3492,0.5896334478808706,0.2320790378006873,Cairo,0,2251,3902.0
Cairo_y2020.tif,11938,0.29217624392695596,0.1398224158150444,Cairo,0,2210,3902.0
Cairo_y2020.tif,2431,0.04195804195804196,0.07421842863019334,Cairo,0,2221,3902.0
Cairo_y2020.tif,5549,0.23283474499909892,0.12189583708776358,Cairo,0,2341,3902.0
Cairo_y2020.tif,328,0.698170731707317,0.2790853658536585,Cairo,0,2416,3902.0
Cairo_y2020.tif,5130,0.14756335282651073,0.09501267056530216,Cairo,0,2633,3902.0
Cairo_y2020.tif,568,1.0,0.41842429577464785,Cairo,1,2485,3902.0
Cairo_y2020.tif,459,1.0,0.4056209150326797,Cairo,1,2571,3902.0
Cairo_y2020.tif,12527,0.45892871397780793,0.20649237646683163,Cairo,0,2959,3902.0
Cairo_y2020.tif,1189,0.9823380992430614,0.3939571068124474,Cairo,1,2918,3902.0
Cairo_y2020.tif,503,0.9662027833001988,0.3884095427435388,Cairo,1,2956,3902.0
Cairo_y2020.tif,1068,0.8202247191011236,0.30601123595505625,Cairo,0,2225,3902.0
Cairo_y2020.tif,3547,0.689032985621652,0.21509585565266423,Cairo,0,2410,3902.0
Cairo_y2020.tif,417,0.2805755395683453,0.16642685851318947,Cairo,1,2387,3902.0
Cairo_y2020.tif,303,0.47854785478547857,0.24945544554455448,Cairo,1,2484,3902.0
Cairo_y2020.tif,485,1.0,0.3254226804123711,Cairo,0,2511,3902.0
Cairo_y2020.tif,366,0.9972677595628415,0.3555464480874317,Cairo,1,2530,3902.0
Cairo_y2020.tif,565,0.9769911504424779,0.39602654867256637,Cairo,1,2568,3902.0
Cairo_y2020.tif,394,0.9060913705583756,0.38442893401015227,Cairo,0,2616,3902.0
Cairo_y2020.tif,1099,0.8971792538671519,0.3553503184713376,Cairo,0,2615,3902.0
Cairo_y2020.tif,872,0.9942660550458715,0.4063073394495413,Cairo,1,2575,3902.0
Cairo_y2020.tif,1156,0.35207612456747406,0.2034342560553633,Cairo,0,2360,3902.0
Cairo_y2020.tif,2431,0.14150555327025915,0.08625051419169066,Cairo,0,2401,3902.0
Cairo_y2020.tif,616,0.8068181818181818,0.32888798701298694,Cairo,1,2408,3902.0
Cairo_y2020.tif,837,0.98805256869773,0.38004778972520903,Cairo,1,2423,3902.0
Cairo_y2020.tif,607,1.0,0.4014579901153212,Cairo,1,2479,3902.0
Cairo_y2020.tif,423,0.40189125295508277,0.1853073286052009,Cairo,0,2471,3902.0
Cairo_y2020.tif,329,1.0,0.4177659574468085,Cairo,1,2465,3902.0
Cairo_y2020.tif,565,0.9911504424778761,0.39824778761061946,Cairo,1,2506,3902.0
Cairo_y2020.tif,499,1.0,0.4198396793587174,Cairo,1,2522,3902.0
Cairo_y2020.tif,1066,0.5290806754221389,0.23915572232645405,Cairo,0,2627,3902.0
Cairo_y2020.tif,384,0.859375,0.3644661458333333,Cairo,1,2623,3902.0
Cairo_y2020.tif,375,0.9333333333333333,0.3901733333333333,Cairo,1,2618,3902.0
Cairo_y2020.tif,363,1.0,0.4246143250688705,Cairo,1,2560,3902.0
Cairo_y2020.tif,394,1.0,0.40280456852791874,Cairo,1,2577,3902.0
Cairo_y2020.tif,768,0.8684895833333334,0.3232291666666667,Cairo,1,2617,3902.0
Cairo_y2020.tif,2045,0.09682151589242054,0.1501002444987775,Cairo,0,2746,3902.0
Cairo_y2020.tif,786,0.20483460559796438,0.14255089058524173,Cairo,0,2765,3902.0
Cairo_y2020.tif,624,1.0,0.4123477564102564,Cairo,1,2787,3902.0
Cairo_y2020.tif,1010,0.4158415841584158,0.14612871287128712,Cairo,0,2815,3902.0
Cairo_y2020.tif,703,0.27880512091038406,0.13776671408250357,Cairo,0,2928,3902.0
Cairo_y2020.tif,1051,0.006660323501427212,0.07348239771646052,Cairo,0,2819,3902.0
Cairo_y2020.tif,3839,0.08205261786923677,0.07539202917426413,Cairo,0,2904,3902.0
Cairo_y2020.tif,470,0.9574468085106383,0.3837234042553191,Cairo,1,2847,3902.0
Cairo_y2020.tif,4042,0.0900544285007422,0.07046511627906976,Cairo,0,3005,3902.0
Cairo_y2020.tif,294,0.7074829931972789,0.2586904761904762,Cairo,0,2988,3902.0
Cairo_y2020.tif,322,0.0,0.1417857142857143,Cairo,1,2987,3902.0
Cairo_y2020.tif,650,0.6169230769230769,0.23607692307692307,Cairo,0,3010,3902.0
Cairo_y2020.tif,604,0.6937086092715232,0.27143211920529803,Cairo,0,3042,3902.0
Cairo_y2020.tif,478,0.0,0.1563284518828452,Cairo,1,3037,3902.0
Cairo_y2020.tif,200,0.0,0.12017500000000002,Cairo,0,3036,3902.0
Cairo_y2020.tif,1550,0.29161290322580646,0.15524516129032256,Cairo,0,1847,3902.0
Cairo_y2020.tif,1204,0.03903654485049834,0.08854651162790697,Cairo,0,1857,3902.0
Cairo_y2020.tif,1010,0.5643564356435643,0.18971782178217822,Cairo,0,1882,3902.0
Cairo_y2020.tif,1024,0.228515625,0.1257568359375,Cairo,0,1887,3902.0
Cairo_y2020.tif,1937,0.08208569953536396,0.08101961796592669,Cairo,0,1851,3902.0
Cairo_y2020.tif,1028,0.017509727626459144,0.1116342412451362,Cairo,0,1873,3902.0
Cairo_y2020.tif,1800,0.18,0.1312111111111111,Cairo,0,1894,3902.0
Cairo_y2020.tif,2300,0.3491304347826087,0.1475826086956522,Cairo,0,1897,3902.0
Cairo_y2020.tif,950,0.05368421052631579,0.09659999999999999,Cairo,0,1892,3902.0
Cairo_y2020.tif,1224,0.049836601307189546,0.09649918300653595,Cairo,0,1901,3902.0
Cairo_y2020.tif,946,0.008456659619450317,0.10344608879492602,Cairo,0,1893,3902.0
Cairo_y2020.tif,1302,0.18202764976958524,0.11794930875576036,Cairo,0,1904,3902.0
Cairo_y2020.tif,916,0.0,0.09764192139737991,Cairo,0,1884,3902.0
Cairo_y2020.tif,4075,0.019386503067484663,0.05413251533742332,Cairo,0,1935,3902.0
Cairo_y2020.tif,1002,0.05189620758483034,0.11828842315369262,Cairo,0,1899,3902.0
Cairo_y2020.tif,2082,0.4173871277617675,0.15184678194044188,Cairo,0,1920,3902.0
Cairo_y2020.tif,920,0.0,0.04775000000000001,Cairo,0,1896,3902.0
Cairo_y2020.tif,1015,0.3369458128078818,0.14995566502463054,Cairo,0,1905,3902.0
Cairo_y2020.tif,875,0.0,0.04453714285714287,Cairo,0,1912,3902.0
Cairo_y2020.tif,1104,0.4492753623188406,0.19524909420289854,Cairo,0,1922,3902.0
Cairo_y2020.tif,1228,0.6091205211726385,0.18892100977198698,Cairo,0,1927,3902.0
Cairo_y2020.tif,1333,0.8754688672168042,0.2786871717929482,Cairo,0,1941,3902.0
Cairo_y2020.tif,1154,0.20883882149046792,0.124553726169844,Cairo,0,1933,3902.0
Cairo_y2020.tif,1249,0.5012009607686149,0.16610888710968774,Cairo,0,1946,3902.0
Cairo_y2020.tif,2035,0.16412776412776411,0.13216707616707618,Cairo,0,1956,3902.0
Cairo_y2020.tif,926,0.765658747300216,0.21625809935205184,Cairo,0,1945,3902.0
Cairo_y2020.tif,954,0.42557651991614254,0.1589412997903564,Cairo,0,1964,3902.0
Cairo_y2020.tif,1272,0.12106918238993711,0.11316037735849056,Cairo,0,1984,3902.0
Cairo_y2020.tif,1276,0.05642633228840126,0.09392633228840125,Cairo,0,1992,3902.0
Cairo_y2020.tif,1135,0.015859030837004406,0.07933480176211453,Cairo,0,1993,3902.0
Cairo_y2020.tif,1096,0.39507299270072993,0.14448905109489052,Cairo,0,2003,3902.0
Cairo_y2020.tif,1668,0.0,0.02425959232613909,Cairo,0,2007,3902.0
Cairo_y2020.tif,1040,0.026923076923076925,0.09296153846153846,Cairo,0,2009,3902.0
Cairo_y2020.tif,1113,0.02425876010781671,0.10669362084456424,Cairo,0,2011,3902.0
Cairo_y2020.tif,1833,0.006001091107474086,0.0768657937806874,Cairo,0,1988,3902.0
Cairo_y2020.tif,1102,0.2540834845735027,0.14292649727767695,Cairo,0,2014,3902.0
Cairo_y2020.tif,1137,0.6420404573438874,0.21875109938434475,Cairo,0,2018,3902.0
Cairo_y2020.tif,1160,0.6862068965517242,0.21368103448275863,Cairo,0,2017,3902.0
Cairo_y2020.tif,1198,0.4565943238731219,0.1803672787979967,Cairo,0,2022,3902.0
Cairo_y2020.tif,2367,0.34474017743979724,0.1406506125897761,Cairo,0,1976,3902.0
Cairo_y2020.tif,8762,0.12246062542798448,0.08596724492125087,Cairo,0,2107,3902.0
Cairo_y2020.tif,712,0.27808988764044945,0.167998595505618,Cairo,0,2016,3902.0
Cairo_y2020.tif,2492,0.2520064205457464,0.14045345104333867,Cairo,0,2037,3902.0
Cairo_y2020.tif,2754,0.010167029774872912,0.03563180827886711,Cairo,0,2086,3902.0
Cairo_y2020.tif,6714,0.1291331546023235,0.07696976467083708,Cairo,0,2106,3902.0
Cairo_y2020.tif,1020,0.012745098039215686,0.00607843137254902,Cairo,0,2132,3902.0
Cairo_y2020.tif,988,0.0,0.0,Cairo,0,2136,3902.0
Cairo_y2020.tif,1550,0.3561290322580645,0.17593225806451612,Cairo,0,2176,3902.0
Cairo_y2020.tif,1520,0.023026315789473683,0.07985197368421053,Cairo,0,2177,3902.0
Cairo_y2020.tif,922,0.21800433839479394,0.12562906724511932,Cairo,0,2172,3902.0
Cairo_y2020.tif,1466,0.0047748976807639835,0.058700545702592095,Cairo,0,2228,3902.0
Cairo_y2020.tif,2434,0.14133114215283485,0.10524650780608054,Cairo,0,2254,3902.0
Cairo_y2020.tif,1116,0.08422939068100359,0.08374551971326166,Cairo,0,2243,3902.0
Cairo_y2020.tif,1311,0.10221205186880244,0.11412280701754386,Cairo,0,2260,3902.0
Cairo_y2020.tif,1617,0.042053184910327765,0.03119356833642548,Cairo,0,2327,3902.0
Cairo_y2020.tif,3925,0.1964331210191083,0.08850573248407644,Cairo,0,2393,3902.0
Cairo_y2020.tif,1094,0.263254113345521,0.15706581352833637,Cairo,0,2274,3902.0
Cairo_y2020.tif,1474,0.5556309362279511,0.2169674355495251,Cairo,0,2321,3902.0
Cairo_y2020.tif,1190,0.004201680672268907,0.0711218487394958,Cairo,0,2363,3902.0
Cairo_y2020.tif,2383,0.0,0.04115820394460764,Cairo,0,2548,3902.0
Cairo_y2020.tif,1342,0.9836065573770492,0.34686661698956783,Cairo,0,2390,3902.0
Cairo_y2020.tif,2184,0.75,0.2271909340659341,Cairo,0,2430,3902.0
Cairo_y2020.tif,1318,0.6267071320182094,0.21206752655538694,Cairo,0,2412,3902.0
Cairo_y2020.tif,1750,0.4137142857142857,0.12366285714285716,Cairo,0,2455,3902.0
Cairo_y2020.tif,921,0.6427795874049945,0.2141585233441911,Cairo,0,2421,3902.0
Cairo_y2020.tif,7864,0.21960834181078331,0.10181777721261445,Cairo,0,2630,3902.0
Cairo_y2020.tif,777,0.0,0.031621621621621625,Cairo,0,2464,3902.0
Cairo_y2020.tif,711,1.0,0.34918424753867794,Cairo,0,2466,3902.0
Cairo_y2020.tif,866,0.02424942263279446,0.0898094688221709,Cairo,0,2494,3902.0
Cairo_y2020.tif,3821,0.34572101544098405,0.14774273750327138,Cairo,0,2544,3902.0
Cairo_y2020.tif,707,0.9985855728429985,0.3396110325318246,Cairo,0,2501,3902.0
Cairo_y2020.tif,1147,0.7951176983435048,0.2263164777680907,Cairo,0,2515,3902.0
Cairo_y2020.tif,994,0.8571428571428571,0.24507545271629777,Cairo,0,2537,3902.0
Cairo_y2020.tif,952,0.8340336134453782,0.24460084033613447,Cairo,0,2562,3902.0
Cairo_y2020.tif,1055,1.0,0.3666018957345971,Cairo,0,2637,3902.0
Cairo_y2020.tif,1576,0.0,0.06279187817258884,Cairo,0,2660,3902.0
Cairo_y2020.tif,1544,1.0,0.3234294041450777,Cairo,0,2639,3902.0
Cairo_y2020.tif,6719,0.287840452448281,0.10018976038100909,Cairo,0,2695,3902.0
Cairo_y2020.tif,1352,0.46745562130177515,0.18112795857988165,Cairo,0,2650,3902.0
Cairo_y2020.tif,1698,0.010011778563015312,0.07659599528857479,Cairo,0,2713,3902.0
Cairo_y2020.tif,1720,0.07906976744186046,0.10067441860465118,Cairo,0,2720,3902.0
Cairo_y2020.tif,3485,0.016929698708751793,0.062295552367288384,Cairo,0,2764,3902.0
Cairo_y2020.tif,1578,0.25475285171102663,0.09755069708491762,Cairo,0,2761,3902.0
Cairo_y2020.tif,1152,0.5234375,0.21562934027777778,Cairo,0,2709,3902.0
Cairo_y2020.tif,1408,0.7286931818181818,0.2241015625,Cairo,0,2771,3902.0
Cairo_y2020.tif,1463,0.18045112781954886,0.10163021189336979,Cairo,0,2778,3902.0
Cairo_y2020.tif,1560,0.5333333333333333,0.19366666666666668,Cairo,0,2788,3902.0
Cairo_y2020.tif,1633,0.19657072872014697,0.12258113900796082,Cairo,0,2781,3902.0
Cairo_y2020.tif,1419,0.4418604651162791,0.17811486962649756,Cairo,0,2782,3902.0
Cairo_y2020.tif,706,0.1359773371104816,0.09803116147308782,Cairo,0,2836,3902.0
Cairo_y2020.tif,1684,0.39489311163895485,0.17771674584323038,Cairo,0,2898,3902.0
Cairo_y2020.tif,2077,0.3110255175734232,0.16258305247953778,Cairo,0,2832,3902.0
Cairo_y2020.tif,582,0.0,0.06827319587628866,Cairo,0,2900,3902.0
Cairo_y2020.tif,1257,0.011137629276054098,0.08787191726332537,Cairo,0,2888,3902.0
Cairo_y2020.tif,3116,0.16463414634146342,0.09504653401797176,Cairo,0,3124,3902.0
Cairo_y2020.tif,1465,0.16723549488054607,0.16516382252559728,Cairo,0,2903,3902.0
Cairo_y2020.tif,1276,0.219435736677116,0.1550783699059561,Cairo,0,2972,3902.0
Cairo_y2020.tif,2129,0.3053076561766087,0.11820338186942225,Cairo,0,2901,3902.0
Cairo_y2020.tif,1391,0.24083393242271747,0.10958303378864127,Cairo,0,3081,3902.0
Cairo_y2020.tif,1458,0.36899862825788754,0.1395267489711934,Cairo,0,3161,3902.0
Cairo_y2020.tif,1406,1.0,0.41264580369843523,Cairo,0,2056,3902.0
Cairo_y2020.tif,668,1.0,0.4277694610778443,Cairo,0,2065,3902.0
Cairo_y2020.tif,846,1.0,0.4034810874704492,Cairo,0,2104,3902.0
Cairo_y2020.tif,3435,0.7356622998544395,0.2706870451237263,Cairo,0,2130,3902.0
Cairo_y2020.tif,2452,1.0,0.4282646818923328,Cairo,0,2126,3902.0
Cairo_y2020.tif,2078,0.9268527430221367,0.33681183830606354,Cairo,0,2196,3902.0
Cairo_y2020.tif,2292,1.0,0.41259162303664926,Cairo,0,2252,3902.0
Cairo_y2020.tif,1631,0.8246474555487431,0.2810606989576947,Cairo,0,2226,3902.0
Cairo_y2020.tif,1414,1.0,0.3806188118811882,Cairo,0,2263,3902.0
Cairo_y2020.tif,1739,1.0,0.4187837837837838,Cairo,1,2289,3902.0
Cairo_y2020.tif,1666,0.4225690276110444,0.180843337334934,Cairo,0,2124,3902.0
Cairo_y2020.tif,1498,0.9238985313751669,0.3221829105473965,Cairo,1,2183,3902.0
Cairo_y2020.tif,372,0.9247311827956989,0.2849462365591398,Cairo,0,2182,3902.0
Cairo_y2020.tif,2198,0.8030027297543221,0.30958371246587807,Cairo,0,2211,3902.0
Cairo_y2020.tif,1795,0.6997214484679666,0.2692674094707521,Cairo,0,2207,3902.0
Cairo_y2020.tif,3339,0.24947589098532494,0.15452530697813718,Cairo,0,2326,3902.0
Cairo_y2020.tif,509,0.007858546168958742,0.16448919449901767,Cairo,0,2271,3902.0
Cairo_y2020.tif,500,0.306,0.18243,Cairo,0,2310,3902.0
Cairo_y2020.tif,1173,0.020460358056265986,0.10157715260017051,Cairo,0,2348,3902.0
Cairo_y2020.tif,967,0.3360910031023785,0.1422337125129266,Cairo,0,2384,3902.0
Cairo_y2020.tif,873,1.0,0.4054639175257732,Cairo,1,2139,3902.0
Cairo_y2020.tif,1193,0.9019279128248114,0.3574224643755239,Cairo,0,2208,3902.0
Cairo_y2020.tif,734,1.0,0.4059604904632152,Cairo,1,2233,3902.0
Cairo_y2020.tif,1598,0.8729662077596996,0.3183698372966208,Cairo,0,2308,3902.0
Cairo_y2020.tif,1098,0.9754098360655737,0.3641347905282332,Cairo,0,2358,3902.0
Cairo_y2020.tif,2038,0.9980372914622179,0.3588567222767419,Cairo,0,2503,3902.0
Cairo_y2020.tif,856,0.9065420560747663,0.3477219626168225,Cairo,0,2451,3902.0
Cairo_y2020.tif,965,0.9367875647668393,0.33258031088082907,Cairo,0,2490,3902.0
Cairo_y2020.tif,670,1.0,0.3577164179104478,Cairo,0,2499,3902.0
Cairo_y2020.tif,1755,0.403988603988604,0.16523361823361823,Cairo,0,2551,3902.0
Cairo_y2020.tif,1087,0.9714811407543699,0.38954461821527137,Cairo,0,2306,3902.0
Cairo_y2020.tif,1324,0.4569486404833837,0.20108006042296073,Cairo,0,2325,3902.0
Cairo_y2020.tif,2278,0.9877085162423178,0.38772388059701496,Cairo,0,2366,3902.0
Cairo_y2020.tif,1936,0.9483471074380165,0.36283057851239664,Cairo,0,2385,3902.0
Cairo_y2020.tif,881,1.0,0.39032917139614076,Cairo,0,2367,3902.0
Cairo_y2020.tif,920,0.8510869565217392,0.31725000000000003,Cairo,0,2426,3902.0
Cairo_y2020.tif,1546,0.8997412677878396,0.3371054333764553,Cairo,0,2418,3902.0
Cairo_y2020.tif,1584,0.7013888888888888,0.2642613636363636,Cairo,0,2491,3902.0
Cairo_y2020.tif,948,0.9978902953586498,0.3887605485232068,Cairo,0,2445,3902.0
Cairo_y2020.tif,984,0.5294715447154471,0.22204268292682927,Cairo,0,2482,3902.0
Cairo_y2020.tif,12615,0.24518430439952438,0.12160007927070948,Cairo,0,2333,3902.0
Cairo_y2020.tif,1348,0.293026706231454,0.20462166172106824,Cairo,0,2406,3902.0
Cairo_y2020.tif,2911,0.157334249398832,0.10664891789762969,Cairo,0,2557,3902.0
Cairo_y2020.tif,1614,0.9962825278810409,0.3703965303593556,Cairo,0,2535,3902.0
Cairo_y2020.tif,2942,0.5533650577838205,0.21840414683888515,Cairo,0,2602,3902.0
Cairo_y2020.tif,6927,0.0,0.05734878013570088,Cairo,0,2873,3902.0
Cairo_y2020.tif,735,0.3782312925170068,0.14240816326530611,Cairo,0,2592,3902.0
Cairo_y2020.tif,789,0.3155893536121673,0.14730038022813688,Cairo,0,2654,3902.0
Cairo_y2020.tif,1649,0.10187992722862341,0.06469375379017586,Cairo,0,2710,3902.0
Cairo_y2020.tif,1260,0.06587301587301587,0.05204761904761906,Cairo,0,2770,3902.0
Cairo_y2020.tif,1239,0.09523809523809523,0.1141404358353511,Cairo,0,2405,3902.0
Cairo_y2020.tif,1951,0.007688364941055869,0.09929267042542285,Cairo,0,2458,3902.0
Cairo_y2020.tif,2251,0.023545091070635273,0.08933807196801423,Cairo,0,2552,3902.0
Cairo_y2020.tif,4926,0.30755176613885504,0.1480318717011774,Cairo,0,2667,3902.0
Cairo_y2020.tif,2027,0.14750863344844597,0.12808830784410458,Cairo,0,2705,3902.0
Cairo_y2020.tif,759,0.0,0.03903162055335968,Cairo,0,2586,3902.0
Cairo_y2020.tif,3762,0.00531632110579479,0.03201222753854334,Cairo,0,2729,3902.0
Cairo_y2020.tif,517,0.0,0.03620889748549323,Cairo,0,2719,3902.0
Cairo_y2020.tif,339,0.0,0.04168141592920354,Cairo,0,2740,3902.0
Cairo_y2020.tif,476,0.0,0.036123949579831935,Cairo,0,2756,3902.0
Cairo_y2020.tif,538,0.9962825278810409,0.3712546468401487,Cairo,0,2508,3902.0
Cairo_y2020.tif,499,0.07414829659318638,0.1372745490981964,Cairo,0,2541,3902.0
Cairo_y2020.tif,1595,0.2852664576802508,0.18521316614420064,Cairo,0,2524,3902.0
Cairo_y2020.tif,1539,0.8628979857050032,0.29733268356075376,Cairo,0,2588,3902.0
Cairo_y2020.tif,1243,1.0,0.3584271922767498,Cairo,0,2591,3902.0
Cairo_y2020.tif,717,0.9693165969316597,0.35977684797768483,Cairo,0,2610,3902.0
Cairo_y2020.tif,625,1.0,0.387672,Cairo,0,2647,3902.0
Cairo_y2020.tif,550,0.9054545454545454,0.2709636363636364,Cairo,0,2698,3902.0
Cairo_y2020.tif,1585,0.98801261829653,0.39517034700315457,Cairo,0,2752,3902.0
Cairo_y2020.tif,1217,0.695152013147083,0.2652588331963846,Cairo,0,2711,3902.0
Cairo_y2020.tif,2404,0.8602329450915142,0.32200291181364393,Cairo,0,2594,3902.0
Cairo_y2020.tif,1752,0.8059360730593608,0.2725542237442922,Cairo,0,2688,3902.0
Cairo_y2020.tif,3778,0.9745897300158815,0.3671453149814717,Cairo,0,2779,3902.0
Cairo_y2020.tif,2470,0.9404858299595141,0.3679797570850203,Cairo,0,2786,3902.0
Cairo_y2020.tif,458,0.9956331877729258,0.38150655021834057,Cairo,1,2808,3902.0
Cairo_y2020.tif,1073,0.9841565703634669,0.38250232991612304,Cairo,0,2897,3902.0
Cairo_y2020.tif,574,0.9947735191637631,0.35034843205574917,Cairo,0,2878,3902.0
Cairo_y2020.tif,803,1.0,0.3846326276463262,Cairo,0,2939,3902.0
Cairo_y2020.tif,954,1.0,0.38509958071278827,Cairo,0,3021,3902.0
Cairo_y2020.tif,1208,0.9139072847682119,0.3112831125827814,Cairo,0,3008,3902.0
Cairo_y2020.tif,1237,0.2570735650767987,0.13006467259498786,Cairo,0,2732,3902.0
Cairo_y2020.tif,1679,0.9946396664681358,0.3556789755807028,Cairo,0,2735,3902.0
Cairo_y2020.tif,525,0.0,0.04506666666666667,Cairo,0,2777,3902.0
Cairo_y2020.tif,1630,0.7141104294478527,0.2918558282208589,Cairo,1,2798,3902.0
Cairo_y2020.tif,591,0.00338409475465313,0.05630287648054144,Cairo,0,2796,3902.0
Cairo_y2020.tif,670,0.0880597014925373,0.17005223880597015,Cairo,0,2767,3902.0
Cairo_y2020.tif,833,1.0,0.41570228091236494,Cairo,0,2817,3902.0
Cairo_y2020.tif,426,0.568075117370892,0.2594835680751174,Cairo,0,2842,3902.0
Cairo_y2020.tif,856,0.35397196261682246,0.22170560747663554,Cairo,0,2885,3902.0
Cairo_y2020.tif,429,0.8368298368298368,0.3057342657342657,Cairo,1,2856,3902.0
Cairo_y2020.tif,279,0.0,0.04774193548387097,Cairo,1,2749,3902.0
Cairo_y2020.tif,484,0.0,0.04614669421487605,Cairo,0,2766,3902.0
Cairo_y2020.tif,1474,0.041383989145183174,0.07993215739484398,Cairo,0,2822,3902.0
Cairo_y2020.tif,1185,0.027848101265822784,0.08218987341772153,Cairo,0,2834,3902.0
Cairo_y2020.tif,4110,0.25304136253041365,0.13424574209245743,Cairo,1,2980,3902.0
Cairo_y2020.tif,650,0.4,0.17412307692307694,Cairo,0,2964,3902.0
Cairo_y2020.tif,1466,0.032060027285129605,0.16664051841746247,Cairo,1,3046,3902.0
Cairo_y2020.tif,237,0.6666666666666666,0.22953586497890296,Cairo,0,3003,3902.0
Cairo_y2020.tif,353,0.141643059490085,0.1703257790368272,Cairo,0,3012,3902.0
Cairo_y2020.tif,185,0.021621621621621623,0.11675675675675676,Cairo,0,3023,3902.0
Cairo_y2020.tif,440,0.7340909090909091,0.28214772727272724,Cairo,0,2887,3902.0
Cairo_y2020.tif,411,1.0,0.38218978102189777,Cairo,1,2866,3902.0
Cairo_y2020.tif,412,0.9830097087378641,0.36117718446601943,Cairo,1,2890,3902.0
Cairo_y2020.tif,855,0.4409356725146199,0.25191228070175437,Cairo,0,2940,3902.0
Cairo_y2020.tif,482,1.0,0.363195020746888,Cairo,0,2944,3902.0
Cairo_y2020.tif,991,0.16044399596367306,0.14753784056508576,Cairo,0,2981,3902.0
Cairo_y2020.tif,875,0.9977142857142857,0.3651371428571429,Cairo,0,2945,3902.0
Cairo_y2020.tif,615,0.9886178861788618,0.32162601626016263,Cairo,0,2992,3902.0
Cairo_y2020.tif,524,0.8454198473282443,0.31025763358778624,Cairo,0,2949,3902.0
Cairo_y2020.tif,2279,0.45458534444931986,0.1979245283018868,Cairo,0,3112,3902.0
Cairo_y2020.tif,237,0.0,0.10451476793248946,Cairo,0,3047,3902.0
Cairo_y2020.tif,478,0.0,0.10408995815899583,Cairo,0,3076,3902.0
Cairo_y2020.tif,185,0.0,0.07875675675675675,Cairo,0,3070,3902.0
Cairo_y2020.tif,350,0.18285714285714286,0.1727857142857143,Cairo,0,3118,3902.0
Cairo_y2020.tif,182,0.06043956043956044,0.1895054945054945,Cairo,0,3135,3902.0
Cairo_y2020.tif,592,0.0,0.07835304054054056,Cairo,0,3176,3902.0
Cairo_y2020.tif,184,0.0,0.16402173913043477,Cairo,0,3144,3902.0
Cairo_y2020.tif,188,0.0,0.1633776595744681,Cairo,0,3157,3902.0
Cairo_y2020.tif,357,0.0,0.10238095238095238,Cairo,0,3170,3902.0
Cairo_y2020.tif,208,0.0,0.12528846153846154,Cairo,0,3169,3902.0
Cairo_y2020.tif,1568,0.19005102040816327,0.13105229591836734,Cairo,0,3227,3902.0
Cairo_y2020.tif,273,0.0,0.09553113553113553,Cairo,0,3183,3902.0
Cairo_y2020.tif,632,0.0,0.09156645569620253,Cairo,0,3189,3902.0
Cairo_y2020.tif,1242,0.0,0.08639291465378422,Cairo,1,3273,3902.0
Cairo_y2020.tif,190,0.0,0.07110526315789473,Cairo,0,3205,3902.0
Cairo_y2020.tif,177,0.0,0.05347457627118644,Cairo,1,3222,3902.0
Cairo_y2020.tif,148,0.0,0.07618243243243245,Cairo,0,3209,3902.0
Cairo_y2020.tif,942,0.33121019108280253,0.19164543524416136,Cairo,0,3257,3902.0
Cairo_y2020.tif,180,0.0,0.06938888888888889,Cairo,0,3224,3902.0
Cairo_y2020.tif,176,0.0,0.06576704545454545,Cairo,0,3239,3902.0
Cairo_y2020.tif,479,0.7870563674321504,0.2664509394572025,Cairo,0,3048,3902.0
Cairo_y2020.tif,741,0.38191632928475033,0.23310391363022945,Cairo,0,3027,3902.0
Cairo_y2020.tif,800,0.53375,0.27114375,Cairo,1,3137,3902.0
Cairo_y2020.tif,476,0.014705882352941176,0.13976890756302524,Cairo,0,3116,3902.0
Cairo_y2020.tif,793,0.6960907944514502,0.3165699873896595,Cairo,0,3199,3902.0
Cairo_y2020.tif,1366,0.010980966325036604,0.0981698389458272,Cairo,0,3193,3902.0
Cairo_y2020.tif,477,0.6855345911949685,0.2894654088050314,Cairo,0,3217,3902.0
Cairo_y2020.tif,2588,0.0660741885625966,0.08463485316846987,Cairo,0,3419,3902.0
Cairo_y2020.tif,556,0.49460431654676257,0.25037769784172664,Cairo,1,3244,3902.0
Cairo_y2020.tif,685,0.021897810218978103,0.1044817518248175,Cairo,0,3263,3902.0
Cairo_y2020.tif,581,0.9776247848537005,0.3359122203098107,Cairo,0,3050,3902.0
Cairo_y2020.tif,1397,0.4030064423765211,0.16088045812455262,Cairo,0,3139,3902.0
Cairo_y2020.tif,661,0.10287443267776097,0.17796520423600604,Cairo,0,3232,3902.0
Cairo_y2020.tif,3635,0.6770288858321871,0.24605777166437415,Cairo,0,3334,3902.0
Cairo_y2020.tif,2145,0.6023310023310023,0.2106853146853147,Cairo,0,3379,3902.0
Cairo_y2020.tif,874,0.21853546910755148,0.17968535469107552,Cairo,0,3323,3902.0
Cairo_y2020.tif,4607,0.28044280442804426,0.16052854352072932,Cairo,0,3522,3902.0
Cairo_y2020.tif,8940,0.3070469798657718,0.1302908277404922,Cairo,0,3614,3902.0
Cairo_y2020.tif,817,0.5495716034271726,0.18380048959608322,Cairo,0,3465,3902.0
Cairo_y2020.tif,1969,0.14220416455053325,0.10293803961401726,Cairo,0,3581,3902.0
Cairo_y2020.tif,954,0.0041928721174004195,0.16265199161425578,Cairo,0,3269,3902.0
Cairo_y2020.tif,653,0.0,0.1863782542113323,Cairo,0,3354,3902.0
Cairo_y2020.tif,258,0.007751937984496124,0.21124031007751937,Cairo,0,3297,3902.0
Cairo_y2020.tif,399,0.5764411027568922,0.28364661654135337,Cairo,0,3360,3902.0
Cairo_y2020.tif,598,0.7926421404682275,0.3016555183946488,Cairo,1,3396,3902.0
Cairo_y2020.tif,464,0.0,0.062349137931034485,Cairo,0,3370,3902.0
Cairo_y2020.tif,353,0.0028328611898017,0.17124645892351276,Cairo,1,3375,3902.0
Cairo_y2020.tif,167,0.0,0.1125748502994012,Cairo,0,3367,3902.0
Cairo_y2020.tif,380,0.0,0.09742105263157894,Cairo,0,3413,3902.0
Cairo_y2020.tif,278,0.5611510791366906,0.29456834532374093,Cairo,0,3418,3902.0
Cairo_y2020.tif,166,0.0,0.06009036144578313,Cairo,0,3237,3902.0
Cairo_y2020.tif,171,0.0,0.053099415204678355,Cairo,0,3268,3902.0
Cairo_y2020.tif,406,0.0,0.048497536945812804,Cairo,0,3282,3902.0
Cairo_y2020.tif,413,0.0,0.08105326876513318,Cairo,0,3302,3902.0
Cairo_y2020.tif,290,0.0896551724137931,0.19836206896551722,Cairo,1,3290,3902.0
Cairo_y2020.tif,309,0.0,0.053786407766990285,Cairo,0,3326,3902.0
Cairo_y2020.tif,305,0.1540983606557377,0.20236065573770493,Cairo,1,3330,3902.0
Cairo_y2020.tif,477,0.0,0.051918238993710696,Cairo,0,3391,3902.0
Cairo_y2020.tif,161,0.15527950310559005,0.18947204968944095,Cairo,0,3347,3902.0
Cairo_y2020.tif,1238,0.0,0.10811793214862679,Cairo,0,3397,3902.0
Cairo_y2020.tif,2419,0.3625465068210004,0.164286895411327,Cairo,0,3385,3902.0
Cairo_y2020.tif,636,0.0,0.07047955974842768,Cairo,0,3327,3902.0
Cairo_y2020.tif,742,0.005390835579514825,0.08609838274932613,Cairo,0,3409,3902.0
Cairo_y2020.tif,328,0.0,0.07666158536585366,Cairo,0,3411,3902.0
Cairo_y2020.tif,683,0.0,0.05114202049780381,Cairo,0,3436,3902.0
Cairo_y2020.tif,234,0.0,0.054871794871794874,Cairo,0,3431,3902.0
Cairo_y2020.tif,182,0.0,0.056785714285714294,Cairo,0,3456,3902.0
Cairo_y2020.tif,531,0.0,0.03400188323917138,Cairo,0,3487,3902.0
Cairo_y2020.tif,268,0.0,0.13020522388059702,Cairo,0,3469,3902.0
Cairo_y2020.tif,148,0.0,0.05415540540540541,Cairo,0,3480,3902.0
Cairo_y2020.tif,258,0.17054263565891473,0.18967054263565888,Cairo,1,3366,3902.0
Cairo_y2020.tif,428,0.1588785046728972,0.17649532710280372,Cairo,1,3395,3902.0
Cairo_y2020.tif,496,0.0,0.08602822580645161,Cairo,0,3423,3902.0
Cairo_y2020.tif,698,0.0,0.12095272206303724,Cairo,1,3443,3902.0
Cairo_y2020.tif,247,0.0,0.12668016194331985,Cairo,0,3417,3902.0
Cairo_y2020.tif,256,0.0,0.11166015625,Cairo,1,3439,3902.0
Cairo_y2020.tif,764,0.08376963350785341,0.13956151832460734,Cairo,0,3453,3902.0
Cairo_y2020.tif,255,0.0,0.0935686274509804,Cairo,1,3454,3902.0
Cairo_y2020.tif,354,0.1384180790960452,0.17456214689265537,Cairo,0,3477,3902.0
Cairo_y2020.tif,218,0.0,0.07353211009174312,Cairo,0,3470,3902.0
Cairo_y2020.tif,306,0.0,0.060996732026143786,Cairo,0,3511,3902.0
Cairo_y2020.tif,1303,0.0,0.04342670759785111,Cairo,0,3523,3902.0
Cairo_y2020.tif,1009,0.0,0.05315163528245788,Cairo,0,3561,3902.0
Cairo_y2020.tif,278,0.01079136690647482,0.1126618705035971,Cairo,0,3551,3902.0
Cairo_y2020.tif,129,0.0,0.04848837209302325,Cairo,0,3536,3902.0
Cairo_y2020.tif,504,0.0,0.06338293650793651,Cairo,0,3607,3902.0
Cairo_y2020.tif,304,0.0,0.08633223684210525,Cairo,0,3582,3902.0
Cairo_y2020.tif,973,0.0,0.05118191161356629,Cairo,0,3636,3902.0
Cairo_y2020.tif,518,0.7297297297297297,0.3114864864864865,Cairo,1,3613,3902.0
Cairo_y2020.tif,161,0.0,0.11906832298136645,Cairo,0,3587,3902.0
Cairo_y2020.tif,394,0.0025380710659898475,0.14356598984771574,Cairo,0,3495,3902.0
Cairo_y2020.tif,305,0.0,0.08890163934426229,Cairo,0,3526,3902.0
Cairo_y2020.tif,548,0.0,0.0880839416058394,Cairo,1,3550,3902.0
Cairo_y2020.tif,808,0.0,0.09592202970297029,Cairo,0,3565,3902.0
Cairo_y2020.tif,444,0.35585585585585583,0.17745495495495497,Cairo,1,3544,3902.0
Cairo_y2020.tif,369,0.0,0.08299457994579945,Cairo,0,3568,3902.0
Cairo_y2020.tif,388,0.9175257731958762,0.37306701030927836,Cairo,0,3623,3902.0
Cairo_y2020.tif,849,0.0,0.07336866902237926,Cairo,1,3634,3902.0
Cairo_y2020.tif,509,0.0412573673870334,0.1274066797642436,Cairo,1,3630,3902.0
Cairo_y2020.tif,830,0.9867469879518073,0.38163855421686743,Cairo,1,3686,3902.0
Cairo_y2020.tif,403,1.0,0.3497518610421836,Cairo,0,3528,3902.0
Cairo_y2020.tif,981,0.15392456676860347,0.0708868501529052,Cairo,0,3666,3902.0
Cairo_y2020.tif,562,0.028469750889679714,0.08160142348754448,Cairo,0,3546,3902.0
Cairo_y2020.tif,505,0.0,0.06416831683168317,Cairo,0,3556,3902.0
Cairo_y2020.tif,559,0.0,0.05501788908765652,Cairo,0,3597,3902.0
Cairo_y2020.tif,999,0.7127127127127127,0.24311811811811812,Cairo,0,3573,3902.0
Cairo_y2020.tif,585,0.0,0.047982905982905985,Cairo,0,3657,3902.0
Cairo_y2020.tif,2521,0.013883379611265371,0.05728084093613645,Cairo,0,3750,3902.0
Cairo_y2020.tif,1526,0.0,0.07958387942332897,Cairo,0,3695,3902.0
Cairo_y2020.tif,2472,0.020226537216828478,0.08545307443365696,Cairo,0,3765,3902.0
Cairo_y2020.tif,202,0.0297029702970297,0.12344059405940591,Cairo,0,3650,3902.0
Cairo_y2020.tif,666,0.09309309309309309,0.14882882882882884,Cairo,0,3674,3902.0
Cairo_y2020.tif,240,0.0,0.10885416666666667,Cairo,0,3667,3902.0
Cairo_y2020.tif,922,0.0,0.052895878524945775,Cairo,0,3699,3902.0
Cairo_y2020.tif,321,0.0,0.07543613707165109,Cairo,1,3735,3902.0
Cairo_y2020.tif,516,0.0,0.07806201550387595,Cairo,0,3772,3902.0
Cairo_y2020.tif,480,1.0,0.3918854166666667,Cairo,1,3747,3902.0
Cairo_y2020.tif,369,0.2791327913279133,0.17762872628726287,Cairo,0,3746,3902.0
Cairo_y2020.tif,667,0.0,0.046086956521739136,Cairo,0,3769,3902.0
Cairo_y2020.tif,271,0.9704797047970479,0.30647601476014763,Cairo,1,3761,3902.0
Cairo_y2020.tif,226,0.19911504424778761,0.2220796460176991,Cairo,1,3594,3902.0
Cairo_y2020.tif,833,0.026410564225690276,0.07722689075630254,Cairo,0,3639,3902.0
Cairo_y2020.tif,143,0.0,0.11458041958041962,Cairo,0,3640,3902.0
Cairo_y2020.tif,1016,0.0,0.07097933070866143,Cairo,0,3717,3902.0
Cairo_y2020.tif,227,0.14977973568281938,0.24022026431718063,Cairo,0,3647,3902.0
Cairo_y2020.tif,959,0.029197080291970802,0.13074556830031284,Cairo,0,3728,3902.0
Cairo_y2020.tif,231,0.974025974025974,0.3551515151515151,Cairo,1,3683,3902.0
Cairo_y2020.tif,757,0.0,0.11830250990752972,Cairo,0,3757,3902.0
Cairo_y2020.tif,592,0.19256756756756757,0.20985641891891893,Cairo,1,3759,3902.0
Cairo_y2020.tif,787,0.613722998729352,0.2233672172808132,Cairo,0,3806,3902.0
Cairo_y2020.tif,452,0.4358407079646018,0.23025442477876107,Cairo,0,3792,3902.0
Cairo_y2020.tif,2254,0.0,0.08372670807453417,Cairo,0,3847,3902.0
Cairo_y2020.tif,345,0.8521739130434782,0.2845507246376811,Cairo,1,3819,3902.0
Cairo_y2020.tif,2798,0.2065761258041458,0.12806290207290924,Cairo,0,3979,3902.0
Cairo_y2020.tif,1266,0.19984202211690363,0.2190876777251185,Cairo,0,3873,3902.0
Cairo_y2020.tif,352,0.0,0.11336647727272728,Cairo,0,3835,3902.0
Cairo_y2020.tif,1455,0.0,0.04288659793814433,Cairo,0,3982,3902.0
Cairo_y2020.tif,280,0.04642857142857143,0.157375,Cairo,1,3877,3902.0
Cairo_y2020.tif,577,0.0,0.02718370883882149,Cairo,0,3887,3902.0
Cairo_y2020.tif,155,0.0,0.07074193548387096,Cairo,0,3898,3902.0
Cairo_y2020.tif,173,0.0,0.05011560693641619,Cairo,0,3763,3902.0
Cairo_y2020.tif,463,0.9719222462203023,0.328488120950324,Cairo,1,3791,3902.0
Cairo_y2020.tif,225,0.013333333333333334,0.11417777777777778,Cairo,0,3777,3902.0
Cairo_y2020.tif,110,0.0,0.0699090909090909,Cairo,1,3787,3902.0
Cairo_y2020.tif,317,0.0,0.05279179810725553,Cairo,1,3811,3902.0
Cairo_y2020.tif,147,0.8367346938775511,0.2585714285714285,Cairo,0,3795,3902.0
Cairo_y2020.tif,196,0.0,0.03938775510204081,Cairo,0,3808,3902.0
Cairo_y2020.tif,295,0.03389830508474576,0.0979491525423729,Cairo,0,3824,3902.0
Cairo_y2020.tif,233,0.07725321888412018,0.09914163090128754,Cairo,0,4004,3902.0
Cairo_y2020.tif,454,0.5947136563876652,0.2357488986784141,Cairo,0,3870,3902.0
Cairo_y2020.tif,566,0.030035335689045935,0.11954063604240282,Cairo,0,3770,3902.0
Cairo_y2020.tif,732,0.0,0.06689890710382514,Cairo,0,3851,3902.0
Cairo_y2020.tif,1461,0.0006844626967830253,0.06106776180698152,Cairo,0,3860,3902.0
Cairo_y2020.tif,713,0.14165497896213183,0.18582748948106592,Cairo,0,3872,3902.0
Cairo_y2020.tif,940,0.39893617021276595,0.22046276595744682,Cairo,0,3828,3902.0
Cairo_y2020.tif,2088,0.22126436781609196,0.10761494252873563,Cairo,0,3993,3902.0
Cairo_y2020.tif,626,0.01437699680511182,0.1375958466453674,Cairo,0,3916,3902.0
Cairo_y2020.tif,1541,0.09863724853990916,0.17129461388708628,Cairo,0,4014,3902.0
Cairo_y2020.tif,1223,0.7579721995094031,0.31704415372035977,Cairo,1,3927,3902.0
Cairo_y2020.tif,1865,0.0,0.09702144772117964,Cairo,0,3971,3902.0
Cairo_y2020.tif,231,0.0,0.03251082251082252,Cairo,0,3856,3902.0
Cairo_y2020.tif,146,0.0,0.06315068493150686,Cairo,1,3863,3902.0
Cairo_y2020.tif,475,0.06315789473684211,0.1610421052631579,Cairo,0,3901,3902.0
Cairo_y2020.tif,190,0.005263157894736842,0.12223684210526317,Cairo,0,3900,3902.0
Cairo_y2020.tif,155,0.0,0.062096774193548386,Cairo,0,3892,3902.0
Cairo_y2020.tif,513,0.003898635477582846,0.08585769980506823,Cairo,0,3984,3902.0
Cairo_y2020.tif,753,0.03851261620185923,0.1404448871181939,Cairo,0,3966,3902.0
Cairo_y2020.tif,668,0.09431137724550898,0.11898203592814371,Cairo,1,3999,3902.0
Cairo_y2020.tif,413,0.0,0.08501210653753026,Cairo,0,3981,3902.0
Cairo_y2020.tif,2359,0.040695209834675714,0.11856295040271302,Cairo,0,4061,3902.0
Cairo_y2020.tif,490,0.22448979591836735,0.14918367346938777,Cairo,0,3942,3902.0
Cairo_y2020.tif,1258,0.5119236883942766,0.21616057233704297,Cairo,0,3985,3902.0
Cairo_y2020.tif,239,0.0,0.039456066945606695,Cairo,0,3931,3902.0
Cairo_y2020.tif,320,0.0,0.10520312500000002,Cairo,1,3958,3902.0
Cairo_y2020.tif,245,0.0,0.051081632653061225,Cairo,0,3922,3902.0
Cairo_y2020.tif,188,0.0,0.0499468085106383,Cairo,1,3987,3902.0
Cairo_y2020.tif,242,0.0,0.051115702479338845,Cairo,0,4002,3902.0
Cairo_y2020.tif,396,0.13131313131313133,0.15685606060606058,Cairo,1,4024,3902.0
Cairo_y2020.tif,1220,0.0,0.08188114754098362,Cairo,1,4064,3902.0
Cairo_y2020.tif,412,0.1262135922330097,0.1966747572815534,Cairo,1,4035,3902.0
Cairo_y2020.tif,599,0.0,0.11373121869782972,Cairo,0,3996,3902.0
Cairo_y2020.tif,259,0.08108108108108109,0.18563706563706564,Cairo,0,4018,3902.0
Cairo_y2020.tif,211,0.0,0.06390995260663507,Cairo,0,4008,3902.0
Cairo_y2020.tif,340,0.0,0.0986470588235294,Cairo,1,4025,3902.0
Cairo_y2020.tif,989,0.2103134479271992,0.1840748230535895,Cairo,1,4045,3902.0
Cairo_y2020.tif,678,0.02359882005899705,0.13407079646017697,Cairo,1,4083,3902.0
Cairo_y2020.tif,160,0.0,0.05543750000000001,Cairo,0,4053,3902.0
Cairo_y2020.tif,377,0.0,0.041100795755968166,Cairo,0,4065,3902.0
Cairo_y2020.tif,309,0.0,0.10713592233009708,Cairo,0,4067,3902.0
Cairo_y2020.tif,170,0.9352941176470588,0.28602941176470587,Cairo,0,4090,3902.0
Cairo_y2020.tif,584,0.0,0.06706335616438357,Cairo,0,3983,3902.0
Cairo_y2020.tif,1227,0.947840260798696,0.3767440912795436,Cairo,0,4029,3902.0
Cairo_y2020.tif,692,0.0,0.07344653179190752,Cairo,0,4057,3902.0
Cairo_y2020.tif,821,0.0,0.053982947624847746,Cairo,0,4016,3902.0
Cairo_y2020.tif,678,0.0,0.05928466076696165,Cairo,1,4079,3902.0
Cairo_y2020.tif,1927,0.6803321224701608,0.3110352880124546,Cairo,0,4066,3902.0
Cairo_y2020.tif,482,0.002074688796680498,0.08052904564315355,Cairo,0,4112,3902.0
Cairo_y2020.tif,945,0.7534391534391535,0.322962962962963,Cairo,0,4125,3902.0
Cairo_y2020.tif,605,0.009917355371900827,0.09764462809917356,Cairo,0,4154,3902.0
Cairo_y2020.tif,489,0.0,0.06841513292433538,Cairo,0,4166,3902.0
Cairo_y2020.tif,208,0.0,0.17021634615384615,Cairo,0,4048,3902.0
Cairo_y2020.tif,1189,0.005887300252312868,0.07998317914213625,Cairo,0,4143,3902.0
Cairo_y2020.tif,469,0.0,0.09162046908315565,Cairo,0,4131,3902.0
Cairo_y2020.tif,709,0.0014104372355430183,0.13377997179125528,Cairo,1,4150,3902.0
Cairo_y2020.tif,703,0.29871977240398295,0.22662873399715508,Cairo,0,4161,3902.0
Cairo_y2020.tif,176,1.0,0.3223579545454545,Cairo,0,4098,3902.0
Cairo_y2020.tif,385,0.5298701298701298,0.24137662337662338,Cairo,0,4078,3902.0
Cairo_y2020.tif,587,0.0034071550255536627,0.12343270868824528,Cairo,0,4122,3902.0
Cairo_y2020.tif,1278,0.3403755868544601,0.1629381846635368,Cairo,0,4214,3902.0
Cairo_y2020.tif,719,0.005563282336578581,0.11760778859527121,Cairo,1,4167,3902.0
Cairo_y2020.tif,296,0.0,0.052263513513513514,Cairo,0,4096,3902.0
Cairo_y2020.tif,960,0.052083333333333336,0.097671875,Cairo,0,4107,3902.0
Cairo_y2020.tif,364,0.0,0.07112637362637363,Cairo,0,4127,3902.0
Cairo_y2020.tif,286,0.0,0.146486013986014,Cairo,0,4133,3902.0
Cairo_y2020.tif,230,0.5521739130434783,0.25284782608695655,Cairo,0,4128,3902.0
Cairo_y2020.tif,370,0.0,0.11074324324324325,Cairo,0,4149,3902.0
Cairo_y2020.tif,319,0.7147335423197492,0.26681818181818184,Cairo,0,4155,3902.0
Cairo_y2020.tif,660,0.0,0.06475757575757576,Cairo,1,4172,3902.0
Cairo_y2020.tif,249,0.0,0.04491967871485943,Cairo,0,4178,3902.0
Cairo_y2020.tif,170,0.3941176470588235,0.2240294117647059,Cairo,0,4179,3902.0
Cairo_y2020.tif,1358,0.9182621502209131,0.34589101620029455,Cairo,0,4140,3902.0
Cairo_y2020.tif,492,0.0,0.026016260162601626,Cairo,0,4187,3902.0
Cairo_y2020.tif,1686,0.3446026097271649,0.21530545670225384,Cairo,1,4080,3902.0
Cairo_y2020.tif,651,1.0,0.3743471582181259,Cairo,0,4182,3902.0
Cairo_y2020.tif,1195,0.9598326359832636,0.3682761506276151,Cairo,0,4213,3902.0
Cairo_y2020.tif,1436,0.0,0.04556058495821728,Cairo,0,4231,3902.0
Cairo_y2020.tif,869,0.0,0.059269275028768706,Cairo,0,4395,3902.0
Cairo_y2020.tif,787,0.0025412960609911056,0.05297331639135959,Cairo,0,4409,3902.0
Cairo_y2020.tif,1000,0.312,0.22323,Cairo,0,4292,3902.0
Cairo_y2020.tif,699,0.008583690987124463,0.0997925608011445,Cairo,0,4302,3902.0
Cairo_y2020.tif,294,0.5544217687074829,0.2451360544217687,Cairo,1,4185,3902.0
Cairo_y2020.tif,306,0.3366013071895425,0.20354575163398694,Cairo,0,4175,3902.0
Cairo_y2020.tif,789,0.4296577946768061,0.22536755386565271,Cairo,1,4218,3902.0
Cairo_y2020.tif,1032,0.24127906976744187,0.1963468992248062,Cairo,0,4239,3902.0
Cairo_y2020.tif,205,0.0,0.09797560975609756,Cairo,0,4243,3902.0
Cairo_y2020.tif,335,0.020895522388059702,0.15423880597014925,Cairo,0,4284,3902.0
Cairo_y2020.tif,1175,0.03914893617021276,0.07527659574468086,Cairo,0,4235,3902.0
Cairo_y2020.tif,728,0.0,0.07763736263736264,Cairo,0,4295,3902.0
Cairo_y2020.tif,890,0.4640449438202247,0.23652808988764043,Cairo,1,4250,3902.0
Cairo_y2020.tif,565,0.0,0.04792920353982301,Cairo,0,4301,3902.0
Cairo_y2020.tif,374,0.0,0.035401069518716584,Cairo,0,4205,3902.0
Cairo_y2020.tif,272,0.04044117647058824,0.13058823529411764,Cairo,1,4204,3902.0
Cairo_y2020.tif,223,0.0,0.03408071748878924,Cairo,0,4220,3902.0
Cairo_y2020.tif,192,0.0,0.06359375,Cairo,0,4226,3902.0
Cairo_y2020.tif,212,0.0,0.06938679245283018,Cairo,0,4228,3902.0
Cairo_y2020.tif,183,0.00546448087431694,0.1730327868852459,Cairo,0,4230,3902.0
Cairo_y2020.tif,229,0.0,0.049213973799126634,Cairo,0,4194,3902.0
Cairo_y2020.tif,306,0.0,0.03214052287581699,Cairo,0,4238,3902.0
Cairo_y2020.tif,226,0.0,0.16192477876106195,Cairo,0,4253,3902.0
Cairo_y2020.tif,901,0.0,0.10402885682574917,Cairo,0,4307,3902.0
Cairo_y2020.tif,224,0.0,0.15345982142857142,Cairo,0,4267,3902.0
Cairo_y2020.tif,306,0.0,0.029362745098039218,Cairo,0,4260,3902.0
Cairo_y2020.tif,168,0.0,0.1317559523809524,Cairo,1,4276,3902.0
Cairo_y2020.tif,410,0.0,0.0425,Cairo,0,4282,3902.0
Cairo_y2020.tif,445,0.0,0.08892134831460674,Cairo,0,4296,3902.0
Cairo_y2020.tif,404,0.0,0.029047029702970295,Cairo,0,4303,3902.0
Cairo_y2020.tif,275,0.0,0.042727272727272725,Cairo,1,4306,3902.0
Cairo_y2020.tif,457,0.0,0.0888293216630197,Cairo,0,4336,3902.0
Cairo_y2020.tif,231,0.0,0.13783549783549784,Cairo,0,4363,3902.0
Cairo_y2020.tif,484,0.0,0.061291322314049594,Cairo,0,4343,3902.0
Cairo_y2020.tif,1205,0.8157676348547718,0.3374979253112033,Cairo,0,4274,3902.0
Cairo_y2020.tif,1085,0.1889400921658986,0.1246221198156682,Cairo,0,4350,3902.0
Cairo_y2020.tif,678,0.0,0.06583333333333334,Cairo,0,4326,3902.0
Cairo_y2020.tif,390,0.0,0.0948974358974359,Cairo,0,4332,3902.0
Cairo_y2020.tif,1789,0.28116266070430407,0.2341252096143097,Cairo,1,4344,3902.0
Cairo_y2020.tif,467,0.0,0.03620985010706639,Cairo,0,4368,3902.0
Cairo_y2020.tif,879,0.05802047781569966,0.2025824800910125,Cairo,0,4380,3902.0
Cairo_y2020.tif,508,0.0,0.05877952755905512,Cairo,1,4387,3902.0
Cairo_y2020.tif,1117,0.0035810205908683975,0.07101611459265891,Cairo,0,4404,3902.0
Cairo_y2020.tif,299,0.0,0.029230769230769227,Cairo,0,4424,3902.0
Cairo_y2020.tif,181,0.0,0.054834254143646406,Cairo,0,4308,3902.0
Cairo_y2020.tif,632,0.0,0.04568037974683545,Cairo,0,4329,3902.0
Cairo_y2020.tif,605,0.08925619834710743,0.10959504132231405,Cairo,0,4348,3902.0
Cairo_y2020.tif,780,0.03974358974358974,0.12297435897435896,Cairo,0,4338,3902.0
Cairo_y2020.tif,745,0.12080536912751678,0.11739597315436243,Cairo,0,4371,3902.0
Cairo_y2020.tif,539,0.0,0.030714285714285715,Cairo,1,4391,3902.0
Cairo_y2020.tif,417,0.0,0.04946043165467626,Cairo,0,4401,3902.0
Cairo_y2020.tif,897,0.0,0.039849498327759206,Cairo,0,4436,3902.0
Cairo_y2020.tif,498,0.0,0.050150602409638555,Cairo,0,4437,3902.0
Cairo_y2020.tif,1040,0.0,0.045125000000000005,Cairo,1,4468,3902.0
Cairo_y2020.tif,238,0.0,0.05804621848739497,Cairo,0,4339,3902.0
Cairo_y2020.tif,307,0.0,0.1243485342019544,Cairo,1,4352,3902.0
Cairo_y2020.tif,597,0.12562814070351758,0.1937437185929648,Cairo,0,4390,3902.0
Cairo_y2020.tif,234,0.0,0.07378205128205129,Cairo,1,4413,3902.0
Cairo_y2020.tif,429,0.0,0.07540792540792539,Cairo,0,4403,3902.0
Cairo_y2020.tif,375,0.0026666666666666666,0.17304,Cairo,1,4406,3902.0
Cairo_y2020.tif,344,0.0,0.11690406976744187,Cairo,0,4418,3902.0
Cairo_y2020.tif,544,0.0,0.07455882352941177,Cairo,1,4425,3902.0
Cairo_y2020.tif,406,0.0,0.12470443349753693,Cairo,0,4432,3902.0
Cairo_y2020.tif,168,0.017857142857142856,0.16464285714285715,Cairo,1,4431,3902.0
Cairo_y2020.tif,16795,0.00994343554629354,0.022239654659124742,6th of October,0,2,3881.0
Cairo_y2020.tif,7758,0.5754060324825986,0.21507991750451147,6th of October,0,4,3881.0
Cairo_y2020.tif,24194,0.15789038604612715,0.07601554104323385,6th of October,0,6,3881.0
Cairo_y2020.tif,7090,0.16431593794076163,0.09062834978843443,6th of October,0,5,3881.0
Cairo_y2020.tif,5265,0.748338081671415,0.230610636277303,6th of October,0,7,3881.0
Cairo_y2020.tif,5060,0.8440711462450593,0.2961521739130435,6th of October,0,11,3881.0
Cairo_y2020.tif,8527,0.24099917907822213,0.10403952151987803,6th of October,0,10,3881.0
Cairo_y2020.tif,6497,0.6350623364629829,0.23675003847929812,6th of October,0,15,3881.0
Cairo_y2020.tif,8841,0.4021038344078724,0.145502205632847,6th of October,0,18,3881.0
Cairo_y2020.tif,26943,0.0,0.019155810414578926,6th of October,0,0,3881.0
Cairo_y2020.tif,64965,0.05447548680058493,0.046725698453013165,6th of October,0,3,3881.0
Cairo_y2020.tif,40192,0.0,0.02203647492038217,6th of October,0,12,3881.0
Cairo_y2020.tif,61849,0.0,0.016247392843861664,6th of October,0,19,3881.0
Cairo_y2020.tif,13931,0.008326753284042782,0.03282966046945661,6th of October,0,28,3881.0
Cairo_y2020.tif,20975,0.0,0.0158150178784267,6th of October,0,1,3881.0
Cairo_y2020.tif,125101,0.0018145338566438317,0.024581658020319586,6th of October,0,8,3881.0
Cairo_y2020.tif,81881,0.004030239005385865,0.023112382604022912,6th of October,0,13,3881.0
Cairo_y2020.tif,74392,0.0007124421980858156,0.02152617216905044,6th of October,0,17,3881.0
Cairo_y2020.tif,7179,0.6952221757905,0.24695361470956956,6th of October,0,9,3881.0
Cairo_y2020.tif,8661,0.6949543932571297,0.24810125851518303,6th of October,0,14,3881.0
Cairo_y2020.tif,37539,0.07783904739071366,0.0561733130877221,6th of October,0,21,3881.0
Cairo_y2020.tif,42600,0.0,0.028842605633802816,6th of October,0,39,3881.0
Cairo_y2020.tif,4742,0.840784479122733,0.2975,6th of October,0,16,3881.0
Cairo_y2020.tif,39316,0.0008393529351917794,0.02127734255773731,6th of October,0,26,3881.0
Cairo_y2020.tif,7457,0.2758481963256001,0.12290733538956684,6th of October,0,22,3881.0
Cairo_y2020.tif,3101,0.6239922605611093,0.21743469848435987,6th of October,0,20,3881.0
Cairo_y2020.tif,5841,0.709467556925184,0.26689522342064714,6th of October,0,25,3881.0
Cairo_y2020.tif,3172,0.9962168978562421,0.3401166456494325,6th of October,0,23,3881.0
Cairo_y2020.tif,39317,0.0,0.019333240074268128,6th of October,0,33,3881.0
Cairo_y2020.tif,45136,0.004741226515420064,0.03231001861042184,6th of October,0,42,3881.0
Cairo_y2020.tif,7270,0.5288858321870702,0.20816437414030262,6th of October,0,29,3881.0
Cairo_y2020.tif,5296,0.3181646525679758,0.14053153323262843,6th of October,0,27,3881.0
Cairo_y2020.tif,5927,0.21731061245149316,0.11440948203138182,6th of October,0,32,3881.0
Cairo_y2020.tif,4294,0.31811830461108526,0.13501979506287842,6th of October,0,30,3881.0
Cairo_y2020.tif,9160,0.23820960698689955,0.10698144104803493,6th of October,0,24,3881.0
Cairo_y2020.tif,16947,0.3790051336519738,0.15045288251607955,6th of October,0,31,3881.0
Cairo_y2020.tif,5382,0.4667409884801189,0.1734503901895206,6th of October,0,35,3881.0
Cairo_y2020.tif,5769,0.2203154792858381,0.10383081989946265,6th of October,0,41,3881.0
Cairo_y2020.tif,3472,0.18951612903225806,0.11724942396313365,6th of October,0,36,3881.0
Cairo_y2020.tif,8675,0.4292795389048991,0.17163112391930835,6th of October,0,44,3881.0
Cairo_y2020.tif,13773,0.44812313947578597,0.17688847745589195,6th of October,0,43,3881.0
Cairo_y2020.tif,15009,0.11772936238257045,0.06739289759477647,6th of October,0,47,3881.0
Cairo_y2020.tif,8261,0.08255659121171771,0.06661481660815882,6th of October,0,53,3881.0
Cairo_y2020.tif,3852,0.9646936656282451,0.37140446521287646,6th of October,0,49,3881.0
Cairo_y2020.tif,4105,0.5403166869671133,0.19491352009744217,6th of October,0,34,3881.0
Cairo_y2020.tif,10787,0.19097061277463614,0.09463567256883286,6th of October,0,40,3881.0
Cairo_y2020.tif,5135,0.33339824732229795,0.14185686465433303,6th of October,0,38,3881.0
Cairo_y2020.tif,5057,0.10935337156416848,0.08587304726122208,6th of October,0,37,3881.0
Cairo_y2020.tif,7510,0.15246338215712382,0.07768375499334221,6th of October,0,45,3881.0
Cairo_y2020.tif,4463,0.0013443871835088505,0.04612032265292405,6th of October,0,46,3881.0
Cairo_y2020.tif,8573,0.0944826781756678,0.08873089933512189,6th of October,0,51,3881.0
Cairo_y2020.tif,6724,0.6096073765615705,0.20399092801903632,6th of October,0,48,3881.0
Cairo_y2020.tif,25146,0.1216495665314563,0.0705412391632864,6th of October,0,58,3881.0
Cairo_y2020.tif,23861,0.2696869368425464,0.11192238380621097,6th of October,0,66,3881.0
Cairo_y2020.tif,10461,0.19682630723640188,0.11737740177803269,6th of October,0,54,3881.0
Cairo_y2020.tif,6028,0.1935965494359655,0.10309970139349701,6th of October,0,55,3881.0
Cairo_y2020.tif,8351,0.5301161537540414,0.20041252544605437,6th of October,0,52,3881.0
Cairo_y2020.tif,7970,0.6888331242158093,0.24914052697616063,6th of October,0,59,3881.0
Cairo_y2020.tif,2067,0.9864537977745524,0.3730503144654088,6th of October,0,56,3881.0
Cairo_y2020.tif,2185,0.940045766590389,0.3232196796338673,6th of October,0,60,3881.0
Cairo_y2020.tif,4050,0.9197530864197531,0.35273086419753086,6th of October,0,64,3881.0
Cairo_y2020.tif,2236,0.9892665474060823,0.3362030411449016,6th of October,0,62,3881.0
Cairo_y2020.tif,4104,0.7943469785575049,0.2946625243664717,6th of October,0,65,3881.0
Cairo_y2020.tif,9772,0.1735571019238641,0.08159128121162505,6th of October,0,75,3881.0
Cairo_y2020.tif,5380,0.4079925650557621,0.16450743494423792,6th of October,0,57,3881.0
Cairo_y2020.tif,18169,0.4031592272552149,0.14929687929990643,6th of October,0,72,3881.0
Cairo_y2020.tif,3987,0.24278906445949336,0.11281665412590919,6th of October,0,63,3881.0
Cairo_y2020.tif,3578,0.6771939631078815,0.24732112912241475,6th of October,0,67,3881.0
Cairo_y2020.tif,5272,0.32682094081942337,0.12157814871016692,6th of October,0,71,3881.0
Cairo_y2020.tif,5556,0.2449604031677466,0.09806425485961123,6th of October,0,69,3881.0
Cairo_y2020.tif,33062,0.03381525618534874,0.049484604682112396,6th of October,0,91,3881.0
Cairo_y2020.tif,5534,0.7461149259125407,0.23876761835923382,6th of October,0,81,3881.0
Cairo_y2020.tif,4192,0.7115935114503816,0.24219107824427477,6th of October,0,79,3881.0
Cairo_y2020.tif,6092,0.26723571897570586,0.11218729481286935,6th of October,0,83,3881.0
Cairo_y2020.tif,4881,0.7717680803114116,0.2969862733046507,6th of October,0,70,3881.0
Cairo_y2020.tif,11259,0.7212008171240785,0.2652837729816147,6th of October,0,74,3881.0
Cairo_y2020.tif,5407,0.3748844090993157,0.15692990567782505,6th of October,0,73,3881.0
Cairo_y2020.tif,7974,0.44983697015299723,0.16118886380737396,6th of October,0,68,3881.0
Cairo_y2020.tif,7289,0.2981204554808616,0.1325648237069557,6th of October,0,78,3881.0
Cairo_y2020.tif,4652,0.970335339638865,0.3503632846087704,6th of October,0,76,3881.0
Cairo_y2020.tif,3309,0.9253550921728619,0.3254306436990027,6th of October,0,77,3881.0
Cairo_y2020.tif,6551,0.29476415814379486,0.13600442680506794,6th of October,0,82,3881.0
Cairo_y2020.tif,3824,0.41736401673640167,0.14514905857740584,6th of October,0,87,3881.0
Cairo_y2020.tif,10442,0.7731277533039648,0.26304922428653515,6th of October,0,89,3881.0
Cairo_y2020.tif,4471,0.37351822858420936,0.1391467233281145,6th of October,0,80,3881.0
Cairo_y2020.tif,5323,0.21284989667480744,0.0963075333458576,6th of October,0,86,3881.0
Cairo_y2020.tif,12005,0.31928363182007496,0.12458184089962515,6th of October,0,84,3881.0
Cairo_y2020.tif,5961,0.09042107029021976,0.0740513336688475,6th of October,0,90,3881.0
Cairo_y2020.tif,2561,0.373291682936353,0.1381862553689965,6th of October,0,88,3881.0
Cairo_y2020.tif,7881,0.539906103286385,0.1861863976652709,6th of October,0,97,3881.0
Cairo_y2020.tif,8270,0.035550181378476424,0.05680713422007256,6th of October,0,95,3881.0
Cairo_y2020.tif,3341,0.5264890751272074,0.18709368452559116,6th of October,0,94,3881.0
Cairo_y2020.tif,2553,0.5142969056012534,0.17760673717195458,6th of October,0,93,3881.0
Cairo_y2020.tif,12491,0.1408213914018093,0.07970738932031063,6th of October,0,96,3881.0
Cairo_y2020.tif,3770,0.7363395225464191,0.24485145888594165,6th of October,0,92,3881.0
Cairo_y2020.tif,5842,0.46131461828141046,0.17078055460458746,6th of October,0,85,3881.0
Cairo_y2020.tif,8378,0.8645261398901886,0.28892993554547625,6th of October,0,99,3881.0
Cairo_y2020.tif,4935,0.43465045592705165,0.18496859169199595,6th of October,0,101,3881.0
Cairo_y2020.tif,6234,0.15174847609881295,0.09826515880654477,6th of October,0,105,3881.0
Cairo_y2020.tif,32630,0.0,0.0313585657370518,6th of October,0,114,3881.0
Cairo_y2020.tif,13003,0.42328693378451127,0.17570945166500038,6th of October,0,109,3881.0
Cairo_y2020.tif,11744,0.0809775204359673,0.08073484332425068,6th of October,0,108,3881.0
Cairo_y2020.tif,48768,0.09940944881889764,0.04997313812335958,6th of October,0,120,3881.0
Cairo_y2020.tif,27047,0.13387806411062225,0.07748253041002699,6th of October,0,112,3881.0
Cairo_y2020.tif,4039,0.10175786085664769,0.08971651398861104,6th of October,0,98,3881.0
Cairo_y2020.tif,8936,0.21553267681289168,0.1065706132497762,6th of October,0,103,3881.0
Cairo_y2020.tif,13260,0.40874811463046756,0.14596983408748115,6th of October,0,104,3881.0
Cairo_y2020.tif,6528,0.23314950980392157,0.11827971813725491,6th of October,0,100,3881.0
Cairo_y2020.tif,3028,0.4108322324966975,0.1538028401585205,6th of October,0,102,3881.0
Cairo_y2020.tif,6539,0.1492582963755926,0.08963450068817864,6th of October,0,107,3881.0
Cairo_y2020.tif,2527,0.6735259200633161,0.2384922833399288,6th of October,0,106,3881.0
Cairo_y2020.tif,11366,0.4029561851134964,0.14760337849727256,6th of October,0,111,3881.0
Cairo_y2020.tif,4043,0.6930497155577542,0.22420603512243384,6th of October,0,113,3881.0
Cairo_y2020.tif,15135,0.3686818632309217,0.14356656755863892,6th of October,0,110,3881.0
Cairo_y2020.tif,11081,0.022922118942333723,0.057311614475227875,6th of October,0,119,3881.0
Cairo_y2020.tif,4172,0.06951102588686481,0.11526486097794823,6th of October,0,115,3881.0
Cairo_y2020.tif,13886,0.22526285467377213,0.10512242546449661,6th of October,0,121,3881.0
Cairo_y2020.tif,7338,0.21559007904061053,0.10272962660125376,6th of October,0,123,3881.0
Cairo_y2020.tif,15629,0.0,0.025709898266043897,6th of October,0,124,3881.0
Cairo_y2020.tif,10423,0.0,0.025622181713518186,6th of October,0,122,3881.0
Cairo_y2020.tif,22068,0.09747145187601958,0.06449859525104223,6th of October,0,125,3881.0
Cairo_y2020.tif,11670,0.09562982005141388,0.06543016281062553,6th of October,0,126,3881.0
Cairo_y2020.tif,12837,0.0663706473475111,0.0651990340422217,6th of October,0,127,3881.0
Cairo_y2020.tif,121273,0.0,0.0,Ashmoun,0,1,3878.0
Cairo_y2020.tif,192517,0.0038749824690806527,0.02104466099097742,6th of October,0,61,3881.0
Cairo_y2020.tif,15230,0.0018384766907419566,0.021118187787261985,6th of October,0,50,3881.0
Cairo_y2020.tif,5544,0.6026334776334776,0.21761634199134197,6th of October,0,116,3881.0
Cairo_y2020.tif,11050,0.03855203619909502,0.05354570135746606,6th of October,0,117,3881.0
Cairo_y2020.tif,5440,0.06213235294117647,0.07128124999999999,6th of October,0,118,3881.0
Cairo_y2020.tif,37964,0.0,0.0,Ashmoun,0,62,3878.0
Cairo_y2020.tif,58439,0.0,0.0,Ashmoun,0,36,3878.0
Cairo_y2020.tif,8458,0.0,0.0,Ashmoun,0,32,3878.0
Cairo_y2020.tif,13262,0.0,0.0,Ashmoun,0,31,3878.0
Cairo_y2020.tif,15755,0.0,0.0,Ashmoun,0,52,3878.0
Cairo_y2020.tif,9958,0.0,0.0,Ashmoun,0,64,3878.0
Cairo_y2020.tif,10278,0.0,0.0,Ashmoun,0,78,3878.0
Cairo_y2020.tif,2059,0.0,0.0,Ashmoun,0,66,3878.0
Cairo_y2020.tif,1709,0.0,0.0,Ashmoun,1,71,3878.0
Cairo_y2020.tif,43236,0.0,0.0,Ashmoun,0,50,3878.0
Cairo_y2020.tif,611,0.0,0.0,Ashmoun,0,74,3878.0
Cairo_y2020.tif,3000,0.0,0.0,Ashmoun,0,84,3878.0
Cairo_y2020.tif,19170,0.0,0.0,Ashmoun,0,99,3878.0
Cairo_y2020.tif,19915,0.0,0.0,Ashmoun,0,114,3878.0
Cairo_y2020.tif,23804,0.0,0.0,Ashmoun,0,131,3878.0
Cairo_y2020.tif,22738,0.0,0.0,Ashmoun,0,133,3878.0
Cairo_y2020.tif,2703,0.0,0.0,Ashmoun,0,145,3878.0
Cairo_y2020.tif,31016,0.0,0.0,Ashmoun,0,155,3878.0
Cairo_y2020.tif,613,0.598694942903752,0.2723980424143556,Cairo,1,7170,3902.0
Cairo_y2020.tif,1620,0.12160493827160494,0.09412654320987655,Cairo,0,7235,3902.0
Cairo_y2020.tif,713,0.5021037868162693,0.25414446002805047,Cairo,1,7217,3902.0
Cairo_y2020.tif,3692,0.0,0.019775189599133266,Cairo,0,7404,3902.0
Cairo_y2020.tif,1074,0.061452513966480445,0.14971135940409683,Cairo,1,7293,3902.0
Cairo_y2020.tif,917,0.03162486368593239,0.14844601962922574,Cairo,1,7312,3902.0
Cairo_y2020.tif,513,0.0,0.10407407407407407,Cairo,1,7345,3902.0
Cairo_y2020.tif,784,0.07397959183673469,0.12604591836734694,Cairo,1,7353,3902.0
Cairo_y2020.tif,1101,0.008174386920980926,0.09247048138056313,Cairo,0,7393,3902.0
Cairo_y2020.tif,392,0.04846938775510204,0.11112244897959184,Cairo,0,7402,3902.0
Cairo_y2020.tif,1367,0.1163130943672275,0.16440380395025606,Cairo,0,7313,3902.0
Cairo_y2020.tif,1145,0.0,0.1124061135371179,Cairo,0,7373,3902.0
Cairo_y2020.tif,423,0.002364066193853428,0.07679669030732861,Cairo,0,7382,3902.0
Cairo_y2020.tif,787,0.7242693773824651,0.34091486658195674,Cairo,0,7570,3902.0
Cairo_y2020.tif,938,0.8166311300639659,0.3299946695095949,Cairo,1,7579,3902.0
Cairo_y2020.tif,981,0.21100917431192662,0.2260550458715596,Cairo,0,7596,3902.0
Cairo_y2020.tif,4251,0.1834862385321101,0.14884380145848033,Cairo,0,7776,3902.0
Cairo_y2020.tif,848,0.7995283018867925,0.33122051886792453,Cairo,1,7806,3902.0
Cairo_y2020.tif,3413,0.39730442426018164,0.18048344564898916,Cairo,0,7756,3902.0
Cairo_y2020.tif,1214,0.8509060955518946,0.3630807248764415,Cairo,1,7827,3902.0
Cairo_y2020.tif,592,0.8952702702702703,0.30579391891891894,Cairo,0,7410,3902.0
Cairo_y2020.tif,1289,0.9674166020170675,0.38171062839410397,Cairo,0,7418,3902.0
Cairo_y2020.tif,1497,0.20307281229124916,0.1044188376753507,Cairo,0,7434,3902.0
Cairo_y2020.tif,594,0.9966329966329966,0.3469444444444444,Cairo,1,7499,3902.0
Cairo_y2020.tif,1899,0.8941548183254344,0.30894154818325437,Cairo,0,7581,3902.0
Cairo_y2020.tif,1293,0.9860788863109049,0.3660286156225831,Cairo,0,7609,3902.0
Cairo_y2020.tif,3236,0.07571075401730532,0.06682478368355996,Cairo,0,7643,3902.0
Cairo_y2020.tif,738,0.9905149051490515,0.4025745257452575,Cairo,1,7600,3902.0
Cairo_y2020.tif,1073,0.902143522833178,0.3261416589002795,Cairo,0,7702,3902.0
Cairo_y2020.tif,2148,0.9157355679702048,0.3521159217877095,Cairo,0,7850,3902.0
Cairo_y2020.tif,503,0.9940357852882704,0.3283996023856859,Cairo,0,7787,3902.0
Cairo_y2020.tif,854,0.9601873536299765,0.3435538641686183,Cairo,1,7795,3902.0
Cairo_y2020.tif,1012,0.9762845849802372,0.40417984189723316,Cairo,1,7822,3902.0
Cairo_y2020.tif,789,0.9923954372623575,0.39923954372623577,Cairo,0,7766,3902.0
Cairo_y2020.tif,570,1.0,0.4143859649122807,Cairo,0,7797,3902.0
Cairo_y2020.tif,1051,0.7868696479543292,0.295418648905804,Cairo,0,7830,3902.0
Cairo_y2020.tif,1024,1.0,0.40362792968749994,Cairo,1,7908,3902.0
Cairo_y2020.tif,2140,1.0,0.3983738317757009,Cairo,1,7946,3902.0
Cairo_y2020.tif,1295,1.0,0.394061776061776,Cairo,1,8064,3902.0
Cairo_y2020.tif,885,0.9819209039548022,0.393,Cairo,1,8052,3902.0
Cairo_y2020.tif,910,0.020879120879120878,0.09464285714285714,Cairo,0,7424,3902.0
Cairo_y2020.tif,372,0.04032258064516129,0.1571774193548387,Cairo,1,7440,3902.0
Cairo_y2020.tif,1039,0.9865255052935515,0.3167083734359962,Cairo,0,7481,3902.0
Cairo_y2020.tif,638,0.9169278996865203,0.28446708463949844,Cairo,0,7510,3902.0
Cairo_y2020.tif,6966,0.173557278208441,0.06876973873097904,Cairo,0,7694,3902.0
Cairo_y2020.tif,7767,0.4756019054976181,0.17498841251448435,Cairo,0,7747,3902.0
Cairo_y2020.tif,10820,0.14121996303142328,0.0637583179297597,Cairo,0,7969,3902.0
Cairo_y2020.tif,1044,0.9961685823754789,0.40014367816091956,Cairo,0,8060,3902.0
Cairo_y2020.tif,1807,1.0,0.424557277255119,Cairo,0,8031,3902.0
Cairo_y2020.tif,2281,0.12889083735203857,0.05072117492327926,Cairo,0,8147,3902.0
Cairo_y2020.tif,929,1.0,0.41426264800861146,Cairo,1,8020,3902.0
Cairo_y2020.tif,455,1.0,0.4233956043956044,Cairo,0,8123,3902.0
Cairo_y2020.tif,386,1.0,0.41865284974093264,Cairo,0,8125,3902.0
Cairo_y2020.tif,343,1.0,0.41240524781341104,Cairo,1,8128,3902.0
Cairo_y2020.tif,701,1.0,0.4056562054208274,Cairo,1,8130,3902.0
Cairo_y2020.tif,1410,0.9773049645390071,0.3698262411347517,Cairo,0,8133,3902.0
Cairo_y2020.tif,710,1.0,0.43000704225352115,Cairo,1,8099,3902.0
Cairo_y2020.tif,1850,0.9837837837837838,0.38104324324324323,Cairo,0,8221,3902.0
Cairo_y2020.tif,396,1.0,0.3841792929292929,Cairo,1,8186,3902.0
Cairo_y2020.tif,1094,0.7294332723948812,0.24291133455210237,Cairo,0,8198,3902.0
Cairo_y2020.tif,1070,0.8803738317757009,0.3214859813084112,Cairo,0,8223,3902.0
Cairo_y2020.tif,670,0.4746268656716418,0.18054477611940298,Cairo,0,8242,3902.0
Cairo_y2020.tif,3076,0.034785435630689206,0.06799902470741223,Cairo,0,8438,3902.0
Cairo_y2020.tif,10016,0.0,0.005285543130990417,Cairo,0,9011,3902.0
Cairo_y2020.tif,10783,0.06334044329036446,0.027349995363071502,Cairo,0,9048,3902.0
Cairo_y2020.tif,2498,0.08646917534027222,0.05808646917534027,Cairo,0,9116,3902.0
Cairo_y2020.tif,2987,0.4315366588550385,0.17053230666220287,Cairo,0,9134,3902.0
Cairo_y2020.tif,1089,0.9568411386593205,0.3434481175390266,Cairo,0,9171,3902.0
Cairo_y2020.tif,450,0.9733333333333334,0.3652444444444445,Cairo,1,9185,3902.0
Cairo_y2020.tif,2262,0.3222811671087533,0.15227453580901856,Cairo,0,9258,3902.0
Cairo_y2020.tif,865,1.0,0.41229479768786126,Cairo,0,8079,3902.0
Cairo_y2020.tif,1134,0.9876543209876543,0.336305114638448,Cairo,0,8160,3902.0
Cairo_y2020.tif,546,1.0,0.3638003663003663,Cairo,1,8176,3902.0
Cairo_y2020.tif,3742,0.7365045430251203,0.25127605558524857,Cairo,0,8271,3902.0
Cairo_y2020.tif,9265,0.01273610361575823,0.011380464112250407,Cairo,0,8546,3902.0
Cairo_y2020.tif,41642,0.013664089140771336,0.007184092983045963,Cairo,0,8652,3902.0
Cairo_y2020.tif,8406,0.027123483226266953,0.021118248869854868,Cairo,0,9344,3902.0
Cairo_y2020.tif,32768,0.0008544921875,0.002656707763671875,Cairo,0,9630,3902.0
Cairo_y2020.tif,908,0.0,0.016668502202643175,Cairo,0,9331,3902.0
Cairo_y2020.tif,5359,0.09479380481433103,0.0504058593021086,Cairo,0,9597,3902.0
Cairo_y2020.tif,645,0.9751937984496124,0.3141860465116279,Cairo,0,7820,3902.0
Cairo_y2020.tif,25733,0.06462518944545914,0.036316985971320874,Cairo,0,8132,3902.0
Cairo_y2020.tif,880,0.05795454545454545,0.08561931818181819,Cairo,0,7997,3902.0
Cairo_y2020.tif,3945,0.22610899873257287,0.10963498098859316,Cairo,0,8067,3902.0
Cairo_y2020.tif,7883,0.0,0.004319421540022833,Cairo,0,8347,3902.0
Cairo_y2020.tif,51456,0.0,0.00015100279850746267,Cairo,0,8670,3902.0
Cairo_y2020.tif,26037,0.0,0.0,Cairo,0,8877,3902.0
Cairo_y2020.tif,25638,0.07582494734378657,0.02959376706451361,Cairo,0,9797,3902.0
Cairo_y2020.tif,14211,0.0,0.00014530997114910985,Cairo,0,9734,3902.0
Cairo_y2020.tif,16615,0.03912127595546193,0.011616009629852543,Cairo,0,10390,3902.0
Cairo_y2020.tif,280,0.9857142857142858,0.35748214285714286,Cairo,0,9190,3902.0
Cairo_y2020.tif,352,0.9630681818181818,0.3498863636363636,Cairo,0,9208,3902.0
Cairo_y2020.tif,1018,0.6365422396856582,0.23440569744597253,Cairo,0,9256,3902.0
Cairo_y2020.tif,350,0.9142857142857143,0.3222285714285714,Cairo,1,9263,3902.0
Cairo_y2020.tif,830,0.963855421686747,0.3715421686746988,Cairo,1,9298,3902.0
Cairo_y2020.tif,2784,0.4802442528735632,0.20658045977011494,Cairo,0,9351,3902.0
Cairo_y2020.tif,338,0.9911242603550295,0.3660798816568047,Cairo,1,9401,3902.0
Cairo_y2020.tif,572,1.0,0.3708741258741258,Cairo,0,9466,3902.0
Cairo_y2020.tif,326,0.9478527607361963,0.34450920245398775,Cairo,1,9507,3902.0
Cairo_y2020.tif,387,0.9896640826873385,0.370968992248062,Cairo,0,9511,3902.0
Cairo_y2020.tif,2322,0.8096468561584841,0.31396640826873384,Cairo,0,8102,3902.0
Cairo_y2020.tif,2141,0.47314339093881363,0.17271602055114435,Cairo,0,8154,3902.0
Cairo_y2020.tif,20402,0.024066268012939908,0.012734780903832957,Cairo,0,8348,3902.0
Cairo_y2020.tif,1556,0.15874035989717222,0.11698264781491005,Cairo,0,8233,3902.0
Cairo_y2020.tif,1017,0.7354965585054081,0.24495575221238938,Cairo,0,8138,3902.0
Cairo_y2020.tif,1203,0.03408146300914381,0.06913549459684123,Cairo,0,8356,3902.0
Cairo_y2020.tif,2630,0.20038022813688214,0.11613688212927757,Cairo,0,8388,3902.0
Cairo_y2020.tif,7616,0.1327468487394958,0.07452928046218488,Cairo,0,8390,3902.0
Cairo_y2020.tif,1105,0.19728506787330316,0.08467873303167421,Cairo,0,8352,3902.0
Cairo_y2020.tif,2991,0.015045135406218655,0.01896021397525911,Cairo,0,8357,3902.0
Cairo_y2020.tif,43301,0.0,0.0002704325535207039,Cairo,0,8475,3902.0
Cairo_y2020.tif,4083,0.0,0.0008253734998775411,Cairo,0,8562,3902.0
Cairo_y2020.tif,9416,0.0,0.0003509983007646559,Cairo,0,8866,3902.0
Cairo_y2020.tif,29319,0.000818581807019339,0.002892492922678127,Cairo,0,9222,3902.0
Cairo_y2020.tif,17296,0.0006359851988899167,0.01262979879740981,Cairo,0,9313,3902.0
Cairo_y2020.tif,4379,0.0,0.0,Cairo,0,9091,3902.0
Cairo_y2020.tif,13500,0.03155555555555556,0.034409259259259264,Cairo,0,9520,3902.0
Cairo_y2020.tif,9115,0.05606143719144268,0.02469720241360395,Cairo,0,9634,3902.0
Cairo_y2020.tif,11127,0.24409094994158353,0.09978880201312122,Cairo,0,9799,3902.0
Cairo_y2020.tif,21586,0.1220698600945057,0.07640229778560179,Cairo,0,10033,3902.0
Cairo_y2020.tif,27054,0.0,0.0,Cairo,0,8744,3902.0
Cairo_y2020.tif,13327,0.015457342237562842,0.00912508441509717,Cairo,0,8789,3902.0
Cairo_y2020.tif,18195,0.0,0.0011588348447375654,Cairo,0,8819,3902.0
Cairo_y2020.tif,36185,0.031808760536133754,0.019207406383860714,Cairo,0,9997,3902.0
Cairo_y2020.tif,17802,0.013313110886417257,0.011454050106729582,Cairo,0,9842,3902.0
Cairo_y2020.tif,24335,0.0004931169098006986,0.0014082597082391616,Cairo,0,9367,3902.0
Cairo_y2020.tif,7719,0.22269724057520404,0.09857041067495789,Cairo,0,10004,3902.0
Cairo_y2020.tif,16181,0.047154069587788144,0.02706075026265373,Cairo,0,9901,3902.0
Cairo_y2020.tif,3241,0.2489972230792965,0.10464362850971923,Cairo,0,9788,3902.0
Cairo_y2020.tif,699,1.0,0.41152360515021463,Cairo,1,9738,3902.0
Cairo_y2020.tif,31763,0.07234832981771243,0.04899804804332085,Cairo,0,8404,3902.0
Cairo_y2020.tif,16609,0.02053103738936721,0.007299656812571499,Cairo,0,8499,3902.0
Cairo_y2020.tif,17092,0.0452843435525392,0.03514041656915516,Cairo,0,8661,3902.0
Cairo_y2020.tif,25385,0.0,0.006113846759897577,Cairo,0,9045,3902.0
Cairo_y2020.tif,17531,0.06787975586104615,0.07528977240317153,Cairo,0,9118,3902.0
Cairo_y2020.tif,26191,0.06784773395441182,0.06385342293154136,Cairo,0,9271,3902.0
Cairo_y2020.tif,3342,0.0,0.0061205864751645725,Cairo,0,9144,3902.0
Cairo_y2020.tif,41550,0.028303249097472925,0.023721179302045727,Cairo,0,9791,3902.0
Cairo_y2020.tif,78316,0.002885744930793197,0.011579562286122887,Cairo,0,10513,3902.0
Cairo_y2020.tif,21724,0.01781439882157982,0.012164886761185784,Cairo,0,9533,3902.0
Cairo_y2020.tif,2057,0.49781234807972774,0.19426105979581915,Cairo,0,9765,3902.0
Cairo_y2020.tif,1107,0.928635953026197,0.2872222222222222,Cairo,0,9825,3902.0
Cairo_y2020.tif,920,0.9771739130434782,0.39462499999999995,Cairo,1,9864,3902.0
Cairo_y2020.tif,1104,0.9719202898550725,0.35693840579710145,Cairo,1,10003,3902.0
Cairo_y2020.tif,780,1.0,0.4036346153846154,Cairo,1,9948,3902.0
Cairo_y2020.tif,1060,0.9566037735849057,0.3384622641509434,Cairo,0,10015,3902.0
Cairo_y2020.tif,736,0.9279891304347826,0.3192595108695652,Cairo,1,10007,3902.0
Cairo_y2020.tif,1406,1.0,0.3771550497866287,Cairo,0,10129,3902.0
Cairo_y2020.tif,1269,0.77698975571316,0.27014184397163116,Cairo,0,10014,3902.0
Cairo_y2020.tif,7016,0.1758836944127708,0.07257055302166478,Cairo,0,10332,3902.0
Cairo_y2020.tif,3143,0.148902322621699,0.10000795418390072,Cairo,0,9385,3902.0
Cairo_y2020.tif,9766,0.0,0.0,Cairo,0,9619,3902.0
Cairo_y2020.tif,72336,0.014681486396814864,0.03653782349037824,Cairo,0,10825,3902.0
Cairo_y2020.tif,36573,0.0,0.0,Cairo,0,10877,3902.0
Cairo_y2020.tif,7355,0.015499660095173352,0.033002719238613185,Cairo,0,10476,3902.0
Cairo_y2020.tif,48024,2.0822921872397136e-05,0.009571776611694153,Cairo,0,10996,3902.0
Cairo_y2020.tif,2513,0.35216872264226023,0.18849582172701948,Cairo,0,10676,3902.0
Cairo_y2020.tif,6527,0.025586027271334456,0.027412287421480008,Cairo,0,10811,3902.0
Cairo_y2020.tif,13894,0.0,0.0,Cairo,0,11030,3902.0
Cairo_y2020.tif,7053,0.18488586417127464,0.08504891535516802,Cairo,0,10971,3902.0
Cairo_y2020.tif,535,0.9719626168224299,0.3066728971962617,Cairo,1,10120,3902.0
Cairo_y2020.tif,1391,0.9245147375988497,0.3357800143781452,Cairo,0,10219,3902.0
Cairo_y2020.tif,1237,0.9886822958771221,0.40040420371867425,Cairo,0,10188,3902.0
Cairo_y2020.tif,1382,1.0,0.41319102749638204,Cairo,0,10170,3902.0
Cairo_y2020.tif,586,1.0,0.3995819112627987,Cairo,0,10200,3902.0
Cairo_y2020.tif,559,1.0,0.4079695885509839,Cairo,0,10257,3902.0
Cairo_y2020.tif,2224,0.97931654676259,0.3782643884892086,Cairo,0,10251,3902.0
Cairo_y2020.tif,667,0.9985007496251874,0.33820089955022486,Cairo,0,10209,3902.0
Cairo_y2020.tif,1412,1.0,0.4026203966005666,Cairo,0,10269,3902.0
Cairo_y2020.tif,502,1.0,0.41547808764940236,Cairo,1,10402,3902.0
Cairo_y2020.tif,844,1.0,0.418021327014218,Cairo,1,10407,3902.0
Cairo_y2020.tif,942,1.0,0.4096284501061571,Cairo,0,10358,3902.0
Cairo_y2020.tif,2741,1.0,0.4143195913900037,Cairo,1,10502,3902.0
Cairo_y2020.tif,13401,0.0008954555630176853,0.00609432131930453,Cairo,0,10739,3902.0
Cairo_y2020.tif,5323,0.5814390381363893,0.24294382866804434,Cairo,0,10429,3902.0
Cairo_y2020.tif,950,1.0,0.40752105263157895,Cairo,1,10484,3902.0
Cairo_y2020.tif,3684,0.0998914223669924,0.070221226927253,Cairo,0,10684,3902.0
Cairo_y2020.tif,769,1.0,0.4088491547464239,Cairo,1,10465,3902.0
Cairo_y2020.tif,1369,1.0,0.3898137326515705,Cairo,0,10499,3902.0
Cairo_y2020.tif,848,1.0,0.3990094339622642,Cairo,1,10609,3902.0
Cairo_y2020.tif,14035,0.026077662985393657,0.04141467759173495,Cairo,0,10357,3902.0
Cairo_y2020.tif,8833,0.042680855881354014,0.05676157590852486,Cairo,0,10409,3902.0
Cairo_y2020.tif,781,0.8732394366197183,0.31359795134443025,Cairo,0,10319,3902.0
Cairo_y2020.tif,7324,0.5476515565264882,0.23073798470780996,Cairo,0,10498,3902.0
Cairo_y2020.tif,5283,0.1260647359454855,0.08266609880749576,Cairo,0,10594,3902.0
Cairo_y2020.tif,8629,0.13176497856066752,0.07393382779001043,Cairo,0,10797,3902.0
Cairo_y2020.tif,1456,1.0,0.37252060439560447,Cairo,0,10673,3902.0
Cairo_y2020.tif,16355,0.05392846224396209,0.03870039743197799,Cairo,0,11118,3902.0
Cairo_y2020.tif,28639,0.007611997625615419,0.007573763050385839,Cairo,0,11824,3902.0
Cairo_y2020.tif,35457,0.00022562540542065036,0.0007925092365400345,Cairo,0,11949,3902.0
Cairo_y2020.tif,3107,0.5178628902478275,0.2232249758609591,Cairo,0,10650,3902.0
Cairo_y2020.tif,1879,1.0,0.40761575306013836,Cairo,1,10663,3902.0
Cairo_y2020.tif,974,1.0,0.3802156057494867,Cairo,0,10750,3902.0
Cairo_y2020.tif,1221,0.9918099918099919,0.3448116298116298,Cairo,0,10801,3902.0
Cairo_y2020.tif,955,1.0,0.4092984293193717,Cairo,1,10805,3902.0
Cairo_y2020.tif,908,0.9757709251101322,0.40757709251101326,Cairo,0,10799,3902.0
Cairo_y2020.tif,999,0.996996996996997,0.4207857857857858,Cairo,0,10928,3902.0
Cairo_y2020.tif,1999,1.0,0.424352176088044,Cairo,0,11041,3902.0
Cairo_y2020.tif,6008,0.31857523302263646,0.1564855193075899,Cairo,0,11026,3902.0
Cairo_y2020.tif,1743,0.9925415949512335,0.3953786574870912,Cairo,0,11083,3902.0
Cairo_y2020.tif,410,0.4951219512195122,0.21017073170731707,Cairo,1,9677,3902.0
Cairo_y2020.tif,1295,0.14903474903474903,0.17525482625482625,Cairo,1,9836,3902.0
Cairo_y2020.tif,1143,0.5450568678915135,0.21928696412948379,Cairo,1,10046,3902.0
Cairo_y2020.tif,442,0.8755656108597285,0.28945701357466064,Cairo,0,9749,3902.0
Cairo_y2020.tif,14623,0.006154687820556657,0.03694522327839705,Cairo,0,10224,3902.0
Cairo_y2020.tif,367,0.40054495912806537,0.22457765667574933,Cairo,1,10078,3902.0
Cairo_y2020.tif,689,0.4034833091436865,0.1911320754716981,Cairo,0,10108,3902.0
Cairo_y2020.tif,567,0.6455026455026455,0.24916225749559084,Cairo,0,10095,3902.0
Cairo_y2020.tif,1873,0.5056059797116925,0.2024666310731447,Cairo,0,10518,3902.0
Cairo_y2020.tif,784,0.20280612244897958,0.15005739795918369,Cairo,1,10534,3902.0
Cairo_y2020.tif,415,0.29156626506024097,0.2340963855421687,Cairo,1,10255,3902.0
Cairo_y2020.tif,287,0.3588850174216028,0.2276829268292683,Cairo,1,10250,3902.0
Cairo_y2020.tif,361,0.3684210526315789,0.2138365650969529,Cairo,1,10242,3902.0
Cairo_y2020.tif,375,0.36533333333333334,0.24686666666666668,Cairo,1,10235,3902.0
Cairo_y2020.tif,419,0.315035799522673,0.1863842482100239,Cairo,1,10238,3902.0
Cairo_y2020.tif,341,0.20234604105571846,0.16870967741935483,Cairo,1,10226,3902.0
Cairo_y2020.tif,370,0.005405405405405406,0.14232432432432432,Cairo,0,10085,3902.0
Cairo_y2020.tif,392,0.5714285714285714,0.27871173469387756,Cairo,1,10225,3902.0
Cairo_y2020.tif,259,0.7915057915057915,0.3008301158301158,Cairo,1,10184,3902.0
Cairo_y2020.tif,573,0.4712041884816754,0.25780977312390924,Cairo,1,10187,3902.0
Cairo_y2020.tif,389,0.0,0.0547172236503856,Cairo,0,10081,3902.0
Cairo_y2020.tif,909,0.1331133113311331,0.08595159515951595,Cairo,1,10277,3902.0
Cairo_y2020.tif,245,0.3469387755102041,0.25320408163265307,Cairo,1,10405,3902.0
Cairo_y2020.tif,305,0.7442622950819672,0.29740983606557375,Cairo,1,10398,3902.0
Cairo_y2020.tif,265,0.8981132075471698,0.3375471698113207,Cairo,1,10387,3902.0
Cairo_y2020.tif,145,1.0,0.35610344827586204,Cairo,1,10379,3902.0
Cairo_y2020.tif,499,0.40480961923847697,0.24294589178356715,Cairo,1,10410,3902.0
Cairo_y2020.tif,168,0.9821428571428571,0.3752380952380952,Cairo,1,10377,3902.0
Cairo_y2020.tif,193,0.9896373056994818,0.3642487046632124,Cairo,1,10375,3902.0
Cairo_y2020.tif,169,1.0,0.36671597633136094,Cairo,1,10376,3902.0
Cairo_y2020.tif,210,0.8333333333333334,0.31899999999999995,Cairo,1,10186,3902.0
Cairo_y2020.tif,251,0.9362549800796812,0.3341633466135458,Cairo,1,10190,3902.0
Cairo_y2020.tif,232,0.646551724137931,0.2944612068965517,Cairo,0,10248,3902.0
Cairo_y2020.tif,243,0.0,0.1478395061728395,Cairo,0,10316,3902.0
Cairo_y2020.tif,570,0.0,0.05984210526315789,Cairo,0,10368,3902.0
Cairo_y2020.tif,265,0.0,0.08828301886792453,Cairo,1,10349,3902.0
Cairo_y2020.tif,324,0.4104938271604938,0.24978395061728392,Cairo,1,10611,3902.0
Cairo_y2020.tif,480,0.9729166666666667,0.37355208333333334,Cairo,1,10731,3902.0
Cairo_y2020.tif,503,0.9900596421471173,0.3697713717693837,Cairo,1,10741,3902.0
Cairo_y2020.tif,530,0.8981132075471698,0.36785849056603775,Cairo,1,10751,3902.0
Cairo_y2020.tif,592,0.30405405405405406,0.20640202702702704,Cairo,1,10166,3902.0
Cairo_y2020.tif,389,0.40616966580976865,0.23704370179948583,Cairo,1,10149,3902.0
Cairo_y2020.tif,402,0.4129353233830846,0.2181592039800995,Cairo,0,10135,3902.0
Cairo_y2020.tif,2231,0.2644554011653967,0.12431869116987898,Cairo,0,10451,3902.0
Cairo_y2020.tif,1374,0.055312954876273655,0.08098253275109171,Cairo,0,10466,3902.0
Cairo_y2020.tif,1129,0.2595217006200177,0.118325952170062,Cairo,0,10485,3902.0
Cairo_y2020.tif,726,0.162534435261708,0.12164600550964187,Cairo,0,10426,3902.0
Cairo_y2020.tif,494,0.0465587044534413,0.08257085020242914,Cairo,0,10406,3902.0
Cairo_y2020.tif,390,0.0,0.06269230769230769,Cairo,1,10393,3902.0
Cairo_y2020.tif,820,0.12439024390243902,0.2086707317073171,Cairo,1,10913,3902.0
Cairo_y2020.tif,518,0.6988416988416989,0.3177895752895753,Cairo,1,10762,3902.0
Cairo_y2020.tif,866,0.40415704387990764,0.26827367205542724,Cairo,1,10784,3902.0
Cairo_y2020.tif,677,0.5672082717872969,0.2933234859675037,Cairo,1,10807,3902.0
Cairo_y2020.tif,651,0.7511520737327189,0.3174270353302612,Cairo,1,10832,3902.0
Cairo_y2020.tif,608,0.662828947368421,0.30064967105263163,Cairo,1,10853,3902.0
Cairo_y2020.tif,456,0.6820175438596491,0.3018530701754386,Cairo,0,10874,3902.0
Cairo_y2020.tif,275,0.6654545454545454,0.2993272727272727,Cairo,1,10873,3902.0
Cairo_y2020.tif,473,0.7293868921775899,0.30209302325581394,Cairo,1,10879,3902.0
Cairo_y2020.tif,347,0.729106628242075,0.3079106628242075,Cairo,1,10885,3902.0
Cairo_y2020.tif,499,0.6152304609218436,0.29177354709418846,Cairo,1,10897,3902.0
Cairo_y2020.tif,266,1.0,0.40453007518796996,Cairo,1,10772,3902.0
Cairo_y2020.tif,449,0.5968819599109132,0.28821826280623614,Cairo,1,10907,3902.0
Cairo_y2020.tif,489,0.3047034764826176,0.26104294478527607,Cairo,1,10911,3902.0
Cairo_y2020.tif,237,1.0,0.39029535864978904,Cairo,1,10793,3902.0
Cairo_y2020.tif,300,1.0,0.3778666666666667,Cairo,1,10800,3902.0
Cairo_y2020.tif,823,1.0,0.3666099635479952,Cairo,1,10924,3902.0
Cairo_y2020.tif,355,1.0,0.4149718309859155,Cairo,1,10943,3902.0
Cairo_y2020.tif,414,1.0,0.41943236714975846,Cairo,1,10995,3902.0
Cairo_y2020.tif,742,1.0,0.4166374663072776,Cairo,1,11131,3902.0
Cairo_y2020.tif,328,1.0,0.41509146341463415,Cairo,1,11142,3902.0
Cairo_y2020.tif,2417,0.25237898220935046,0.1418721555647497,Cairo,0,10926,3902.0
Cairo_y2020.tif,419,0.1957040572792363,0.22461813842482098,Cairo,1,10915,3902.0
Cairo_y2020.tif,374,0.0748663101604278,0.1749331550802139,Cairo,1,10920,3902.0
Cairo_y2020.tif,383,0.1279373368146214,0.17304177545691907,Cairo,0,10927,3902.0
Cairo_y2020.tif,733,0.9195088676671214,0.381268758526603,Cairo,1,11501,3902.0
Cairo_y2020.tif,888,0.6441441441441441,0.30189189189189186,Cairo,0,11541,3902.0
Cairo_y2020.tif,519,0.5414258188824663,0.260616570327553,Cairo,1,11527,3902.0
Cairo_y2020.tif,636,0.4858490566037736,0.26926100628930816,Cairo,1,11539,3902.0
Cairo_y2020.tif,589,0.6162988115449916,0.27522920203735146,Cairo,1,11533,3902.0
Cairo_y2020.tif,438,0.7191780821917808,0.31125570776255707,Cairo,0,11529,3902.0
Cairo_y2020.tif,342,1.0,0.41843567251461994,Cairo,0,11165,3902.0
Cairo_y2020.tif,425,1.0,0.40480000000000005,Cairo,1,11182,3902.0
Cairo_y2020.tif,710,1.0,0.4236478873239436,Cairo,1,11349,3902.0
Cairo_y2020.tif,933,0.9614147909967846,0.3983333333333333,Cairo,1,11473,3902.0
Cairo_y2020.tif,270,1.0,0.4275925925925925,Cairo,0,11355,3902.0
Cairo_y2020.tif,301,1.0,0.42388704318936876,Cairo,1,11372,3902.0
Cairo_y2020.tif,405,1.0,0.42209876543209873,Cairo,1,11248,3902.0
Cairo_y2020.tif,366,1.0,0.421844262295082,Cairo,0,11391,3902.0
Cairo_y2020.tif,434,1.0,0.41839861751152074,Cairo,1,11427,3902.0
Cairo_y2020.tif,1212,1.0,0.4269224422442244,Cairo,1,11296,3902.0
Cairo_y2020.tif,325,1.0,0.43563076923076915,Cairo,1,11354,3902.0
Cairo_y2020.tif,345,0.9971014492753624,0.38759420289855073,Cairo,1,11440,3902.0
Cairo_y2020.tif,530,1.0,0.4249339622641509,Cairo,1,11439,3902.0
Cairo_y2020.tif,1463,0.5570745044429255,0.2332399179767601,Cairo,1,11546,3902.0
Cairo_y2020.tif,298,0.9865771812080537,0.38901006711409397,Cairo,1,11468,3902.0
Cairo_y2020.tif,543,0.7569060773480663,0.3108839779005525,Cairo,1,11510,3902.0
Cairo_y2020.tif,1332,0.3228228228228228,0.20822822822822823,Cairo,1,11779,3902.0
Cairo_y2020.tif,380,0.34210526315789475,0.21702631578947368,Cairo,1,11777,3902.0
Cairo_y2020.tif,1281,0.04059328649492584,0.13130366900858703,Cairo,0,11670,3902.0
Cairo_y2020.tif,715,0.12167832167832168,0.19710489510489512,Cairo,1,11582,3902.0
Cairo_y2020.tif,563,1.0,0.412335701598579,Cairo,1,9504,3902.0
Cairo_y2020.tif,462,1.0,0.3998809523809524,Cairo,1,9516,3902.0
Cairo_y2020.tif,486,1.0,0.40735596707818933,Cairo,0,9517,3902.0
Cairo_y2020.tif,1314,0.9901065449010654,0.38725266362252664,Cairo,1,9538,3902.0
Cairo_y2020.tif,933,0.7577706323687031,0.27790996784565913,Cairo,0,9579,3902.0
Cairo_y2020.tif,1206,0.9983416252072969,0.39777363184079606,Cairo,1,9539,3902.0
Cairo_y2020.tif,1208,0.9834437086092715,0.4121895695364238,Cairo,1,9602,3902.0
Cairo_y2020.tif,307,1.0,0.36602605863192184,Cairo,0,9567,3902.0
Cairo_y2020.tif,645,1.0,0.4274651162790698,Cairo,1,9644,3902.0
Cairo_y2020.tif,763,1.0,0.39271952817824374,Cairo,1,9641,3902.0
Cairo_y2020.tif,884,0.48755656108597284,0.19244909502262444,Cairo,0,9565,3902.0
Cairo_y2020.tif,888,0.12725225225225226,0.12673423423423422,Cairo,0,9568,3902.0
Cairo_y2020.tif,1627,0.6988322065150584,0.25539028887523046,Cairo,0,9595,3902.0
Cairo_y2020.tif,675,0.6874074074074074,0.2399259259259259,Cairo,0,9608,3902.0
Cairo_y2020.tif,657,0.8691019786910198,0.30057077625570777,Cairo,0,9607,3902.0
Cairo_y2020.tif,963,0.9688473520249221,0.3302388369678089,Cairo,1,9615,3902.0
Cairo_y2020.tif,524,1.0,0.3725095419847328,Cairo,0,9629,3902.0
Cairo_y2020.tif,1165,0.9450643776824035,0.30108583690987123,Cairo,0,9807,3902.0
Cairo_y2020.tif,497,0.993963782696177,0.3486217303822937,Cairo,0,9816,3902.0
Cairo_y2020.tif,416,1.0,0.3897235576923077,Cairo,1,9820,3902.0
Cairo_y2020.tif,350,1.0,0.3798142857142857,Cairo,1,9596,3902.0
Cairo_y2020.tif,752,1.0,0.3901130319148936,Cairo,1,9631,3902.0
Cairo_y2020.tif,359,1.0,0.41119777158774384,Cairo,1,9670,3902.0
Cairo_y2020.tif,435,1.0,0.3878275862068965,Cairo,1,9666,3902.0
Cairo_y2020.tif,335,1.0,0.408134328358209,Cairo,1,9692,3902.0
Cairo_y2020.tif,482,1.0,0.37451244813278006,Cairo,1,9714,3902.0
Cairo_y2020.tif,404,1.0,0.39922029702970296,Cairo,1,9758,3902.0
Cairo_y2020.tif,1724,1.0,0.41139791183294666,Cairo,1,9817,3902.0
Cairo_y2020.tif,486,1.0,0.40911522633744857,Cairo,1,9826,3902.0
Cairo_y2020.tif,762,1.0,0.391246719160105,Cairo,0,9835,3902.0
Cairo_y2020.tif,797,1.0,0.3985382685069009,Cairo,1,9776,3902.0
Cairo_y2020.tif,1097,0.8851412944393802,0.33018231540565174,Cairo,1,9834,3902.0
Cairo_y2020.tif,1002,1.0,0.36735528942115764,Cairo,1,9875,3902.0
Cairo_y2020.tif,560,0.9071428571428571,0.3126875,Cairo,1,9899,3902.0
Cairo_y2020.tif,1388,0.5,0.21427953890489912,Cairo,0,10037,3902.0
Cairo_y2020.tif,1066,0.8696060037523452,0.3323639774859287,Cairo,0,9967,3902.0
Cairo_y2020.tif,1358,0.9285714285714286,0.3111892488954345,Cairo,1,9939,3902.0
Cairo_y2020.tif,335,0.9462686567164179,0.3516417910447761,Cairo,1,9990,3902.0
Cairo_y2020.tif,1202,0.7254575707154742,0.26111064891846925,Cairo,0,10086,3902.0
Cairo_y2020.tif,409,0.9902200488997555,0.30749388753056234,Cairo,1,10104,3902.0
Cairo_y2020.tif,921,0.08794788273615635,0.10628664495114007,Cairo,0,10549,3902.0
Cairo_y2020.tif,1964,0.006109979633401222,0.04046588594704684,Cairo,0,10579,3902.0
Cairo_y2020.tif,19005,0.016837674296237833,0.01063772691397001,Cairo,0,11098,3902.0
Cairo_y2020.tif,49293,0.023045868581745888,0.010101129977887325,Cairo,0,11723,3902.0
Cairo_y2020.tif,42014,0.00011900794973104203,0.001960774979768649,Cairo,0,12178,3902.0
Cairo_y2020.tif,9290,0.06996770721205597,0.03123627556512379,Cairo,0,12726,3902.0
Cairo_y2020.tif,599,0.7128547579298832,0.2818363939899833,Cairo,0,12717,3902.0
Cairo_y2020.tif,408,1.0,0.4233823529411765,Cairo,1,12725,3902.0
Cairo_y2020.tif,542,0.6070110701107011,0.2495018450184502,Cairo,0,12722,3902.0
Cairo_y2020.tif,645,1.0,0.38729457364341086,Cairo,0,12843,3902.0
Cairo_y2020.tif,16447,0.020915668510974646,0.013041892138383901,Cairo,0,10712,3902.0
Cairo_y2020.tif,91833,0.0,0.0,Cairo,0,12143,3902.0
Cairo_y2020.tif,48698,0.0,0.0,Cairo,0,12599,3902.0
Cairo_y2020.tif,70561,0.003798132112640127,0.0017525970436926912,Cairo,0,12910,3902.0
Cairo_y2020.tif,2737,0.0,0.0027676287906466934,Cairo,0,13005,3902.0
Cairo_y2020.tif,2255,0.0,0.009059866962305986,Cairo,0,13072,3902.0
Cairo_y2020.tif,2787,0.26193039110154287,0.1023232866881952,Cairo,0,13157,3902.0
Cairo_y2020.tif,810,0.34074074074074073,0.14979629629629632,Cairo,0,13154,3902.0
Cairo_y2020.tif,2971,0.04510265903736116,0.04622349377314036,Cairo,0,13217,3902.0
Cairo_y2020.tif,888,0.9932432432432432,0.37846846846846843,Cairo,0,13200,3902.0
Cairo_y2020.tif,8246,0.0,0.008056633519282076,Cairo,0,10131,3902.0
Cairo_y2020.tif,50132,0.026549908242240485,0.010428967525732068,Cairo,0,10945,3902.0
Cairo_y2020.tif,15375,0.0,0.0,Cairo,0,12439,3902.0
Cairo_y2020.tif,66591,0.023216350557883198,0.011873075941193254,Cairo,0,13448,3902.0
Cairo_y2020.tif,7453,0.13793103448275862,0.06750838588487858,Cairo,0,13583,3902.0
Cairo_y2020.tif,7753,0.07674448600541726,0.03708564426673546,Cairo,0,13575,3902.0
Cairo_y2020.tif,903,0.6533776301218162,0.22930232558139538,Cairo,0,13577,3902.0
Cairo_y2020.tif,840,0.6630952380952381,0.2450238095238095,Cairo,0,13579,3902.0
Cairo_y2020.tif,419,1.0,0.3963484486873508,Cairo,1,13641,3902.0
Cairo_y2020.tif,721,0.9889042995839112,0.3188141470180305,Cairo,0,13732,3902.0
Cairo_y2020.tif,1292,0.651702786377709,0.25116873065015477,Cairo,0,10211,3902.0
Cairo_y2020.tif,22659,0.028244847521955954,0.01608389602365506,Cairo,0,11089,3902.0
Cairo_y2020.tif,25568,0.0,0.0,Cairo,0,12267,3902.0
Cairo_y2020.tif,20164,0.0,0.0,Cairo,0,12478,3902.0
Cairo_y2020.tif,43530,0.005031013094417643,0.005253503331036067,Cairo,0,12916,3902.0
Cairo_y2020.tif,46634,0.034502723334905866,0.01398625466397907,Cairo,0,14148,3902.0
Cairo_y2020.tif,50443,0.008722716729774201,0.007624348274289793,Cairo,0,15248,3902.0
Cairo_y2020.tif,816,0.6936274509803921,0.23830269607843135,Cairo,0,15195,3902.0
Cairo_y2020.tif,728,0.7074175824175825,0.26206043956043956,Cairo,0,15392,3902.0
Cairo_y2020.tif,21915,0.013597992242756103,0.013378736025553273,Cairo,0,15937,3902.0
Cairo_y2020.tif,325,0.9938461538461538,0.3825076923076923,Cairo,1,13177,3902.0
Cairo_y2020.tif,382,1.0,0.3903534031413613,Cairo,1,13206,3902.0
Cairo_y2020.tif,682,0.7375366568914956,0.2716568914956011,Cairo,1,13231,3902.0
Cairo_y2020.tif,2555,0.3448140900195695,0.14573776908023484,Cairo,0,13236,3902.0
Cairo_y2020.tif,357,1.0,0.377563025210084,Cairo,1,13211,3902.0
Cairo_y2020.tif,382,1.0,0.38236910994764395,Cairo,1,13227,3902.0
Cairo_y2020.tif,372,1.0,0.37251344086021504,Cairo,1,13254,3902.0
Cairo_y2020.tif,361,0.8337950138504155,0.3238088642659279,Cairo,1,13261,3902.0
Cairo_y2020.tif,513,0.9122807017543859,0.3311793372319688,Cairo,0,13265,3902.0
Cairo_y2020.tif,826,0.9782082324455206,0.35134987893462466,Cairo,1,13244,3902.0
Cairo_y2020.tif,298,1.0,0.40830536912751675,Cairo,1,13281,3902.0
Cairo_y2020.tif,571,1.0,0.3734150612959719,Cairo,1,13299,3902.0
Cairo_y2020.tif,1841,0.9771863117870723,0.35237642585551326,Cairo,1,13341,3902.0
Cairo_y2020.tif,541,1.0,0.40181146025878,Cairo,1,13337,3902.0
Cairo_y2020.tif,979,1.0,0.3978243105209397,Cairo,1,13347,3902.0
Cairo_y2020.tif,765,0.9607843137254902,0.320875816993464,Cairo,0,13371,3902.0
Cairo_y2020.tif,929,1.0,0.39992465016146395,Cairo,1,13362,3902.0
Cairo_y2020.tif,830,1.0,0.41172891566265063,Cairo,1,13378,3902.0
Cairo_y2020.tif,870,0.9954022988505747,0.3625862068965518,Cairo,1,13440,3902.0
Cairo_y2020.tif,279,0.9498207885304659,0.3371863799283154,Cairo,1,13414,3902.0
Cairo_y2020.tif,30350,0.02227347611202636,0.008235749588138386,Cairo,0,11483,3902.0
Cairo_y2020.tif,30925,0.0,0.0,Cairo,0,11645,3902.0
Cairo_y2020.tif,15631,0.0,0.0,Cairo,0,11816,3902.0
Cairo_y2020.tif,15414,0.0,6.48760866744518e-05,Cairo,0,11828,3902.0
Cairo_y2020.tif,18476,0.0,0.0,Cairo,0,12074,3902.0
Cairo_y2020.tif,26570,0.0,0.0,Cairo,0,12170,3902.0
Cairo_y2020.tif,36237,0.0,0.0,Cairo,0,12394,3902.0
Cairo_y2020.tif,6615,0.0,0.0,Cairo,0,12277,3902.0
Cairo_y2020.tif,9177,0.0,0.0,Cairo,0,12523,3902.0
Cairo_y2020.tif,7882,0.0,0.0,Cairo,0,12665,3902.0
Cairo_y2020.tif,2896,0.4930939226519337,0.20096685082872928,Cairo,0,11277,3902.0
Cairo_y2020.tif,15148,0.12008185899128598,0.05306080010562451,Cairo,0,12048,3902.0
Cairo_y2020.tif,63011,0.0,6.967037501388646e-05,Cairo,0,12105,3902.0
Cairo_y2020.tif,42470,0.007534730397927949,0.003458088062161526,Cairo,0,12210,3902.0
Cairo_y2020.tif,24618,0.0,0.0,Cairo,0,12574,3902.0
Cairo_y2020.tif,2135,0.0,0.0,Cairo,0,12632,3902.0
Cairo_y2020.tif,56680,0.019089625970359916,0.008994442484121384,Cairo,0,12969,3902.0
Cairo_y2020.tif,2489,0.19726797910807553,0.09212334270791481,Cairo,0,13130,3902.0
Cairo_y2020.tif,943,0.9734888653234358,0.34766171792152706,Cairo,0,13144,3902.0
Cairo_y2020.tif,1471,0.9619306594153637,0.3472807613868117,Cairo,0,13138,3902.0
Cairo_y2020.tif,14516,0.0,0.0,Cairo,0,11804,3902.0
Cairo_y2020.tif,18372,0.0,0.0,Cairo,0,12190,3902.0
Cairo_y2020.tif,26770,0.0,0.0,Cairo,0,12307,3902.0
Cairo_y2020.tif,5020,0.0,0.0,Cairo,0,12435,3902.0
Cairo_y2020.tif,21273,0.0,0.0,Cairo,0,12617,3902.0
Cairo_y2020.tif,1746,0.0,0.0,Cairo,1,12491,3902.0
Cairo_y2020.tif,2917,0.0,0.0,Cairo,0,12584,3902.0
Cairo_y2020.tif,17418,0.0,0.0,Cairo,0,12777,3902.0
Cairo_y2020.tif,17428,0.0,0.0,Cairo,0,12971,3902.0
Cairo_y2020.tif,24083,0.0,0.0,Cairo,0,12812,3902.0
Cairo_y2020.tif,12646,0.0,0.0,Cairo,0,13028,3902.0
Cairo_y2020.tif,12759,0.0,0.0,Cairo,0,12919,3902.0
Cairo_y2020.tif,34027,0.0,0.0,Cairo,0,12892,3902.0
Cairo_y2020.tif,2733,0.0,0.0,Cairo,0,13024,3902.0
Cairo_y2020.tif,42194,0.0,0.0,Cairo,0,12959,3902.0
Cairo_y2020.tif,2114,0.0,0.0,Cairo,0,13131,3902.0
Cairo_y2020.tif,6556,0.0,0.0,Cairo,0,13221,3902.0
Cairo_y2020.tif,2930,0.0,0.0,Cairo,0,13186,3902.0
Cairo_y2020.tif,31943,0.0,0.0,Cairo,0,13603,3902.0
Cairo_y2020.tif,13118,0.0,0.0,Cairo,0,13547,3902.0
Cairo_y2020.tif,773,1.0,0.3998188874514877,Cairo,1,13175,3902.0
Cairo_y2020.tif,573,1.0,0.3632547993019197,Cairo,0,13208,3902.0
Cairo_y2020.tif,467,1.0,0.40948608137044973,Cairo,1,13199,3902.0
Cairo_y2020.tif,428,1.0,0.4167873831775701,Cairo,1,13218,3902.0
Cairo_y2020.tif,921,1.0,0.40147122692725296,Cairo,1,13225,3902.0
Cairo_y2020.tif,368,1.0,0.4117119565217391,Cairo,1,13238,3902.0
Cairo_y2020.tif,1090,0.8596330275229358,0.3009678899082569,Cairo,0,13271,3902.0
Cairo_y2020.tif,659,1.0,0.40541729893778444,Cairo,1,13270,3902.0
Cairo_y2020.tif,860,1.0,0.40712790697674417,Cairo,1,13269,3902.0
Cairo_y2020.tif,6729,0.19527418635755683,0.07550601872492198,Cairo,0,13423,3902.0
Cairo_y2020.tif,924,0.44264069264069267,0.18186147186147186,Cairo,0,13321,3902.0
Cairo_y2020.tif,1166,1.0,0.34663379073756434,Cairo,1,13386,3902.0
Cairo_y2020.tif,2046,0.9995112414467253,0.3906524926686216,Cairo,0,13487,3902.0
Cairo_y2020.tif,580,1.0,0.38711206896551725,Cairo,1,13420,3902.0
Cairo_y2020.tif,1281,1.0,0.4008352849336456,Cairo,1,13488,3902.0
Cairo_y2020.tif,1163,1.0,0.41007308684436805,Cairo,1,13580,3902.0
Cairo_y2020.tif,4766,0.3734788082249266,0.1471947125472094,Cairo,0,13621,3902.0
Cairo_y2020.tif,857,0.9953325554259043,0.3715985997666278,Cairo,1,13536,3902.0
Cairo_y2020.tif,741,0.9973009446693657,0.38318488529014855,Cairo,1,13625,3902.0
Cairo_y2020.tif,1264,0.7666139240506329,0.27829509493670884,Cairo,0,13656,3902.0
Cairo_y2020.tif,476,1.0,0.41255252100840334,Cairo,1,13682,3902.0
Cairo_y2020.tif,579,1.0,0.3957253886010363,Cairo,1,13679,3902.0
Cairo_y2020.tif,423,1.0,0.41897163120567377,Cairo,1,13711,3902.0
Cairo_y2020.tif,1295,1.0,0.40664092664092666,Cairo,1,13740,3902.0
Cairo_y2020.tif,1180,1.0,0.39193220338983054,Cairo,1,13697,3902.0
Cairo_y2020.tif,386,1.0,0.37474093264248703,Cairo,1,13741,3902.0
Cairo_y2020.tif,5215,0.1162032598274209,0.041739213806327904,Cairo,0,13890,3902.0
Cairo_y2020.tif,1373,1.0,0.40537144938091774,Cairo,1,13784,3902.0
Cairo_y2020.tif,901,0.902330743618202,0.28235849056603773,Cairo,0,13832,3902.0
Cairo_y2020.tif,386,1.0,0.40682642487046633,Cairo,1,13906,3902.0
Cairo_y2020.tif,760,1.0,0.38016447368421047,Cairo,1,13998,3902.0
Cairo_y2020.tif,441,1.0,0.3885827664399093,Cairo,1,14043,3902.0
Cairo_y2020.tif,621,0.9516908212560387,0.348719806763285,Cairo,0,14022,3902.0
Cairo_y2020.tif,498,1.0,0.4055522088353414,Cairo,1,13970,3902.0
Cairo_y2020.tif,498,0.9979919678714859,0.33758032128514054,Cairo,1,14032,3902.0
Cairo_y2020.tif,368,1.0,0.4021467391304348,Cairo,1,14067,3902.0
Cairo_y2020.tif,472,1.0,0.37894067796610165,Cairo,1,14110,3902.0
Cairo_y2020.tif,498,1.0,0.3659236947791165,Cairo,1,14156,3902.0
Cairo_y2020.tif,3506,1.0,0.3970008556759841,Cairo,1,14152,3902.0
Cairo_y2020.tif,670,0.9970149253731343,0.3597388059701493,Cairo,1,14242,3902.0
Cairo_y2020.tif,5630,0.0,0.0,Cairo,0,13403,3902.0
Cairo_y2020.tif,33007,0.0,0.0,Cairo,0,14108,3902.0
Cairo_y2020.tif,37627,0.0,0.0,Cairo,0,14123,3902.0
Cairo_y2020.tif,46142,0.0,0.0,Cairo,0,14680,3902.0
Cairo_y2020.tif,9607,0.0,0.0,Cairo,0,14412,3902.0
Cairo_y2020.tif,30127,0.0,0.0,Cairo,0,15203,3902.0
Cairo_y2020.tif,2682,0.0,0.0,Cairo,0,14674,3902.0
Cairo_y2020.tif,2580,0.0,0.0,Cairo,0,14850,3902.0
Cairo_y2020.tif,1543,0.0,0.0,Cairo,0,14804,3902.0
Cairo_y2020.tif,735,0.0,0.0,Cairo,1,14817,3902.0
Cairo_y2020.tif,1172,1.0,0.39221843003412965,Cairo,1,14060,3902.0
Cairo_y2020.tif,9506,0.16273932253313697,0.06459499263622974,Cairo,0,14433,3902.0
Cairo_y2020.tif,341,1.0,0.3959824046920821,Cairo,1,14160,3902.0
Cairo_y2020.tif,1180,0.597457627118644,0.24895762711864405,Cairo,0,14181,3902.0
Cairo_y2020.tif,366,0.9808743169398907,0.32599726775956284,Cairo,0,14263,3902.0
Cairo_y2020.tif,1826,0.6960569550930996,0.2513828039430449,Cairo,0,14329,3902.0
Cairo_y2020.tif,276,1.0,0.40400362318840577,Cairo,1,14207,3902.0
Cairo_y2020.tif,508,1.0,0.3696456692913385,Cairo,1,14235,3902.0
Cairo_y2020.tif,947,1.0,0.392544878563886,Cairo,1,14300,3902.0
Cairo_y2020.tif,437,1.0,0.40035469107551486,Cairo,1,14284,3902.0
Cairo_y2020.tif,663,1.0,0.3948491704374057,Cairo,1,13425,3902.0
Cairo_y2020.tif,644,1.0,0.4005590062111802,Cairo,1,13476,3902.0
Cairo_y2020.tif,1155,0.9974025974025974,0.36098268398268396,Cairo,0,13434,3902.0
Cairo_y2020.tif,504,0.996031746031746,0.3273412698412699,Cairo,1,13454,3902.0
Cairo_y2020.tif,872,1.0,0.3923910550458716,Cairo,1,13489,3902.0
Cairo_y2020.tif,1364,1.0,0.4071517595307918,Cairo,1,13546,3902.0
Cairo_y2020.tif,796,1.0,0.40930904522613065,Cairo,1,13532,3902.0
Cairo_y2020.tif,554,1.0,0.35711191335740067,Cairo,1,13483,3902.0
Cairo_y2020.tif,682,1.0,0.40549853372434025,Cairo,1,13565,3902.0
Cairo_y2020.tif,395,0.9848101265822785,0.3815443037974683,Cairo,0,13562,3902.0
Cairo_y2020.tif,1208,1.0,0.4170736754966887,Cairo,1,13610,3902.0
Cairo_y2020.tif,264,1.0,0.3877083333333333,Cairo,1,13530,3902.0
Cairo_y2020.tif,297,1.0,0.3667003367003367,Cairo,1,13517,3902.0
Cairo_y2020.tif,378,1.0,0.41821428571428576,Cairo,1,13554,3902.0
Cairo_y2020.tif,485,1.0,0.3791752577319587,Cairo,1,13548,3902.0
Cairo_y2020.tif,632,0.9810126582278481,0.36152689873417726,Cairo,1,13552,3902.0
Cairo_y2020.tif,598,0.7809364548494984,0.28639632107023416,Cairo,1,13671,3902.0
Cairo_y2020.tif,962,1.0,0.41134615384615386,Cairo,1,13629,3902.0
Cairo_y2020.tif,503,1.0,0.4196023856858847,Cairo,1,13642,3902.0
Cairo_y2020.tif,930,1.0,0.3862096774193549,Cairo,1,13698,3902.0
Cairo_y2020.tif,315,1.0,0.37028571428571433,Cairo,1,13661,3902.0
Cairo_y2020.tif,655,1.0,0.38886259541984736,Cairo,1,13776,3902.0
Cairo_y2020.tif,1023,1.0,0.4237683284457478,Cairo,1,13739,3902.0
Cairo_y2020.tif,1094,1.0,0.4133866544789762,Cairo,1,13833,3902.0
Cairo_y2020.tif,355,1.0,0.40323943661971834,Cairo,1,13797,3902.0
Cairo_y2020.tif,375,1.0,0.4104666666666667,Cairo,1,13800,3902.0
Cairo_y2020.tif,275,1.0,0.4110909090909091,Cairo,1,13808,3902.0
Cairo_y2020.tif,1119,1.0,0.4202815013404826,Cairo,1,13798,3902.0
Cairo_y2020.tif,622,1.0,0.40514469453376206,Cairo,1,13865,3902.0
Cairo_y2020.tif,292,1.0,0.40308219178082194,Cairo,1,13830,3902.0
Cairo_y2020.tif,333,1.0,0.4241591591591592,Cairo,1,13931,3902.0
Cairo_y2020.tif,527,1.0,0.41708728652751426,Cairo,1,13951,3902.0
Cairo_y2020.tif,330,1.0,0.412969696969697,Cairo,1,13955,3902.0
Cairo_y2020.tif,879,1.0,0.3994027303754267,Cairo,1,13977,3902.0
Cairo_y2020.tif,308,0.9935064935064936,0.4097077922077922,Cairo,1,13887,3902.0
Cairo_y2020.tif,1077,1.0,0.395297121634169,Cairo,1,13877,3902.0
Cairo_y2020.tif,390,0.9948717948717949,0.41457692307692307,Cairo,1,13907,3902.0
Cairo_y2020.tif,313,1.0,0.4213099041533546,Cairo,1,13922,3902.0
Cairo_y2020.tif,816,1.0,0.42944240196078437,Cairo,1,13866,3902.0
Cairo_y2020.tif,331,1.0,0.4119335347432024,Cairo,0,13889,3902.0
Cairo_y2020.tif,405,1.0,0.3430617283950617,Cairo,0,13726,3902.0
Cairo_y2020.tif,703,0.984352773826458,0.38102418207681366,Cairo,1,13761,3902.0
Cairo_y2020.tif,1943,1.0,0.35449305198147196,Cairo,1,13781,3902.0
Cairo_y2020.tif,1568,1.0,0.3983514030612245,Cairo,1,13806,3902.0
Cairo_y2020.tif,603,1.0,0.3446766169154229,Cairo,1,13824,3902.0
Cairo_y2020.tif,2494,0.46952686447473935,0.18383319967923015,Cairo,0,14031,3902.0
Cairo_y2020.tif,701,0.9942938659058488,0.3796433666191155,Cairo,1,13908,3902.0
Cairo_y2020.tif,1971,0.5748351090816844,0.19362506341958396,Cairo,0,13971,3902.0
Cairo_y2020.tif,813,0.991389913899139,0.3674784747847478,Cairo,1,13920,3902.0
Cairo_y2020.tif,456,0.993421052631579,0.3620723684210526,Cairo,1,13968,3902.0
Cairo_y2020.tif,1181,0.9729043183742591,0.3599449618966977,Cairo,0,13995,3902.0
Cairo_y2020.tif,235,1.0,0.3971702127659575,Cairo,0,13999,3902.0
Cairo_y2020.tif,1845,1.0,0.42794308943089426,Cairo,1,14045,3902.0
Cairo_y2020.tif,365,1.0,0.4156027397260274,Cairo,1,14099,3902.0
Cairo_y2020.tif,330,0.990909090909091,0.4033787878787879,Cairo,0,14096,3902.0
Cairo_y2020.tif,601,1.0,0.39457570715474205,Cairo,0,14050,3902.0
Cairo_y2020.tif,1172,0.6484641638225256,0.28406569965870304,Cairo,1,14093,3902.0
Cairo_y2020.tif,715,1.0,0.4185944055944055,Cairo,1,14088,3902.0
Cairo_y2020.tif,530,1.0,0.3774056603773585,Cairo,1,14086,3902.0
Cairo_y2020.tif,642,1.0,0.4168847352024922,Cairo,1,14083,3902.0
Cairo_y2020.tif,1092,1.0,0.4179945054945055,Cairo,1,14140,3902.0
Cairo_y2020.tif,1143,0.32020997375328086,0.11421697287839021,Cairo,0,14126,3902.0
Cairo_y2020.tif,2079,0.5805675805675806,0.23886002886002886,Cairo,0,14251,3902.0
Cairo_y2020.tif,369,1.0,0.4067479674796748,Cairo,1,14153,3902.0
Cairo_y2020.tif,774,0.9715762273901809,0.36398578811369514,Cairo,1,14236,3902.0
Cairo_y2020.tif,587,1.0,0.39516183986371384,Cairo,1,14215,3902.0
Cairo_y2020.tif,456,1.0,0.40697368421052627,Cairo,1,14353,3902.0
Cairo_y2020.tif,594,1.0,0.40856060606060607,Cairo,1,14352,3902.0
Cairo_y2020.tif,773,0.871927554980595,0.306856403622251,Cairo,0,14322,3902.0
Cairo_y2020.tif,364,1.0,0.3791895604395605,Cairo,1,14328,3902.0
Cairo_y2020.tif,358,0.9860335195530726,0.34131284916201116,Cairo,1,14330,3902.0
Cairo_y2020.tif,353,0.9830028328611898,0.34703966005665726,Cairo,1,14334,3902.0
Cairo_y2020.tif,298,1.0,0.4075,Cairo,1,14348,3902.0
Cairo_y2020.tif,957,0.910135841170324,0.34515151515151515,Cairo,1,14343,3902.0
Cairo_y2020.tif,280,1.0,0.4025892857142857,Cairo,1,14344,3902.0
Cairo_y2020.tif,315,1.0,0.40342857142857147,Cairo,1,14289,3902.0
Cairo_y2020.tif,628,1.0,0.3872929936305732,Cairo,1,14305,3902.0
Cairo_y2020.tif,299,1.0,0.430551839464883,Cairo,1,14357,3902.0
Cairo_y2020.tif,692,1.0,0.39942196531791907,Cairo,1,14391,3902.0
Cairo_y2020.tif,868,0.7707373271889401,0.30260368663594467,Cairo,0,14439,3902.0
Cairo_y2020.tif,1339,0.5100821508588499,0.201949215832711,Cairo,0,14443,3902.0
Cairo_y2020.tif,323,1.0,0.4245356037151703,Cairo,1,14474,3902.0
Cairo_y2020.tif,600,1.0,0.4054083333333333,Cairo,1,14537,3902.0
Cairo_y2020.tif,817,1.0,0.3908261933904529,Cairo,0,14621,3902.0
Cairo_y2020.tif,303,1.0,0.40287128712871284,Cairo,1,14625,3902.0
Cairo_y2020.tif,306,1.0,0.4128431372549019,Cairo,1,14626,3902.0
Cairo_y2020.tif,311,1.0,0.4096463022508039,Cairo,1,14630,3902.0
Cairo_y2020.tif,369,1.0,0.4193089430894309,Cairo,1,14634,3902.0
Cairo_y2020.tif,646,1.0,0.40883126934984515,Cairo,1,14557,3902.0
Cairo_y2020.tif,724,1.0,0.41720303867403313,Cairo,1,14641,3902.0
Cairo_y2020.tif,319,1.0,0.36134796238244515,Cairo,1,14629,3902.0
Cairo_y2020.tif,393,1.0,0.4129898218829517,Cairo,1,14616,3902.0
Cairo_y2020.tif,4260,0.6640845070422535,0.2493943661971831,Cairo,0,14745,3902.0
Cairo_y2020.tif,504,1.0,0.39811507936507934,Cairo,1,14610,3902.0
Cairo_y2020.tif,462,1.0,0.4102056277056277,Cairo,1,14668,3902.0
Cairo_y2020.tif,515,1.0,0.39166990291262144,Cairo,1,14700,3902.0
Cairo_y2020.tif,476,1.0,0.40075630252100847,Cairo,1,14703,3902.0
Cairo_y2020.tif,635,1.0,0.38339370078740154,Cairo,1,14760,3902.0
Cairo_y2020.tif,564,1.0,0.36546099290780143,Cairo,1,14785,3902.0
Cairo_y2020.tif,485,1.0,0.36580412371134025,Cairo,0,14843,3902.0
Cairo_y2020.tif,332,1.0,0.4128765060240964,Cairo,1,14325,3902.0
Cairo_y2020.tif,273,1.0,0.4053296703296703,Cairo,1,14363,3902.0
Cairo_y2020.tif,1780,1.0,0.3738426966292135,Cairo,1,14535,3902.0
Cairo_y2020.tif,1059,0.9952785646836638,0.40769593956562794,Cairo,1,14403,3902.0
Cairo_y2020.tif,696,0.9540229885057471,0.36392241379310347,Cairo,1,14501,3902.0
Cairo_y2020.tif,920,1.0,0.40242934782608697,Cairo,1,14509,3902.0
Cairo_y2020.tif,853,0.9917936694021102,0.35116060961313017,Cairo,1,14574,3902.0
Cairo_y2020.tif,5910,0.06006768189509306,0.027308798646362095,Cairo,0,14855,3902.0
Cairo_y2020.tif,796,1.0,0.36719221105527633,Cairo,1,14764,3902.0
Cairo_y2020.tif,486,1.0,0.36513374485596706,Cairo,1,14768,3902.0
Cairo_y2020.tif,1737,0.0,0.0,Cairo,0,14893,3902.0
Cairo_y2020.tif,1190,0.0,0.0,Cairo,0,14914,3902.0
Cairo_y2020.tif,550,0.0,0.0,Cairo,0,14856,3902.0
Cairo_y2020.tif,1672,0.0,0.0,Cairo,1,14966,3902.0
Cairo_y2020.tif,1049,0.0,0.0,Cairo,0,14863,3902.0
Cairo_y2020.tif,2954,0.0,0.0,Cairo,0,15115,3902.0
Cairo_y2020.tif,1456,0.0,0.0,Cairo,1,14960,3902.0
Cairo_y2020.tif,3151,0.0,0.0,Cairo,0,15186,3902.0
Cairo_y2020.tif,1663,0.0,0.0,Cairo,0,15077,3902.0
Cairo_y2020.tif,1553,0.0,0.0,Cairo,1,15167,3902.0
Cairo_y2020.tif,7213,0.0,0.0,Cairo,0,15390,3902.0
Cairo_y2020.tif,1116,0.0,0.0,Cairo,0,15242,3902.0
Cairo_y2020.tif,4457,0.0,0.0,Cairo,0,15414,3902.0
Cairo_y2020.tif,1937,0.0,0.0,Cairo,1,15290,3902.0
Cairo_y2020.tif,2787,0.0,0.0,Cairo,0,15362,3902.0
Cairo_y2020.tif,14107,0.0,0.0,Cairo,0,15622,3902.0
Cairo_y2020.tif,726,0.0,0.0,Cairo,0,15317,3902.0
Cairo_y2020.tif,1530,0.0,0.0,Cairo,1,15407,3902.0
Cairo_y2020.tif,2325,0.0,0.0,Cairo,0,15448,3902.0
Cairo_y2020.tif,1080,0.0,0.0,Cairo,0,15429,3902.0
Cairo_y2020.tif,20370,0.0,0.0,Cairo,0,13249,3902.0
Cairo_y2020.tif,99278,0.0,0.0,Cairo,0,14491,3902.0
Cairo_y2020.tif,50705,0.0,0.0,Cairo,0,13518,3902.0
Cairo_y2020.tif,321620,0.0,0.0,Cairo,0,16056,3902.0
Cairo_y2020.tif,6333,0.0,0.0,Cairo,0,17742,3902.0
Cairo_y2020.tif,2468,0.0,0.0,Cairo,0,17702,3902.0
Cairo_y2020.tif,6192,0.0,0.0,Cairo,0,17948,3902.0
Cairo_y2020.tif,1969,0.0,0.0,Cairo,0,17810,3902.0
Cairo_y2020.tif,860,0.0,0.0,Cairo,0,17923,3902.0
Cairo_y2020.tif,1218,0.0,0.0,Cairo,0,17928,3902.0
Cairo_y2020.tif,1574,0.0,0.0,Cairo,0,15427,3902.0
Cairo_y2020.tif,3830,0.0,0.0,Cairo,1,15628,3902.0
Cairo_y2020.tif,1959,0.0,0.0,Cairo,0,15541,3902.0
Cairo_y2020.tif,1642,0.0,0.0,Cairo,0,15521,3902.0
Cairo_y2020.tif,3211,0.0,0.0,Cairo,0,15595,3902.0
Cairo_y2020.tif,1763,0.0,0.0,Cairo,0,15657,3902.0
Cairo_y2020.tif,2159,0.0,0.0,Cairo,0,15638,3902.0
Cairo_y2020.tif,1548,0.0,0.0,Cairo,1,15612,3902.0
Cairo_y2020.tif,1226,0.0,0.0,Cairo,0,15682,3902.0
Cairo_y2020.tif,1087,0.0,0.0,Cairo,0,15736,3902.0
Cairo_y2020.tif,781,1.0,0.3907810499359795,Cairo,0,14771,3902.0
Cairo_y2020.tif,280,1.0,0.40616071428571426,Cairo,1,14777,3902.0
Cairo_y2020.tif,269,1.0,0.41057620817843865,Cairo,0,14778,3902.0
Cairo_y2020.tif,1073,0.9878844361602982,0.3784948741845294,Cairo,1,14880,3902.0
Cairo_y2020.tif,1643,0.9525258673158856,0.35848447961046864,Cairo,0,14881,3902.0
Cairo_y2020.tif,7572,0.09442683571051241,0.03725039619651347,Cairo,0,15388,3902.0
Cairo_y2020.tif,4189,0.24922415851038435,0.10489854380520412,Cairo,0,14969,3902.0
Cairo_y2020.tif,12594,0.0,0.0010917897411465778,Cairo,0,15900,3902.0
Cairo_y2020.tif,2941,0.03808228493709623,0.03429955797347841,Cairo,0,15843,3902.0
Cairo_y2020.tif,3260,0.4273006134969325,0.15821625766871167,Cairo,0,16281,3902.0
Cairo_y2020.tif,1618,0.0,0.0,Cairo,0,15731,3902.0
Cairo_y2020.tif,784,0.0,0.0,Cairo,1,15739,3902.0
Cairo_y2020.tif,1563,0.0,0.0,Cairo,0,15777,3902.0
Cairo_y2020.tif,1390,0.0,0.0,Cairo,0,15758,3902.0
Cairo_y2020.tif,715,0.0,0.0,Cairo,1,15780,3902.0
Cairo_y2020.tif,1262,0.0,0.0,Cairo,1,15842,3902.0
Cairo_y2020.tif,622,0.0,0.0,Cairo,1,15817,3902.0
Cairo_y2020.tif,1127,0.0,0.0,Cairo,1,15853,3902.0
Cairo_y2020.tif,674,0.0,0.0,Cairo,0,15824,3902.0
Cairo_y2020.tif,471,0.0,0.0,Cairo,0,15852,3902.0
Cairo_y2020.tif,841,0.0,0.0,Cairo,1,15876,3902.0
Cairo_y2020.tif,1542,0.0,0.0,Cairo,0,15919,3902.0
Cairo_y2020.tif,16988,0.0,0.0,Cairo,0,16252,3902.0
Cairo_y2020.tif,2462,0.0,0.0,Cairo,0,16002,3902.0
Cairo_y2020.tif,777,0.0,0.0,Cairo,1,16001,3902.0
Cairo_y2020.tif,1249,0.0,0.0,Cairo,0,16108,3902.0
Cairo_y2020.tif,2831,0.0,0.0,Cairo,0,16161,3902.0
Cairo_y2020.tif,799,0.0,0.0,Cairo,0,16089,3902.0
Cairo_y2020.tif,2816,0.0,0.0,Cairo,1,16172,3902.0
Cairo_y2020.tif,5391,0.0,0.0,Cairo,0,16352,3902.0
Cairo_y2020.tif,1785,0.28627450980392155,0.10848459383753502,Cairo,0,16292,3902.0
Cairo_y2020.tif,29514,0.0,0.00177813918818188,Cairo,0,16442,3902.0
Cairo_y2020.tif,669,1.0,0.37594170403587446,Cairo,0,16264,3902.0
Cairo_y2020.tif,761,1.0,0.4042904073587385,Cairo,1,16250,3902.0
Cairo_y2020.tif,817,1.0,0.388421052631579,Cairo,1,16388,3902.0
Cairo_y2020.tif,466,1.0,0.40883047210300427,Cairo,1,16422,3902.0
Cairo_y2020.tif,756,0.9854497354497355,0.3421693121693122,Cairo,1,16530,3902.0
Cairo_y2020.tif,1163,0.9587274290627688,0.2866638005159071,Cairo,0,16539,3902.0
Cairo_y2020.tif,1005,0.7840796019900498,0.25877611940298506,Cairo,0,16537,3902.0
Cairo_y2020.tif,590,1.0,0.39412711864406774,Cairo,1,16464,3902.0
Cairo_y2020.tif,13470,0.008537490720118782,0.008985523385300669,Cairo,0,16529,3902.0
Cairo_y2020.tif,1188,1.0,0.35005892255892257,Cairo,1,16719,3902.0
Cairo_y2020.tif,624,0.9871794871794872,0.2971875,Cairo,1,16721,3902.0
Cairo_y2020.tif,584,1.0,0.34113013698630135,Cairo,0,16715,3902.0
Cairo_y2020.tif,1226,0.6500815660685155,0.23110929853181078,Cairo,0,16756,3902.0
Cairo_y2020.tif,933,0.9764201500535906,0.30638263665594856,Cairo,0,16770,3902.0
Cairo_y2020.tif,1224,0.35375816993464054,0.14820261437908497,Cairo,0,16784,3902.0
Cairo_y2020.tif,873,1.0,0.396958762886598,Cairo,1,16745,3902.0
Cairo_y2020.tif,427,0.9976580796252927,0.3732201405152225,Cairo,1,16783,3902.0
Cairo_y2020.tif,430,0.9674418604651163,0.3410581395348837,Cairo,1,16815,3902.0
Cairo_y2020.tif,485,0.9979381443298969,0.39893814432989694,Cairo,1,13967,3902.0
Cairo_y2020.tif,336,1.0,0.40434523809523804,Cairo,0,13963,3902.0
Cairo_y2020.tif,3082,0.327384815055159,0.12732965606748864,Cairo,0,14175,3902.0
Cairo_y2020.tif,664,0.6686746987951807,0.2470331325301205,Cairo,0,14052,3902.0
Cairo_y2020.tif,1423,0.04005621925509487,0.05344694307800422,Cairo,0,14124,3902.0
Cairo_y2020.tif,794,0.8702770780856424,0.28113350125944586,Cairo,1,14130,3902.0
Cairo_y2020.tif,3935,0.39872935196950443,0.16726683608640408,Cairo,0,14302,3902.0
Cairo_y2020.tif,2719,0.05553512320706142,0.06895917616770872,Cairo,0,14233,3902.0
Cairo_y2020.tif,38170,0.024233691380665445,0.00971888917998428,Cairo,0,15512,3902.0
Cairo_y2020.tif,17061,0.007736943907156673,0.008614969814196119,Cairo,0,16810,3902.0
Cairo_y2020.tif,4797,0.3237440066708359,0.13449656035021887,Cairo,0,15096,3902.0
Cairo_y2020.tif,4178,0.06797510770703687,0.039624222115844904,Cairo,0,15198,3902.0
Cairo_y2020.tif,18291,0.01990049751243781,0.007063036466021541,Cairo,0,15742,3902.0
Cairo_y2020.tif,26369,0.0066745041526034355,0.0053153323978914644,Cairo,0,16074,3902.0
Cairo_y2020.tif,2468,0.043354943273905995,0.07020664505672608,Cairo,0,15987,3902.0
Cairo_y2020.tif,1377,0.4531590413943355,0.1936092955700799,Cairo,0,16007,3902.0
Cairo_y2020.tif,3219,0.3118981050015533,0.13233302267785027,Cairo,0,16095,3902.0
Cairo_y2020.tif,888,0.9921171171171171,0.37059121621621627,Cairo,1,16131,3902.0
Cairo_y2020.tif,1111,0.8973897389738974,0.3223492349234923,Cairo,0,16196,3902.0
Cairo_y2020.tif,577,1.0,0.3863778162911612,Cairo,1,16144,3902.0
Cairo_y2020.tif,6344,0.012452711223203027,0.02493852459016394,Cairo,0,16404,3902.0
Cairo_y2020.tif,754,1.0,0.35703580901856763,Cairo,1,16293,3902.0
Cairo_y2020.tif,829,0.991556091676719,0.40687575392038594,Cairo,1,16257,3902.0
Cairo_y2020.tif,502,0.9900398406374502,0.4001892430278884,Cairo,1,16268,3902.0
Cairo_y2020.tif,838,0.9964200477326969,0.41171837708830544,Cairo,1,16304,3902.0
Cairo_y2020.tif,619,1.0,0.4045072697899838,Cairo,1,16392,3902.0
Cairo_y2020.tif,590,0.8389830508474576,0.356135593220339,Cairo,1,16366,3902.0
Cairo_y2020.tif,1109,0.9936880072137061,0.40145175834084756,Cairo,1,16364,3902.0
Cairo_y2020.tif,720,0.9333333333333333,0.3766666666666667,Cairo,1,16390,3902.0
Cairo_y2020.tif,971,0.5540679711637487,0.2316271884654995,Cairo,0,16466,3902.0
Cairo_y2020.tif,680,0.3014705882352941,0.1320441176470588,Cairo,0,16448,3902.0
Cairo_y2020.tif,18322,0.21165811592620892,0.08622284685078048,Cairo,0,16742,3902.0
Cairo_y2020.tif,8143,0.05329731057349871,0.03974640795775512,Cairo,0,16929,3902.0
Cairo_y2020.tif,722,0.8365650969529086,0.3139612188365651,Cairo,0,16727,3902.0
Cairo_y2020.tif,692,1.0,0.39966040462427743,Cairo,0,16751,3902.0
Cairo_y2020.tif,1188,1.0,0.3844781144781145,Cairo,0,16791,3902.0
Cairo_y2020.tif,632,1.0,0.408631329113924,Cairo,1,16865,3902.0
Cairo_y2020.tif,722,0.9847645429362881,0.366606648199446,Cairo,0,16884,3902.0
Cairo_y2020.tif,775,1.0,0.4137161290322581,Cairo,1,16956,3902.0
Cairo_y2020.tif,756,1.0,0.42693121693121694,Cairo,1,16968,3902.0
Cairo_y2020.tif,734,1.0,0.41314713896457766,Cairo,1,16431,3902.0
Cairo_y2020.tif,548,1.0,0.4022536496350365,Cairo,1,16480,3902.0
Cairo_y2020.tif,804,0.996268656716418,0.34892412935323386,Cairo,1,16515,3902.0
Cairo_y2020.tif,921,1.0,0.41456026058631923,Cairo,1,16564,3902.0
Cairo_y2020.tif,706,1.0,0.3976912181303116,Cairo,1,16519,3902.0
Cairo_y2020.tif,896,0.5993303571428571,0.2518303571428571,Cairo,0,16555,3902.0
Cairo_y2020.tif,415,1.0,0.41030120481927707,Cairo,1,16546,3902.0
Cairo_y2020.tif,318,1.0,0.4183333333333332,Cairo,1,16563,3902.0
Cairo_y2020.tif,2657,1.0,0.4125856228829507,Cairo,1,16679,3902.0
Cairo_y2020.tif,365,1.0,0.3974520547945205,Cairo,1,16586,3902.0
Cairo_y2020.tif,597,1.0,0.3942378559463987,Cairo,1,16668,3902.0
Cairo_y2020.tif,832,1.0,0.36742788461538467,Cairo,1,16706,3902.0
Cairo_y2020.tif,410,1.0,0.4230243902439024,Cairo,1,16696,3902.0
Cairo_y2020.tif,522,1.0,0.3919731800766284,Cairo,1,16741,3902.0
Cairo_y2020.tif,2192,0.18202554744525548,0.12989051094890514,Cairo,0,16836,3902.0
Cairo_y2020.tif,1153,0.9982653946227233,0.36409366869037296,Cairo,1,16850,3902.0
Cairo_y2020.tif,634,0.28391167192429023,0.12494479495268139,Cairo,0,16831,3902.0
Cairo_y2020.tif,1010,1.0,0.36857425742574257,Cairo,1,16835,3902.0
Cairo_y2020.tif,330,1.0,0.3895757575757576,Cairo,1,16822,3902.0
Cairo_y2020.tif,1042,1.0,0.38543666026871404,Cairo,1,16832,3902.0
Cairo_y2020.tif,467,1.0,0.40017130620985014,Cairo,1,16812,3902.0
Cairo_y2020.tif,618,1.0,0.4075647249190939,Cairo,1,16824,3902.0
Cairo_y2020.tif,815,0.9067484662576687,0.3179141104294479,Cairo,1,16876,3902.0
Cairo_y2020.tif,355,1.0,0.3847887323943662,Cairo,0,16861,3902.0
Cairo_y2020.tif,482,0.991701244813278,0.3638485477178423,Cairo,1,16944,3902.0
Cairo_y2020.tif,540,1.0,0.4028888888888889,Cairo,1,16974,3902.0
Cairo_y2020.tif,601,1.0,0.3829034941763727,Cairo,1,16863,3902.0
Cairo_y2020.tif,325,0.2276923076923077,0.2079076923076923,Cairo,0,16897,3902.0
Cairo_y2020.tif,419,0.9904534606205251,0.3860620525059666,Cairo,0,16980,3902.0
Cairo_y2020.tif,798,0.9486215538847118,0.3751817042606516,Cairo,1,16985,3902.0
Cairo_y2020.tif,741,1.0,0.4110458839406207,Cairo,0,16994,3902.0
Cairo_y2020.tif,505,0.998019801980198,0.4089801980198019,Cairo,1,16991,3902.0
Cairo_y2020.tif,865,0.869364161849711,0.27973410404624277,Cairo,0,17017,3902.0
Cairo_y2020.tif,710,0.2112676056338028,0.13962676056338028,Cairo,0,17023,3902.0
Cairo_y2020.tif,473,0.49682875264270615,0.2403805496828753,Cairo,1,17018,3902.0
Cairo_y2020.tif,338,0.5946745562130178,0.2114792899408284,Cairo,1,17031,3902.0
Cairo_y2020.tif,364,0.978021978021978,0.27832417582417585,Cairo,0,17041,3902.0
Cairo_y2020.tif,787,0.12452350698856417,0.1306861499364676,Cairo,0,17030,3902.0
Cairo_y2020.tif,613,0.8368678629690048,0.31566068515497553,Cairo,0,17047,3902.0
Cairo_y2020.tif,941,0.8490967056323061,0.32896386822529217,Cairo,0,17020,3902.0
Cairo_y2020.tif,708,0.615819209039548,0.22977401129943503,Cairo,0,15523,3902.0
Cairo_y2020.tif,2486,0.13314561544650041,0.06913716814159293,Cairo,0,15782,3902.0
Cairo_y2020.tif,2080,0.7802884615384615,0.2919110576923077,Cairo,0,16077,3902.0
Cairo_y2020.tif,4321,0.3626475352927563,0.1631543624161074,Cairo,0,16302,3902.0
Cairo_y2020.tif,1241,0.9234488315874295,0.3048388396454472,Cairo,0,16202,3902.0
Cairo_y2020.tif,537,1.0,0.3822718808193669,Cairo,1,16117,3902.0
Cairo_y2020.tif,209717,0.05808303571002828,0.03407904461726994,Cairo,0,18714,3902.0
Cairo_y2020.tif,17253,0.0,0.0,Cairo,0,18014,3902.0
Cairo_y2020.tif,15164,0.0,0.0,Cairo,0,18175,3902.0
Cairo_y2020.tif,34482,0.049910098022156485,0.021981468592309036,Cairo,0,18665,3902.0
Cairo_y2020.tif,1466,0.757162346521146,0.2933594815825375,Cairo,0,17078,3902.0
Cairo_y2020.tif,526,0.7129277566539924,0.252671102661597,Cairo,1,17077,3902.0
Cairo_y2020.tif,778,1.0,0.4005976863753213,Cairo,0,17065,3902.0
Cairo_y2020.tif,566,1.0,0.4298144876325088,Cairo,1,17094,3902.0
Cairo_y2020.tif,973,1.0,0.434141829393628,Cairo,1,17154,3902.0
Cairo_y2020.tif,639,1.0,0.3425195618153365,Cairo,1,17147,3902.0
Cairo_y2020.tif,864,1.0,0.4128587962962963,Cairo,1,17166,3902.0
Cairo_y2020.tif,707,0.9717114568599717,0.3931471004243282,Cairo,0,17236,3902.0
Cairo_y2020.tif,424,1.0,0.3761084905660378,Cairo,0,17200,3902.0
Cairo_y2020.tif,569,0.9648506151142355,0.3363268892794376,Cairo,0,17250,3902.0
Cairo_y2020.tif,979,0.0,0.0,Cairo,0,16225,3902.0
Cairo_y2020.tif,17631,0.0,0.0,Cairo,0,16572,3902.0
Cairo_y2020.tif,1385,0.0,0.0,Cairo,0,16296,3902.0
Cairo_y2020.tif,68997,0.0,0.0,Cairo,0,17345,3902.0
Cairo_y2020.tif,171094,0.0,0.0,Cairo,0,17416,3902.0
Cairo_y2020.tif,11133,0.0,0.0,Cairo,0,17673,3902.0
Cairo_y2020.tif,62221,0.0,0.0,Cairo,0,17914,3902.0
Cairo_y2020.tif,3115,0.0,0.0,Cairo,0,17878,3902.0
Cairo_y2020.tif,91720,0.0,0.0,Cairo,0,18284,3902.0
Cairo_y2020.tif,1162,0.0,0.0,Cairo,0,17932,3902.0
Cairo_y2020.tif,788,1.0,0.3544923857868021,Cairo,1,16914,3902.0
Cairo_y2020.tif,1722,0.6300813008130082,0.2541376306620209,Cairo,0,17008,3902.0
Cairo_y2020.tif,713,1.0,0.388632538569425,Cairo,1,16849,3902.0
Cairo_y2020.tif,2010,0.26218905472636816,0.1469502487562189,Cairo,0,16999,3902.0
Cairo_y2020.tif,158927,0.0,0.00021041106923304413,Cairo,0,17728,3902.0
Cairo_y2020.tif,5317,0.2038743652435584,0.09973669362422417,Cairo,0,17172,3902.0
Cairo_y2020.tif,39720,0.04730614300100705,0.023987915407854988,Cairo,0,17942,3902.0
Cairo_y2020.tif,2659,0.16359533659270403,0.06234862730349756,Cairo,0,18265,3902.0
Cairo_y2020.tif,28400,0.0,0.0,Cairo,0,18320,3902.0
Cairo_y2020.tif,9097,0.0,0.0,Cairo,0,18249,3902.0
Cairo_y2020.tif,4125,0.0,0.0,Cairo,0,17952,3902.0
Cairo_y2020.tif,4007,0.0,0.0,Cairo,0,17996,3902.0
Cairo_y2020.tif,745,0.0,0.0,Cairo,1,17929,3902.0
Cairo_y2020.tif,17197,0.0,0.0,Cairo,0,18138,3902.0
Cairo_y2020.tif,2869,0.0,0.0,Cairo,0,18084,3902.0
Cairo_y2020.tif,1820,0.0,0.0,Cairo,1,18052,3902.0
Cairo_y2020.tif,1321,0.0,0.0,Cairo,1,18072,3902.0
Cairo_y2020.tif,1844,0.0,0.0,Cairo,0,18090,3902.0
Cairo_y2020.tif,1134,0.0,0.0,Cairo,0,18118,3902.0
Cairo_y2020.tif,6167,0.0,0.0,Cairo,0,18213,3902.0
Cairo_y2020.tif,1201,0.0,0.0,Cairo,1,17931,3902.0
Cairo_y2020.tif,661,0.0,0.0,Cairo,0,17940,3902.0
Cairo_y2020.tif,944,0.0,0.0,Cairo,1,17939,3902.0
Cairo_y2020.tif,2559,0.0,0.0,Cairo,0,18043,3902.0
Cairo_y2020.tif,1397,0.0,0.0,Cairo,1,18038,3902.0
Cairo_y2020.tif,1563,0.0,0.0,Cairo,0,18152,3902.0
Cairo_y2020.tif,1067,0.0,0.0,Cairo,1,18158,3902.0
Cairo_y2020.tif,913,0.0,0.0,Cairo,0,18159,3902.0
Cairo_y2020.tif,1409,0.0,0.0,Cairo,0,18182,3902.0
Cairo_y2020.tif,29956,0.0,0.0,Cairo,0,18264,3902.0
Cairo_y2020.tif,1144,0.0,0.0,Cairo,1,18122,3902.0
Cairo_y2020.tif,572,0.0,0.0,Cairo,1,18161,3902.0
Cairo_y2020.tif,1179,0.0,0.0,Cairo,1,18181,3902.0
Cairo_y2020.tif,1111,0.0,0.0,Cairo,1,18194,3902.0
Cairo_y2020.tif,2820,0.0,0.0,Cairo,1,18285,3902.0
Cairo_y2020.tif,5535,0.0,0.0,Cairo,0,18307,3902.0
Cairo_y2020.tif,2761,0.0,0.0,Cairo,0,18313,3902.0
Cairo_y2020.tif,1218,0.0,0.0,Cairo,1,18306,3902.0
Cairo_y2020.tif,1337,0.0,0.0,Cairo,0,18315,3902.0
Cairo_y2020.tif,1395,0.0,0.0,Cairo,1,18317,3902.0
Cairo_y2020.tif,647,0.0,0.0,Cairo,1,18136,3902.0
Cairo_y2020.tif,3145,0.0,0.0,Cairo,0,18196,3902.0
Cairo_y2020.tif,561,0.0,0.0,Cairo,1,18150,3902.0
Cairo_y2020.tif,844,0.0,0.0,Cairo,1,18178,3902.0
Cairo_y2020.tif,1307,0.0,0.0,Cairo,0,18154,3902.0
Cairo_y2020.tif,617,0.0,0.0,Cairo,1,18185,3902.0
Cairo_y2020.tif,981,0.0,0.0,Cairo,0,18241,3902.0
Cairo_y2020.tif,934,0.0,0.0,Cairo,0,18252,3902.0
Cairo_y2020.tif,3606,0.0,0.0,Cairo,0,18308,3902.0
Cairo_y2020.tif,4406,0.0,0.0,Cairo,0,18456,3902.0
Cairo_y2020.tif,915,0.0,0.0,Cairo,1,18318,3902.0
Cairo_y2020.tif,545,0.0,0.0,Cairo,1,18297,3902.0
Cairo_y2020.tif,508,0.0,0.0,Cairo,1,18319,3902.0
Cairo_y2020.tif,3138,0.0,0.0,Cairo,0,18376,3902.0
Cairo_y2020.tif,634,0.0,0.0,Cairo,1,18326,3902.0
Cairo_y2020.tif,1392,0.0,0.0,Cairo,0,18362,3902.0
Cairo_y2020.tif,2078,0.0,0.0,Cairo,0,18520,3902.0
Cairo_y2020.tif,1871,0.0,0.0,Cairo,0,18523,3902.0
Cairo_y2020.tif,1056,0.0,0.0,Cairo,1,18480,3902.0
Cairo_y2020.tif,3123,0.0,0.0,Cairo,0,18535,3902.0
Cairo_y2020.tif,1343,0.0,0.0,Cairo,0,18365,3902.0
Cairo_y2020.tif,7542,0.0,0.0,Cairo,0,18468,3902.0
Cairo_y2020.tif,543,0.0,0.0,Cairo,1,18392,3902.0
Cairo_y2020.tif,789,0.0,0.0,Cairo,1,18411,3902.0
Cairo_y2020.tif,1245,0.0,0.0,Cairo,0,18507,3902.0
Cairo_y2020.tif,3664,0.0,0.0,Cairo,0,18484,3902.0
Cairo_y2020.tif,642,0.0,0.0,Cairo,1,18428,3902.0
Cairo_y2020.tif,2072,0.0,0.0,Cairo,0,18504,3902.0
Cairo_y2020.tif,838,0.0,0.0,Cairo,1,18479,3902.0
Cairo_y2020.tif,708,0.0,0.0,Cairo,0,18440,3902.0
Cairo_y2020.tif,1027,0.0,0.0,Cairo,0,18519,3902.0
Cairo_y2020.tif,640,0.0,0.0,Cairo,1,18499,3902.0
Cairo_y2020.tif,542,0.0,0.0,Cairo,1,18510,3902.0
Cairo_y2020.tif,1538,0.0,0.0,Cairo,0,18528,3902.0
Cairo_y2020.tif,1024,0.0,0.0,Cairo,0,18533,3902.0
Cairo_y2020.tif,1646,0.0,0.0,Cairo,0,18565,3902.0
Cairo_y2020.tif,919,0.0,0.0,Cairo,1,18559,3902.0
Cairo_y2020.tif,737,0.0,0.0,Cairo,1,18573,3902.0
Cairo_y2020.tif,524,0.0,0.0,Cairo,0,18547,3902.0
Cairo_y2020.tif,933,0.0,0.0,Cairo,1,18591,3902.0
Cairo_y2020.tif,2667,0.0,0.0,Cairo,0,18539,3902.0
Cairo_y2020.tif,917,0.0,0.0,Cairo,0,18511,3902.0
Cairo_y2020.tif,846,0.0,0.0,Cairo,0,18521,3902.0
Cairo_y2020.tif,14675,0.0,0.0,Cairo,0,18635,3902.0
Cairo_y2020.tif,2306,0.0,0.0,Cairo,0,18692,3902.0
Cairo_y2020.tif,2208,0.0,0.0,Cairo,0,18659,3902.0
Cairo_y2020.tif,1285,0.0,0.0,Cairo,0,18646,3902.0
Cairo_y2020.tif,4540,0.0,0.0,Cairo,0,18733,3902.0
Cairo_y2020.tif,910,0.0,0.0,Cairo,0,18855,3902.0
Cairo_y2020.tif,5446,0.0,0.0,Cairo,0,18885,3902.0
Cairo_y2020.tif,11584,0.0,0.0,Cairo,0,17937,3902.0
Cairo_y2020.tif,8569,0.01225347181701482,0.013202824133504494,Cairo,0,17999,3902.0
Cairo_y2020.tif,197130,0.013554507178004363,0.00706904073454066,Cairo,0,19235,3902.0
Cairo_y2020.tif,3838,0.0242313705054716,0.027215997915581033,Cairo,0,18066,3902.0
Cairo_y2020.tif,6810,0.005433186490455213,0.011505873715124817,Cairo,0,18134,3902.0
Cairo_y2020.tif,680,0.6941176470588235,0.26547794117647056,Cairo,0,18328,3902.0
Cairo_y2020.tif,1020,1.0,0.39800490196078436,Cairo,1,18352,3902.0
Cairo_y2020.tif,825,0.9187878787878788,0.3288606060606061,Cairo,0,18382,3902.0
Cairo_y2020.tif,712,0.9943820224719101,0.3673033707865168,Cairo,0,18378,3902.0
Cairo_y2020.tif,3410,0.66158357771261,0.2568343108504399,Cairo,0,18448,3902.0
Cairo_y2020.tif,948,0.3744725738396624,0.1617879746835443,Cairo,0,17260,3902.0
Cairo_y2020.tif,916,0.23799126637554585,0.1528548034934498,Cairo,0,17256,3902.0
Cairo_y2020.tif,3508,0.15507411630558723,0.05953677309007982,Cairo,0,17494,3902.0
Cairo_y2020.tif,8631,0.13312478275981926,0.0516174255590314,Cairo,0,18221,3902.0
Cairo_y2020.tif,18672,0.0,0.0,Cairo,0,18293,3902.0
Cairo_y2020.tif,103874,0.0,0.0,Cairo,0,18712,3902.0
Cairo_y2020.tif,12928,0.023669554455445545,0.00967551051980198,Cairo,0,18902,3902.0
Cairo_y2020.tif,1419,0.11698379140239605,0.10276955602536997,Cairo,0,19008,3902.0
Cairo_y2020.tif,1323,0.1360544217687075,0.10145124716553287,Cairo,0,19063,3902.0
Cairo_y2020.tif,2850,0.8533333333333334,0.29640877192982457,Cairo,0,19087,3902.0
Cairo_y2020.tif,385,0.9636363636363636,0.3622857142857143,Cairo,0,16946,3902.0
Cairo_y2020.tif,19184,0.0,0.0,Cairo,0,18337,3902.0
Cairo_y2020.tif,17852,0.0,0.0,Cairo,0,18623,3902.0
Cairo_y2020.tif,19101,0.007434165750484268,0.0038814721742317163,Cairo,0,18924,3902.0
Cairo_y2020.tif,12155,0.07099958864664747,0.06061538461538462,Cairo,0,19055,3902.0
Cairo_y2020.tif,8612,0.10671156525777985,0.05542963307013469,Cairo,0,19060,3902.0
Cairo_y2020.tif,5697,0.0,0.00615674916622784,Cairo,0,19170,3902.0
Cairo_y2020.tif,1245,0.10441767068273092,0.1284698795180723,Cairo,0,19136,3902.0
Cairo_y2020.tif,13336,0.1349730053989202,0.06394571085782844,Cairo,0,19142,3902.0
Cairo_y2020.tif,2178,0.30991735537190085,0.15325298438934803,Cairo,0,19218,3902.0
Cairo_y2020.tif,15155,0.08815572418343781,0.03457505773672055,Cairo,0,18632,3902.0
Cairo_y2020.tif,15328,0.03770876826722338,0.01609472860125261,Cairo,0,18890,3902.0
Cairo_y2020.tif,21696,0.0,0.0,Cairo,0,18899,3902.0
Cairo_y2020.tif,27206,0.04554142468573109,0.02548463574211571,Cairo,0,19020,3902.0
Cairo_y2020.tif,3211,0.4808470881345375,0.2113687324820928,Cairo,0,19054,3902.0
Cairo_y2020.tif,1383,1.0,0.4024945770065076,Cairo,0,19065,3902.0
Cairo_y2020.tif,1154,1.0,0.4151776429809359,Cairo,0,19090,3902.0
Cairo_y2020.tif,1426,0.9915848527349228,0.40455469845722297,Cairo,0,19088,3902.0
Cairo_y2020.tif,610,1.0,0.42494262295081964,Cairo,0,19101,3902.0
Cairo_y2020.tif,566,0.9929328621908127,0.41624558303886927,Cairo,1,19115,3902.0
Cairo_y2020.tif,1358,0.727540500736377,0.2860088365243005,Cairo,0,19070,3902.0
Cairo_y2020.tif,843,1.0,0.3644899169632266,Cairo,0,19069,3902.0
Cairo_y2020.tif,311,0.842443729903537,0.28358520900321543,Cairo,1,19081,3902.0
Cairo_y2020.tif,1024,1.0,0.36867187500000004,Cairo,1,19099,3902.0
Cairo_y2020.tif,1229,0.21236777868185516,0.14482912937347436,Cairo,0,19104,3902.0
Cairo_y2020.tif,384,0.0,0.03243489583333334,Cairo,0,19132,3902.0
Cairo_y2020.tif,945,0.010582010582010581,0.08565608465608467,Cairo,0,19119,3902.0
Cairo_y2020.tif,1409,0.99361249112846,0.3445031937544358,Cairo,0,19127,3902.0
Cairo_y2020.tif,752,0.0,0.11044547872340427,Cairo,0,19129,3902.0
Cairo_y2020.tif,2118,0.42445703493862136,0.17940745986779982,Cairo,1,19151,3902.0
Cairo_y2020.tif,1196,0.9523411371237458,0.3815510033444816,Cairo,0,19111,3902.0
Cairo_y2020.tif,1065,1.0,0.4243051643192488,Cairo,0,19128,3902.0
Cairo_y2020.tif,831,0.9362214199759326,0.40161853188929003,Cairo,0,19139,3902.0
Cairo_y2020.tif,1024,0.9990234375,0.393203125,Cairo,0,19154,3902.0
Cairo_y2020.tif,5232,0.44017584097859325,0.18511659021406726,Cairo,0,19210,3902.0
Cairo_y2020.tif,844,1.0,0.41466232227488153,Cairo,0,19167,3902.0
Cairo_y2020.tif,1347,1.0,0.40763177431328884,Cairo,0,19180,3902.0
Cairo_y2020.tif,688,0.49709302325581395,0.2342950581395349,Cairo,0,19204,3902.0
Cairo_y2020.tif,1462,0.9904240766073872,0.3539671682626539,Cairo,0,19245,3902.0
Cairo_y2020.tif,1524,0.9776902887139107,0.3844225721784777,Cairo,0,19270,3902.0
Cairo_y2020.tif,3139,0.6269512583625358,0.22648773494743546,Cairo,0,19163,3902.0
Cairo_y2020.tif,1558,0.07188703465982028,0.0997785622593068,Cairo,0,19161,3902.0
Cairo_y2020.tif,2176,0.5124080882352942,0.20762408088235293,Cairo,0,19177,3902.0
Cairo_y2020.tif,602,0.5099667774086378,0.24490033222591362,Cairo,0,19152,3902.0
Cairo_y2020.tif,2915,0.1430531732418525,0.09301200686106346,Cairo,0,19206,3902.0
Cairo_y2020.tif,1153,0.997398091934085,0.39228967909800516,Cairo,1,19216,3902.0
Cairo_y2020.tif,693,1.0,0.3336219336219336,Cairo,0,19200,3902.0
Cairo_y2020.tif,1146,0.8769633507853403,0.3120898778359511,Cairo,0,19198,3902.0
Cairo_y2020.tif,1333,0.978244561140285,0.3815491372843211,Cairo,0,19224,3902.0
Cairo_y2020.tif,9519,0.5693875407080575,0.2339274083412123,Cairo,0,19362,3902.0
Cairo_y2020.tif,491,1.0,0.41128309572301425,Cairo,1,19230,3902.0
Cairo_y2020.tif,737,0.9810040705563093,0.35092265943012213,Cairo,0,19232,3902.0
Cairo_y2020.tif,811,1.0,0.40178791615289766,Cairo,1,19242,3902.0
Cairo_y2020.tif,545,0.9064220183486239,0.2992477064220183,Cairo,0,19226,3902.0
Cairo_y2020.tif,682,0.4750733137829912,0.24828445747800584,Cairo,0,19251,3902.0
Cairo_y2020.tif,973,0.3442959917780062,0.1928622816032888,Cairo,0,19254,3902.0
Cairo_y2020.tif,423,0.9952718676122931,0.35620567375886525,Cairo,1,19249,3902.0
Cairo_y2020.tif,1032,0.8914728682170543,0.3503488372093023,Cairo,0,19265,3902.0
Cairo_y2020.tif,763,1.0,0.4127916120576672,Cairo,1,19267,3902.0
Cairo_y2020.tif,1331,0.6108189331329827,0.23356874530428248,Cairo,0,19301,3902.0
Cairo_y2020.tif,561,1.0,0.4049197860962567,Cairo,0,19284,3902.0
Cairo_y2020.tif,1806,0.6550387596899225,0.29593300110741966,Cairo,0,19303,3902.0
Cairo_y2020.tif,616,1.0,0.4142938311688311,Cairo,1,19312,3902.0
Cairo_y2020.tif,2563,0.4682013265704253,0.18484003121342177,Cairo,0,19342,3902.0
Cairo_y2020.tif,3624,0.2792494481236203,0.11435292494481235,Cairo,0,19326,3902.0
Cairo_y2020.tif,438,0.9246575342465754,0.3709474885844748,Cairo,1,19331,3902.0
Cairo_y2020.tif,1297,0.9946029298380878,0.3914456437933693,Cairo,0,19329,3902.0
Cairo_y2020.tif,408,0.9534313725490197,0.36400735294117653,Cairo,0,19346,3902.0
Cairo_y2020.tif,1769,0.7439231204070096,0.27780667043527413,Cairo,0,19371,3902.0
Cairo_y2020.tif,4252,0.2250705550329257,0.09874647224835371,Cairo,0,19360,3902.0
Cairo_y2020.tif,577,0.9913344887348353,0.35450606585788563,Cairo,0,19348,3902.0
Cairo_y2020.tif,547,0.8574040219378428,0.2587568555758684,Cairo,0,19381,3902.0
Cairo_y2020.tif,2391,0.44081974069427016,0.21862818904224174,Cairo,0,19398,3902.0
Cairo_y2020.tif,465,1.0,0.3426774193548387,Cairo,0,19389,3902.0
Cairo_y2020.tif,1138,0.9420035149384886,0.29266256590509665,Cairo,0,19419,3902.0
Cairo_y2020.tif,4378,0.36249428962996805,0.18313956144358154,Cairo,0,19446,3902.0
Cairo_y2020.tif,2216,0.17373646209386281,0.09540839350180506,Cairo,0,19481,3902.0
Cairo_y2020.tif,5397,0.0,0.002695015749490458,Cairo,0,19498,3902.0
Cairo_y2020.tif,785,0.12356687898089172,0.12199363057324841,Cairo,0,19466,3902.0
Cairo_y2020.tif,439,0.6947608200455581,0.22657175398633259,Cairo,0,19465,3902.0
Cairo_y2020.tif,1354,0.0,0.027751107828655835,Cairo,0,8537,3902.0
Cairo_y2020.tif,2927,0.0,0.04462077212162623,Cairo,0,8667,3902.0
Cairo_y2020.tif,1123,0.0,0.03687889581478183,Cairo,0,8702,3902.0
Cairo_y2020.tif,1169,0.0,0.05127459366980325,Cairo,0,8743,3902.0
Cairo_y2020.tif,3511,0.12959270863001993,0.09784391911136428,Cairo,0,8800,3902.0
Cairo_y2020.tif,4758,0.05590584279108869,0.06685792349726777,Cairo,0,8873,3902.0
Cairo_y2020.tif,3979,0.011058054787635083,0.08042347323448103,Cairo,0,8914,3902.0
Cairo_y2020.tif,1132,0.0008833922261484099,0.04732332155477032,Cairo,0,9028,3902.0
Cairo_y2020.tif,2232,0.692652329749104,0.3091913082437276,Cairo,0,9090,3902.0
Cairo_y2020.tif,543,0.0,0.020865561694290973,Cairo,0,9130,3902.0
Cairo_y2020.tif,778,0.0,0.05151028277634962,Cairo,0,8768,3902.0
Cairo_y2020.tif,349,0.0,0.028266475644699147,Cairo,0,8774,3902.0
Cairo_y2020.tif,1488,0.005376344086021506,0.10964381720430108,Cairo,0,8748,3902.0
Cairo_y2020.tif,352,0.005681818181818182,0.12605113636363638,Cairo,1,8780,3902.0
Cairo_y2020.tif,573,0.0,0.044022687609075045,Cairo,1,8798,3902.0
Cairo_y2020.tif,546,0.0,0.06742673992673993,Cairo,1,8827,3902.0
Cairo_y2020.tif,316,0.0,0.08061708860759494,Cairo,1,8830,3902.0
Cairo_y2020.tif,1028,0.02821011673151751,0.17912451361867704,Cairo,0,8903,3902.0
Cairo_y2020.tif,865,0.0,0.11124855491329479,Cairo,0,8950,3902.0
Cairo_y2020.tif,795,0.0,0.09767924528301887,Cairo,1,8962,3902.0
Cairo_y2020.tif,621,0.0,0.15104669887278582,Cairo,0,8753,3902.0
Cairo_y2020.tif,672,0.0,0.06991815476190476,Cairo,0,8818,3902.0
Cairo_y2020.tif,954,0.0,0.10539832285115304,Cairo,0,8821,3902.0
Cairo_y2020.tif,2311,0.0034617048896581565,0.08979013414106447,Cairo,0,8985,3902.0
Cairo_y2020.tif,3204,0.39169787765293385,0.21633426966292135,Cairo,0,8899,3902.0
Cairo_y2020.tif,2356,0.7567911714770797,0.30254244482173176,Cairo,0,8876,3902.0
Cairo_y2020.tif,1414,0.016265912305516265,0.150498585572843,Cairo,0,8978,3902.0
Cairo_y2020.tif,1079,0.0,0.06785912882298424,Cairo,0,9066,3902.0
Cairo_y2020.tif,1988,0.16851106639839034,0.15430080482897385,Cairo,0,9098,3902.0
Cairo_y2020.tif,2159,0.6836498378879111,0.3163432144511348,Cairo,1,9138,3902.0
Cairo_y2020.tif,344,0.0,0.08725290697674419,Cairo,1,8964,3902.0
Cairo_y2020.tif,965,0.0,0.09577202072538858,Cairo,1,8991,3902.0
Cairo_y2020.tif,715,0.0,0.08261538461538462,Cairo,1,8974,3902.0
Cairo_y2020.tif,1476,0.0047425474254742545,0.10113482384823849,Cairo,0,9043,3902.0
Cairo_y2020.tif,879,0.0,0.043566552901023896,Cairo,0,9059,3902.0
Cairo_y2020.tif,505,0.0,0.03446534653465347,Cairo,0,9081,3902.0
Cairo_y2020.tif,411,0.0,0.0359610705596107,Cairo,0,9094,3902.0
Cairo_y2020.tif,5131,0.0,0.0463038394075229,Cairo,0,9280,3902.0
Cairo_y2020.tif,719,0.0,0.036981919332406125,Cairo,0,9314,3902.0
Cairo_y2020.tif,1340,0.04477611940298507,0.09431716417910448,Cairo,0,9320,3902.0
Cairo_y2020.tif,1129,0.12931798051372898,0.1671080602302923,Cairo,0,9178,3902.0
Cairo_y2020.tif,826,0.002421307506053269,0.145,Cairo,0,9194,3902.0
Cairo_y2020.tif,4244,0.0,0.050137841658812445,Cairo,0,9377,3902.0
Cairo_y2020.tif,1420,0.0,0.06388028169014084,Cairo,0,9479,3902.0
Cairo_y2020.tif,460,0.9739130434782609,0.3349782608695652,Cairo,1,9453,3902.0
Cairo_y2020.tif,2022,0.29920870425321466,0.1710459940652819,Cairo,0,9604,3902.0
Cairo_y2020.tif,417,0.0,0.12516786570743405,Cairo,1,9570,3902.0
Cairo_y2020.tif,453,0.0,0.16007726269315672,Cairo,0,9656,3902.0
Cairo_y2020.tif,411,0.0,0.037810218978102196,Cairo,0,9716,3902.0
Cairo_y2020.tif,533,0.27392120075046905,0.21701688555347093,Cairo,1,9722,3902.0
Cairo_y2020.tif,1865,0.47506702412868634,0.21464075067024127,Cairo,0,9167,3902.0
Cairo_y2020.tif,1711,0.3033313851548802,0.21148158971361777,Cairo,0,9218,3902.0
Cairo_y2020.tif,1168,0.0,0.07595890410958904,Cairo,0,9172,3902.0
Cairo_y2020.tif,1238,0.0008077544426494346,0.06537560581583199,Cairo,0,9295,3902.0
Cairo_y2020.tif,2450,0.0,0.07954897959183674,Cairo,0,9391,3902.0
Cairo_y2020.tif,15774,0.0005071636870800051,0.057304425003169776,Cairo,0,9775,3902.0
Cairo_y2020.tif,204,0.0,0.035343137254901964,Cairo,1,9727,3902.0
Cairo_y2020.tif,1958,0.0,0.05541113381001022,Cairo,0,9988,3902.0
Cairo_y2020.tif,342,0.0,0.026842105263157893,Cairo,0,9841,3902.0
Cairo_y2020.tif,268,0.0,0.024421641791044776,Cairo,0,9829,3902.0
Cairo_y2020.tif,1125,0.2817777777777778,0.1608577777777778,Cairo,0,9357,3902.0
Cairo_y2020.tif,1650,0.13575757575757577,0.10808484848484849,Cairo,0,9518,3902.0
Cairo_y2020.tif,315,0.9555555555555556,0.3054126984126984,Cairo,1,9366,3902.0
Cairo_y2020.tif,581,0.29259896729776247,0.1639586919104991,Cairo,1,9418,3902.0
Cairo_y2020.tif,770,0.9701298701298702,0.3539025974025974,Cairo,1,9513,3902.0
Cairo_y2020.tif,3455,0.002894356005788712,0.04205788712011578,Cairo,0,9926,3902.0
Cairo_y2020.tif,2951,0.3144696712978651,0.1703964757709251,Cairo,1,9599,3902.0
Cairo_y2020.tif,485,0.8247422680412371,0.2531546391752577,Cairo,1,9637,3902.0
Cairo_y2020.tif,280,0.0,0.15373214285714287,Cairo,1,9625,3902.0
Cairo_y2020.tif,256,0.03515625,0.12589843750000002,Cairo,0,9650,3902.0
Cairo_y2020.tif,209,0.0,0.12933014354066985,Cairo,0,9686,3902.0
Cairo_y2020.tif,355,0.24788732394366197,0.18426760563380284,Cairo,0,9726,3902.0
Cairo_y2020.tif,195,0.48717948717948717,0.2363846153846154,Cairo,1,9712,3902.0
Cairo_y2020.tif,173,0.0,0.09329479768786128,Cairo,1,9733,3902.0
Cairo_y2020.tif,616,0.0,0.04707792207792208,Cairo,0,9777,3902.0
Cairo_y2020.tif,313,0.0,0.03035143769968051,Cairo,0,9755,3902.0
Cairo_y2020.tif,278,0.0,0.11232014388489209,Cairo,1,9750,3902.0
Cairo_y2020.tif,149,0.10738255033557047,0.16281879194630874,Cairo,1,9789,3902.0
Cairo_y2020.tif,221,0.0,0.13850678733031674,Cairo,0,9785,3902.0
Cairo_y2020.tif,165,0.10909090909090909,0.1803030303030303,Cairo,1,9798,3902.0
Cairo_y2020.tif,3073,0.04197852261633583,0.08287341360234299,Cairo,1,9871,3902.0
Cairo_y2020.tif,291,0.0,0.03974226804123711,Cairo,0,9768,3902.0
Cairo_y2020.tif,240,0.22916666666666666,0.20302083333333337,Cairo,1,9783,3902.0
Cairo_y2020.tif,1894,0.6779303062302007,0.29164730728616683,Cairo,1,9961,3902.0
Cairo_y2020.tif,475,0.042105263157894736,0.07078947368421054,Cairo,1,9936,3902.0
Cairo_y2020.tif,612,0.7009803921568627,0.2975081699346405,Cairo,1,9973,3902.0
Cairo_y2020.tif,217,1.0,0.42108294930875567,Cairo,1,9968,3902.0
Cairo_y2020.tif,336,0.44642857142857145,0.24452380952380956,Cairo,0,10010,3902.0
Cairo_y2020.tif,306,0.9477124183006536,0.36140522875816994,Cairo,1,10062,3902.0
Cairo_y2020.tif,349,1.0,0.4059885386819484,Cairo,1,10107,3902.0
Cairo_y2020.tif,1303,0.017651573292402148,0.07059861857252495,Cairo,0,9894,3902.0
Cairo_y2020.tif,420,0.0,0.07130952380952382,Cairo,1,9840,3902.0
Cairo_y2020.tif,256,0.0,0.12384765625000001,Cairo,1,9860,3902.0
Cairo_y2020.tif,233,0.0,0.05000000000000001,Cairo,1,9895,3902.0
Cairo_y2020.tif,737,0.0,0.11938941655359565,Cairo,1,9900,3902.0
Cairo_y2020.tif,386,0.0,0.10097150259067356,Cairo,1,9950,3902.0
Cairo_y2020.tif,191,0.0,0.10848167539267017,Cairo,0,9977,3902.0
Cairo_y2020.tif,1343,0.0,0.09600893521965748,Cairo,1,10115,3902.0
Cairo_y2020.tif,250,0.0,0.12775999999999998,Cairo,1,10040,3902.0
Cairo_y2020.tif,332,0.024096385542168676,0.21411144578313254,Cairo,1,10089,3902.0
Cairo_y2020.tif,1122,0.0,0.07434046345811052,Cairo,0,8971,3902.0
Cairo_y2020.tif,113,0.0,0.06933628318584073,Cairo,1,8935,3902.0
Cairo_y2020.tif,303,0.0,0.08458745874587459,Cairo,1,8947,3902.0
Cairo_y2020.tif,209,0.0,0.10370813397129187,Cairo,0,8970,3902.0
Cairo_y2020.tif,496,0.0,0.029223790322580653,Cairo,1,9014,3902.0
Cairo_y2020.tif,160,0.0,0.09618750000000001,Cairo,0,8984,3902.0
Cairo_y2020.tif,520,0.0,0.11103846153846154,Cairo,0,9005,3902.0
Cairo_y2020.tif,240,0.1875,0.16514583333333335,Cairo,1,9016,3902.0
Cairo_y2020.tif,284,0.0,0.06871478873239435,Cairo,1,9035,3902.0
Cairo_y2020.tif,148,0.0,0.13554054054054054,Cairo,0,9026,3902.0
Cairo_y2020.tif,442,0.0,0.09276018099547512,Cairo,0,8938,3902.0
Cairo_y2020.tif,2996,0.0,0.06275200267022697,Cairo,0,9025,3902.0
Cairo_y2020.tif,3574,0.0,0.045689703413542254,Cairo,0,9099,3902.0
Cairo_y2020.tif,369,0.0,0.10905149051490513,Cairo,1,9023,3902.0
Cairo_y2020.tif,457,0.0,0.10138949671772428,Cairo,1,9055,3902.0
Cairo_y2020.tif,1082,0.06099815157116451,0.15720887245841036,Cairo,1,9084,3902.0
Cairo_y2020.tif,1404,0.04131054131054131,0.09477920227920228,Cairo,1,9147,3902.0
Cairo_y2020.tif,366,0.0,0.1148224043715847,Cairo,1,9111,3902.0
Cairo_y2020.tif,241,0.5684647302904564,0.23506224066390038,Cairo,1,9109,3902.0
Cairo_y2020.tif,433,0.12009237875288684,0.16967667436489609,Cairo,0,9163,3902.0
Cairo_y2020.tif,230,0.4782608695652174,0.23541304347826092,Cairo,0,8939,3902.0
Cairo_y2020.tif,862,0.25754060324825984,0.1630800464037123,Cairo,0,8955,3902.0
Cairo_y2020.tif,325,0.15384615384615385,0.19244615384615382,Cairo,0,8959,3902.0
Cairo_y2020.tif,581,0.8760757314974182,0.28055077452667815,Cairo,1,8998,3902.0
Cairo_y2020.tif,324,0.2345679012345679,0.1858179012345679,Cairo,1,9002,3902.0
Cairo_y2020.tif,1230,0.9300813008130081,0.36795934959349597,Cairo,1,9022,3902.0
Cairo_y2020.tif,882,0.7471655328798186,0.28487528344671204,Cairo,1,9104,3902.0
Cairo_y2020.tif,1140,1.0,0.4061008771929825,Cairo,1,9146,3902.0
Cairo_y2020.tif,1941,0.8248325605358063,0.34669500257599173,Cairo,1,9165,3902.0
Cairo_y2020.tif,467,0.892933618843683,0.3566381156316917,Cairo,1,9177,3902.0
Cairo_y2020.tif,1648,0.5200242718446602,0.20972997572815533,Cairo,1,9039,3902.0
Cairo_y2020.tif,243,1.0,0.3539917695473251,Cairo,1,9063,3902.0
Cairo_y2020.tif,515,0.9611650485436893,0.35171844660194174,Cairo,1,9075,3902.0
Cairo_y2020.tif,634,0.33753943217665616,0.2087776025236593,Cairo,1,9125,3902.0
Cairo_y2020.tif,171,0.9766081871345029,0.35312865497076024,Cairo,1,9085,3902.0
Cairo_y2020.tif,217,0.9815668202764977,0.3521428571428571,Cairo,1,9096,3902.0
Cairo_y2020.tif,192,1.0,0.355,Cairo,1,9127,3902.0
Cairo_y2020.tif,575,0.9878260869565217,0.3465652173913043,Cairo,1,9135,3902.0
Cairo_y2020.tif,370,0.6702702702702703,0.2907297297297297,Cairo,1,9158,3902.0
Cairo_y2020.tif,346,1.0,0.3533381502890173,Cairo,1,9166,3902.0
Cairo_y2020.tif,489,0.6421267893660532,0.27853783231083845,Cairo,1,9148,3902.0
Cairo_y2020.tif,365,0.5150684931506849,0.24836986301369862,Cairo,1,9159,3902.0
Cairo_y2020.tif,274,0.6204379562043796,0.2733394160583942,Cairo,1,9187,3902.0
Cairo_y2020.tif,468,0.8846153846153846,0.3153846153846154,Cairo,1,9227,3902.0
Cairo_y2020.tif,435,0.9747126436781609,0.3217011494252873,Cairo,1,9203,3902.0
Cairo_y2020.tif,397,0.8967254408060453,0.30342569269521413,Cairo,0,9251,3902.0
Cairo_y2020.tif,2238,0.5080428954423593,0.24290661304736372,Cairo,0,9297,3902.0
Cairo_y2020.tif,419,1.0,0.3781384248210024,Cairo,1,9249,3902.0
Cairo_y2020.tif,595,0.8890756302521008,0.35831932773109243,Cairo,1,9290,3902.0
Cairo_y2020.tif,400,0.7625,0.30725,Cairo,1,9327,3902.0
Cairo_y2020.tif,346,1.0,0.4409682080924855,Cairo,1,9186,3902.0
Cairo_y2020.tif,1513,0.4547257105089227,0.22915730337078655,Cairo,1,9240,3902.0
Cairo_y2020.tif,475,0.5136842105263157,0.2819052631578947,Cairo,1,9273,3902.0
Cairo_y2020.tif,506,0.6126482213438735,0.31828063241106724,Cairo,1,9261,3902.0
Cairo_y2020.tif,585,0.044444444444444446,0.13787179487179488,Cairo,0,9289,3902.0
Cairo_y2020.tif,647,0.1731066460587326,0.18724884080370943,Cairo,1,9310,3902.0
Cairo_y2020.tif,494,0.0,0.028512145748987857,Cairo,0,9305,3902.0
Cairo_y2020.tif,464,0.0,0.08821120689655172,Cairo,1,9359,3902.0
Cairo_y2020.tif,187,0.0,0.04082887700534759,Cairo,0,9346,3902.0
Cairo_y2020.tif,1719,0.07620709714950552,0.09872018615474114,Cairo,0,9375,3902.0
Cairo_y2020.tif,370,0.8135135135135135,0.29009459459459463,Cairo,1,9204,3902.0
Cairo_y2020.tif,441,0.9342403628117913,0.315827664399093,Cairo,1,9238,3902.0
Cairo_y2020.tif,397,0.2141057934508816,0.16221662468513856,Cairo,1,9278,3902.0
Cairo_y2020.tif,909,0.036303630363036306,0.11092409240924093,Cairo,0,9252,3902.0
Cairo_y2020.tif,470,0.0,0.054989361702127655,Cairo,0,9321,3902.0
Cairo_y2020.tif,530,0.0,0.06906603773584905,Cairo,0,9396,3902.0
Cairo_y2020.tif,419,0.06921241050119331,0.11694510739856803,Cairo,1,9393,3902.0
Cairo_y2020.tif,343,0.641399416909621,0.2667930029154519,Cairo,1,9435,3902.0
Cairo_y2020.tif,1056,0.0,0.041590909090909095,Cairo,0,9576,3902.0
Cairo_y2020.tif,322,0.14906832298136646,0.17732919254658386,Cairo,0,9523,3902.0
Cairo_y2020.tif,241,1.0,0.4293983402489626,Cairo,1,9326,3902.0
Cairo_y2020.tif,644,0.4937888198757764,0.2571428571428572,Cairo,0,9330,3902.0
Cairo_y2020.tif,383,0.4177545691906005,0.22460835509138383,Cairo,1,9336,3902.0
Cairo_y2020.tif,257,1.0,0.40437743190661485,Cairo,1,9355,3902.0
Cairo_y2020.tif,333,1.0,0.42782282282282275,Cairo,1,9368,3902.0
Cairo_y2020.tif,520,0.8346153846153846,0.3360192307692308,Cairo,1,9383,3902.0
Cairo_y2020.tif,261,1.0,0.32808429118773946,Cairo,1,9397,3902.0
Cairo_y2020.tif,224,0.9776785714285714,0.31776785714285716,Cairo,1,9365,3902.0
Cairo_y2020.tif,979,0.9366700715015321,0.38836057201225743,Cairo,1,9454,3902.0
Cairo_y2020.tif,802,0.7331670822942643,0.2949501246882793,Cairo,1,9534,3902.0
Cairo_y2020.tif,484,0.0,0.05186983471074381,Cairo,1,9372,3902.0
Cairo_y2020.tif,351,0.0,0.024658119658119655,Cairo,0,9389,3902.0
Cairo_y2020.tif,183,0.0,0.03349726775956285,Cairo,0,9388,3902.0
Cairo_y2020.tif,233,0.0,0.031566523605150214,Cairo,1,9404,3902.0
Cairo_y2020.tif,258,0.0,0.029844961240310077,Cairo,1,9419,3902.0
Cairo_y2020.tif,234,0.0,0.02226495726495727,Cairo,1,9468,3902.0
Cairo_y2020.tif,402,0.0,0.01567164179104478,Cairo,0,9502,3902.0
Cairo_y2020.tif,253,0.0,0.018300395256916995,Cairo,1,9487,3902.0
Cairo_y2020.tif,680,0.0,0.06547058823529413,Cairo,1,9495,3902.0
Cairo_y2020.tif,574,0.7090592334494773,0.2851393728222997,Cairo,1,9471,3902.0
Cairo_y2020.tif,208,0.0,0.02298076923076923,Cairo,0,9508,3902.0
Cairo_y2020.tif,226,0.0,0.022345132743362833,Cairo,1,9526,3902.0
Cairo_y2020.tif,222,0.7522522522522522,0.29139639639639636,Cairo,1,9531,3902.0
Cairo_y2020.tif,255,0.0,0.02888235294117647,Cairo,1,9561,3902.0
Cairo_y2020.tif,385,0.0,0.02094805194805195,Cairo,0,9606,3902.0
Cairo_y2020.tif,263,0.0,0.027148288973384036,Cairo,1,9587,3902.0
Cairo_y2020.tif,263,0.0,0.01811787072243346,Cairo,0,9611,3902.0
Cairo_y2020.tif,405,0.5506172839506173,0.2649012345679012,Cairo,1,9645,3902.0
Cairo_y2020.tif,472,0.0,0.07283898305084746,Cairo,0,9632,3902.0
Cairo_y2020.tif,219,0.0136986301369863,0.14246575342465756,Cairo,1,9663,3902.0
Cairo_y2020.tif,321,1.0,0.42409657320872274,Cairo,1,9509,3902.0
Cairo_y2020.tif,213,0.6291079812206573,0.2972769953051643,Cairo,1,9519,3902.0
Cairo_y2020.tif,1394,0.08034433285509325,0.06804878048780488,Cairo,0,9636,3902.0
Cairo_y2020.tif,254,1.0,0.3641732283464567,Cairo,1,9549,3902.0
Cairo_y2020.tif,683,0.8243045387994143,0.34830161054172765,Cairo,1,9584,3902.0
Cairo_y2020.tif,517,0.22823984526112184,0.14005802707930368,Cairo,1,9675,3902.0
Cairo_y2020.tif,1259,0.7116759332803813,0.30146147736298645,Cairo,1,9697,3902.0
Cairo_y2020.tif,266,0.849624060150376,0.3188157894736842,Cairo,0,9698,3902.0
Cairo_y2020.tif,729,0.48010973936899864,0.22294238683127576,Cairo,1,9728,3902.0
Cairo_y2020.tif,626,0.38817891373801916,0.20087859424920126,Cairo,1,9730,3902.0
Cairo_y2020.tif,317,0.0,0.06449526813880126,Cairo,1,9564,3902.0
Cairo_y2020.tif,349,0.0,0.06084527220630374,Cairo,1,9562,3902.0
Cairo_y2020.tif,432,0.0,0.09877314814814814,Cairo,1,9614,3902.0
Cairo_y2020.tif,213,0.0,0.05765258215962442,Cairo,0,9591,3902.0
Cairo_y2020.tif,274,0.0,0.03213503649635036,Cairo,1,9622,3902.0
Cairo_y2020.tif,417,0.0,0.061235011990407685,Cairo,1,9624,3902.0
Cairo_y2020.tif,181,0.0,0.058480662983425406,Cairo,0,9652,3902.0
Cairo_y2020.tif,651,0.0,0.09347158218125962,Cairo,0,9672,3902.0
Cairo_y2020.tif,316,0.0,0.09249999999999999,Cairo,0,9691,3902.0
Cairo_y2020.tif,3614,0.0,0.06642501383508578,Cairo,0,9869,3902.0
Cairo_y2020.tif,517,0.2514506769825919,0.18125725338491294,Cairo,1,9654,3902.0
Cairo_y2020.tif,331,0.56797583081571,0.2481722054380665,Cairo,1,9682,3902.0
Cairo_y2020.tif,237,0.06751054852320675,0.17957805907172997,Cairo,0,9659,3902.0
Cairo_y2020.tif,899,0.15795328142380421,0.1435706340378198,Cairo,0,9848,3902.0
Cairo_y2020.tif,499,0.7034068136272545,0.2810821643286573,Cairo,1,9790,3902.0
Cairo_y2020.tif,496,0.7036290322580645,0.24883064516129033,Cairo,0,9778,3902.0
Cairo_y2020.tif,1926,0.0446521287642783,0.0955373831775701,Cairo,0,9862,3902.0
Cairo_y2020.tif,319,0.3887147335423197,0.15260188087774296,Cairo,0,9854,3902.0
Cairo_y2020.tif,355,0.4647887323943662,0.17792957746478874,Cairo,0,9951,3902.0
Cairo_y2020.tif,362,0.9861878453038674,0.3939779005524862,Cairo,1,9946,3902.0
Cairo_y2020.tif,1433,0.5945568736915562,0.257857641311933,Cairo,0,9819,3902.0
Cairo_y2020.tif,324,0.0,0.10816358024691358,Cairo,0,9824,3902.0
Cairo_y2020.tif,455,0.7428571428571429,0.2612967032967033,Cairo,0,9850,3902.0
Cairo_y2020.tif,229,1.0,0.31744541484716154,Cairo,1,9823,3902.0
Cairo_y2020.tif,638,0.8871473354231975,0.32706896551724135,Cairo,0,9832,3902.0
Cairo_y2020.tif,214,0.20093457943925233,0.15072429906542054,Cairo,0,9919,3902.0
Cairo_y2020.tif,316,0.06962025316455696,0.15438291139240506,Cairo,0,9890,3902.0
Cairo_y2020.tif,309,1.0,0.35215210355987053,Cairo,1,9941,3902.0
Cairo_y2020.tif,241,0.0,0.12753112033195022,Cairo,0,10071,3902.0
Cairo_y2020.tif,199,0.8291457286432161,0.3206281407035176,Cairo,1,10013,3902.0
Cairo_y2020.tif,374,0.0,0.061965240641711224,Cairo,0,9685,3902.0
Cairo_y2020.tif,200,0.0,0.0499,Cairo,1,9701,3902.0
Cairo_y2020.tif,921,0.0,0.04369163952225842,Cairo,0,9732,3902.0
Cairo_y2020.tif,291,0.0,0.1118384879725086,Cairo,1,9771,3902.0
Cairo_y2020.tif,808,0.0,0.10147277227722772,Cairo,0,9808,3902.0
Cairo_y2020.tif,429,0.0,0.08005827505827505,Cairo,1,9804,3902.0
Cairo_y2020.tif,1212,0.0,0.0681023102310231,Cairo,1,9897,3902.0
Cairo_y2020.tif,706,0.6104815864022662,0.30070821529745045,Cairo,1,9993,3902.0
Cairo_y2020.tif,1333,0.16054013503375844,0.15635408852213054,Cairo,0,10016,3902.0
Cairo_y2020.tif,370,0.010810810810810811,0.15644594594594596,Cairo,1,10059,3902.0
Cairo_y2020.tif,260,0.9961538461538462,0.34525,Cairo,1,10020,3902.0
Cairo_y2020.tif,197,0.0,0.15340101522842642,Cairo,1,10073,3902.0
Cairo_y2020.tif,273,0.21978021978021978,0.2197069597069597,Cairo,1,10083,3902.0
Cairo_y2020.tif,205,0.0,0.16399999999999998,Cairo,1,10080,3902.0
Cairo_y2020.tif,364,0.07142857142857142,0.15396978021978022,Cairo,0,10084,3902.0
Cairo_y2020.tif,740,0.005405405405405406,0.16014189189189187,Cairo,0,10118,3902.0
Cairo_y2020.tif,403,0.8883374689826302,0.3433498759305211,Cairo,1,10099,3902.0
Cairo_y2020.tif,195,0.16923076923076924,0.20964102564102563,Cairo,1,10132,3902.0
Cairo_y2020.tif,323,1.0,0.38252321981424153,Cairo,1,10150,3902.0
Cairo_y2020.tif,232,1.0,0.3837715517241379,Cairo,1,10215,3902.0
Cairo_y2020.tif,601,0.09983361064891846,0.20073211314475872,Cairo,1,10054,3902.0
Cairo_y2020.tif,651,0.01228878648233487,0.15897849462365593,Cairo,0,9999,3902.0
Cairo_y2020.tif,349,1.0,0.400243553008596,Cairo,1,10070,3902.0
Cairo_y2020.tif,412,0.03398058252427184,0.20509708737864077,Cairo,1,10151,3902.0
Cairo_y2020.tif,386,1.0,0.41862694300518144,Cairo,1,10202,3902.0
Cairo_y2020.tif,466,0.9334763948497854,0.37299356223175967,Cairo,1,10339,3902.0
Cairo_y2020.tif,3966,0.32476046394351993,0.20028113968734243,Cairo,0,10442,3902.0
Cairo_y2020.tif,476,1.0,0.40880252100840336,Cairo,1,10415,3902.0
Cairo_y2020.tif,628,1.0,0.3876910828025477,Cairo,1,10447,3902.0
Cairo_y2020.tif,981,1.0,0.3900356778797146,Cairo,1,10508,3902.0
Cairo_y2020.tif,578,0.8910034602076125,0.34558823529411764,Cairo,1,9893,3902.0
Cairo_y2020.tif,297,1.0,0.44021885521885523,Cairo,1,10057,3902.0
Cairo_y2020.tif,548,1.0,0.3797171532846715,Cairo,1,10026,3902.0
Cairo_y2020.tif,1034,0.9390715667311412,0.3803143133462282,Cairo,1,10032,3902.0
Cairo_y2020.tif,605,1.0,0.42090909090909095,Cairo,1,10177,3902.0
Cairo_y2020.tif,867,1.0,0.39211072664359864,Cairo,1,10279,3902.0
Cairo_y2020.tif,1170,1.0,0.4426324786324786,Cairo,1,10328,3902.0
Cairo_y2020.tif,17914,0.11560790443228759,0.06928547504744892,Cairo,0,12024,3902.0
Cairo_y2020.tif,597,1.0,0.41537688442211057,Cairo,1,10365,3902.0
Cairo_y2020.tif,1148,0.6533101045296167,0.2963066202090592,Cairo,1,10479,3902.0
Cairo_y2020.tif,398,0.4221105527638191,0.24964824120603019,Cairo,0,10208,3902.0
Cairo_y2020.tif,343,1.0,0.3863556851311953,Cairo,1,10234,3902.0
Cairo_y2020.tif,319,1.0,0.4109561128526645,Cairo,1,10290,3902.0
Cairo_y2020.tif,330,1.0,0.355530303030303,Cairo,1,10315,3902.0
Cairo_y2020.tif,420,0.9952380952380953,0.32282142857142854,Cairo,1,10310,3902.0
Cairo_y2020.tif,528,0.865530303030303,0.3186647727272727,Cairo,1,10359,3902.0
Cairo_y2020.tif,571,0.9912434325744308,0.3319789842381786,Cairo,1,10421,3902.0
Cairo_y2020.tif,714,1.0,0.3961134453781513,Cairo,1,10389,3902.0
Cairo_y2020.tif,692,1.0,0.4001445086705202,Cairo,1,10510,3902.0
Cairo_y2020.tif,354,0.9745762711864406,0.33514124293785313,Cairo,1,10535,3902.0
Cairo_y2020.tif,305,0.0,0.07024590163934427,Cairo,1,10210,3902.0
Cairo_y2020.tif,465,0.5010752688172043,0.2797311827956989,Cairo,1,10325,3902.0
Cairo_y2020.tif,225,0.35555555555555557,0.24153333333333332,Cairo,1,10263,3902.0
Cairo_y2020.tif,254,0.0,0.08013779527559053,Cairo,0,10288,3902.0
Cairo_y2020.tif,949,0.0,0.05876712328767123,Cairo,0,10419,3902.0
Cairo_y2020.tif,561,0.29411764705882354,0.1835739750445633,Cairo,1,10362,3902.0
Cairo_y2020.tif,781,0.0,0.03563380281690141,Cairo,0,10457,3902.0
Cairo_y2020.tif,1997,0.6514772158237356,0.2704031046569855,Cairo,1,10536,3902.0
Cairo_y2020.tif,499,0.0,0.046853707414829665,Cairo,0,10558,3902.0
Cairo_y2020.tif,381,0.32545931758530183,0.17603674540682418,Cairo,1,10524,3902.0
Cairo_y2020.tif,250,0.0,0.03464,Cairo,0,9909,3902.0
Cairo_y2020.tif,384,0.0,0.027552083333333338,Cairo,1,9965,3902.0
Cairo_y2020.tif,178,0.0,0.03601123595505618,Cairo,1,10002,3902.0
Cairo_y2020.tif,330,0.0,0.025303030303030303,Cairo,1,10025,3902.0
Cairo_y2020.tif,310,0.0,0.03270967741935484,Cairo,0,10061,3902.0
Cairo_y2020.tif,334,0.0,0.054041916167664676,Cairo,1,10128,3902.0
Cairo_y2020.tif,394,0.0,0.023286802030456855,Cairo,0,10117,3902.0
Cairo_y2020.tif,1574,0.0,0.07031130876747141,Cairo,0,10206,3902.0
Cairo_y2020.tif,272,0.0,0.07014705882352941,Cairo,0,10124,3902.0
Cairo_y2020.tif,328,0.0,0.03129573170731707,Cairo,0,10105,3902.0
Cairo_y2020.tif,496,0.0,0.07884072580645161,Cairo,0,10159,3902.0
Cairo_y2020.tif,363,0.0,0.01972451790633609,Cairo,0,10175,3902.0
Cairo_y2020.tif,239,0.0,0.01866108786610879,Cairo,1,10180,3902.0
Cairo_y2020.tif,142,0.0,0.022746478873239433,Cairo,0,10167,3902.0
Cairo_y2020.tif,382,0.0,0.015602094240837696,Cairo,0,10237,3902.0
Cairo_y2020.tif,227,0.0,0.03975770925110133,Cairo,0,10222,3902.0
Cairo_y2020.tif,135,0.0,0.023925925925925923,Cairo,0,10221,3902.0
Cairo_y2020.tif,141,0.0,0.13358156028368795,Cairo,1,10240,3902.0
Cairo_y2020.tif,414,0.0,0.017971014492753623,Cairo,0,10301,3902.0
Cairo_y2020.tif,168,0.0,0.0318452380952381,Cairo,0,10281,3902.0
Cairo_y2020.tif,222,0.0,0.09076576576576575,Cairo,0,10133,3902.0
Cairo_y2020.tif,241,0.17427385892116182,0.2141286307053942,Cairo,1,10155,3902.0
Cairo_y2020.tif,1431,0.0,0.03250524109014675,Cairo,0,10340,3902.0
Cairo_y2020.tif,185,0.010810810810810811,0.18283783783783786,Cairo,1,10163,3902.0
Cairo_y2020.tif,283,0.4664310954063604,0.24591872791519434,Cairo,1,10171,3902.0
Cairo_y2020.tif,221,0.0,0.07728506787330316,Cairo,1,10213,3902.0
Cairo_y2020.tif,218,1.0,0.3627752293577982,Cairo,1,10264,3902.0
Cairo_y2020.tif,408,0.7254901960784313,0.28062499999999996,Cairo,1,10292,3902.0
Cairo_y2020.tif,419,0.4009546539379475,0.23309069212410502,Cairo,1,10243,3902.0
Cairo_y2020.tif,282,1.0,0.40289007092198587,Cairo,1,10270,3902.0
Cairo_y2020.tif,252,0.8650793650793651,0.3373015873015873,Cairo,1,10109,3902.0
Cairo_y2020.tif,1316,0.9992401215805471,0.3965957446808511,Cairo,1,10176,3902.0
Cairo_y2020.tif,176,0.8238636363636364,0.32099431818181823,Cairo,1,10154,3902.0
Cairo_y2020.tif,206,0.2912621359223301,0.20104368932038838,Cairo,0,10182,3902.0
Cairo_y2020.tif,215,1.0,0.43023255813953487,Cairo,1,10203,3902.0
Cairo_y2020.tif,206,0.7669902912621359,0.33048543689320387,Cairo,1,10207,3902.0
Cairo_y2020.tif,319,0.4608150470219436,0.2380564263322884,Cairo,0,10256,3902.0
Cairo_y2020.tif,274,0.8795620437956204,0.3193795620437956,Cairo,1,10318,3902.0
Cairo_y2020.tif,379,0.45646437994722955,0.19820580474934038,Cairo,1,10344,3902.0
Cairo_y2020.tif,375,0.12,0.14696,Cairo,0,10330,3902.0
Cairo_y2020.tif,151,0.0,0.023311258278145692,Cairo,1,10285,3902.0
Cairo_y2020.tif,172,0.4127906976744186,0.2556976744186047,Cairo,1,10298,3902.0
Cairo_y2020.tif,366,0.0,0.02336065573770492,Cairo,0,10347,3902.0
Cairo_y2020.tif,488,0.19672131147540983,0.18637295081967212,Cairo,0,10354,3902.0
Cairo_y2020.tif,239,0.2510460251046025,0.19679916317991633,Cairo,0,10327,3902.0
Cairo_y2020.tif,182,0.0,0.03876373626373627,Cairo,0,10331,3902.0
Cairo_y2020.tif,216,0.0,0.026620370370370378,Cairo,0,10346,3902.0
Cairo_y2020.tif,619,0.9741518578352181,0.3875686591276252,Cairo,1,10392,3902.0
Cairo_y2020.tif,184,0.0,0.028750000000000005,Cairo,0,10388,3902.0
Cairo_y2020.tif,468,0.5897435897435898,0.29772435897435895,Cairo,1,10417,3902.0
Cairo_y2020.tif,326,0.0,0.08179447852760736,Cairo,0,10394,3902.0
Cairo_y2020.tif,768,0.0,0.02639973958333333,Cairo,0,10464,3902.0
Cairo_y2020.tif,144,0.0,0.10753472222222221,Cairo,0,10452,3902.0
Cairo_y2020.tif,190,0.9947368421052631,0.40410526315789475,Cairo,1,10460,3902.0
Cairo_y2020.tif,416,1.0,0.457391826923077,Cairo,1,10469,3902.0
Cairo_y2020.tif,350,1.0,0.4341714285714285,Cairo,1,10495,3902.0
Cairo_y2020.tif,148,0.527027027027027,0.2652702702702703,Cairo,1,10506,3902.0
Cairo_y2020.tif,176,1.0,0.41525568181818184,Cairo,1,10505,3902.0
Cairo_y2020.tif,268,0.0,0.11410447761194029,Cairo,1,10553,3902.0
Cairo_y2020.tif,514,0.0,0.036215953307393,Cairo,1,10599,3902.0
Cairo_y2020.tif,498,1.0,0.4284839357429719,Cairo,1,10369,3902.0
Cairo_y2020.tif,609,0.8653530377668309,0.3629064039408867,Cairo,1,10423,3902.0
Cairo_y2020.tif,657,0.2267884322678843,0.1391400304414003,Cairo,1,10462,3902.0
Cairo_y2020.tif,320,1.0,0.38759375,Cairo,1,10448,3902.0
Cairo_y2020.tif,808,0.14603960396039603,0.18248143564356434,Cairo,0,10566,3902.0
Cairo_y2020.tif,508,0.9015748031496063,0.33818897637795275,Cairo,1,10482,3902.0
Cairo_y2020.tif,245,0.0,0.07477551020408163,Cairo,1,10527,3902.0
Cairo_y2020.tif,4692,0.1315004262574595,0.1088469735720375,Cairo,1,11003,3902.0
Cairo_y2020.tif,609,0.9064039408866995,0.36770935960591133,Cairo,1,10632,3902.0
Cairo_y2020.tif,431,0.9814385150812065,0.4193735498839907,Cairo,1,10643,3902.0
Cairo_y2020.tif,409,0.9779951100244498,0.3548655256723716,Cairo,1,10399,3902.0
Cairo_y2020.tif,386,0.917098445595855,0.32538860103626943,Cairo,1,10412,3902.0
Cairo_y2020.tif,1924,0.3591476091476091,0.20582380457380456,Cairo,0,10522,3902.0
Cairo_y2020.tif,485,0.020618556701030927,0.05349484536082475,Cairo,0,10435,3902.0
Cairo_y2020.tif,553,0.0018083182640144665,0.07943942133815551,Cairo,0,10468,3902.0
Cairo_y2020.tif,271,0.06642066420664207,0.2011808118081181,Cairo,1,10480,3902.0
Cairo_y2020.tif,191,0.03664921465968586,0.1992670157068063,Cairo,1,10541,3902.0
Cairo_y2020.tif,328,0.01524390243902439,0.14010670731707317,Cairo,1,10593,3902.0
Cairo_y2020.tif,264,1.0,0.3620265151515152,Cairo,1,10760,3902.0
Cairo_y2020.tif,402,1.0,0.38355721393034825,Cairo,1,10814,3902.0
Cairo_y2020.tif,222,1.0,0.37972972972972974,Cairo,1,10550,3902.0
Cairo_y2020.tif,408,1.0,0.45075980392156867,Cairo,1,10552,3902.0
Cairo_y2020.tif,187,1.0,0.438475935828877,Cairo,1,10586,3902.0
Cairo_y2020.tif,493,1.0,0.4517849898580122,Cairo,1,10602,3902.0
Cairo_y2020.tif,580,0.0,0.042499999999999996,Cairo,0,10696,3902.0
Cairo_y2020.tif,877,0.5267958950969214,0.23833523375142532,Cairo,0,10675,3902.0
Cairo_y2020.tif,633,1.0,0.4584281200631912,Cairo,1,10677,3902.0
Cairo_y2020.tif,229,1.0,0.42259825327510914,Cairo,1,10704,3902.0
Cairo_y2020.tif,507,0.09861932938856016,0.106232741617357,Cairo,0,10753,3902.0
Cairo_y2020.tif,383,1.0,0.4520757180156658,Cairo,1,10746,3902.0
Cairo_y2020.tif,1734,0.2537485582468281,0.15715686274509805,Cairo,1,10834,3902.0
Cairo_y2020.tif,2642,0.5514761544284633,0.2048467070401211,Cairo,0,10878,3902.0
Cairo_y2020.tif,493,1.0,0.45195740365111564,Cairo,1,10789,3902.0
Cairo_y2020.tif,273,0.9194139194139194,0.33684981684981685,Cairo,1,10855,3902.0
Cairo_y2020.tif,258,1.0,0.39354651162790694,Cairo,1,10901,3902.0
Cairo_y2020.tif,426,0.43661971830985913,0.2675821596244132,Cairo,1,11017,3902.0
Cairo_y2020.tif,1545,0.1372168284789644,0.1399967637540453,Cairo,0,11171,3902.0
Cairo_y2020.tif,296,0.9358108108108109,0.36628378378378373,Cairo,1,11014,3902.0
Cairo_y2020.tif,253,1.0,0.3844071146245059,Cairo,1,11077,3902.0
Cairo_y2020.tif,204,0.6176470588235294,0.23794117647058827,Cairo,1,11064,3902.0
Cairo_y2020.tif,253,0.0,0.03509881422924901,Cairo,0,10371,3902.0
Cairo_y2020.tif,600,0.0,0.05350833333333334,Cairo,0,10372,3902.0
Cairo_y2020.tif,616,0.0,0.06749188311688312,Cairo,1,10374,3902.0
Cairo_y2020.tif,325,0.0,0.02909230769230769,Cairo,0,10461,3902.0
Cairo_y2020.tif,436,0.0,0.058669724770642195,Cairo,0,10438,3902.0
Cairo_y2020.tif,164,0.0,0.037012195121951225,Cairo,0,10458,3902.0
Cairo_y2020.tif,198,0.0,0.059974747474747465,Cairo,1,10471,3902.0
Cairo_y2020.tif,1204,0.0,0.04275747508305648,Cairo,1,10538,3902.0
Cairo_y2020.tif,393,0.0,0.044389312977099235,Cairo,0,10529,3902.0
Cairo_y2020.tif,263,0.0,0.033840304182509516,Cairo,0,10507,3902.0
Cairo_y2020.tif,211,0.0,0.04383886255924171,Cairo,1,10514,3902.0
Cairo_y2020.tif,410,0.0,0.03153658536585366,Cairo,0,10584,3902.0
Cairo_y2020.tif,223,0.0,0.03692825112107624,Cairo,0,10540,3902.0
Cairo_y2020.tif,569,0.0,0.04627416520210897,Cairo,1,10577,3902.0
Cairo_y2020.tif,274,0.0,0.058923357664233574,Cairo,0,10581,3902.0
Cairo_y2020.tif,142,0.0,0.031725352112676054,Cairo,1,10575,3902.0
Cairo_y2020.tif,257,0.0,0.03850194552529183,Cairo,0,10612,3902.0
Cairo_y2020.tif,344,0.0,0.055508720930232555,Cairo,1,10667,3902.0
Cairo_y2020.tif,352,0.0,0.04102272727272727,Cairo,0,10664,3902.0
Cairo_y2020.tif,333,0.0,0.051906906906906906,Cairo,1,10622,3902.0
Cairo_y2020.tif,759,0.0,0.05103425559947299,Cairo,1,10723,3902.0
Cairo_y2020.tif,182,0.0,0.061785714285714284,Cairo,1,10685,3902.0
Cairo_y2020.tif,408,0.0,0.032095588235294126,Cairo,0,10699,3902.0
Cairo_y2020.tif,431,0.0,0.08738979118329468,Cairo,1,10657,3902.0
Cairo_y2020.tif,466,0.0,0.03879828326180258,Cairo,0,10733,3902.0
Cairo_y2020.tif,170,0.0,0.1905294117647059,Cairo,1,10766,3902.0
Cairo_y2020.tif,135,0.0,0.03651851851851852,Cairo,1,10767,3902.0
Cairo_y2020.tif,407,0.0,0.07810810810810812,Cairo,1,10804,3902.0
Cairo_y2020.tif,527,0.0,0.024478178368121446,Cairo,0,10827,3902.0
Cairo_y2020.tif,481,0.0,0.03583160083160083,Cairo,0,10837,3902.0
Cairo_y2020.tif,369,0.0,0.06252032520325203,Cairo,1,10666,3902.0
Cairo_y2020.tif,353,0.0,0.08386685552407933,Cairo,0,10674,3902.0
Cairo_y2020.tif,960,0.0,0.065671875,Cairo,0,10662,3902.0
Cairo_y2020.tif,333,0.0,0.06423423423423423,Cairo,0,10740,3902.0
Cairo_y2020.tif,486,0.0,0.04748971193415639,Cairo,1,10791,3902.0
Cairo_y2020.tif,231,0.0,0.1542424242424243,Cairo,1,10757,3902.0
Cairo_y2020.tif,587,0.0,0.05408006814310051,Cairo,0,10845,3902.0
Cairo_y2020.tif,360,0.0,0.06180555555555556,Cairo,0,10782,3902.0
Cairo_y2020.tif,211,0.0,0.03805687203791469,Cairo,0,10820,3902.0
Cairo_y2020.tif,302,0.0,0.07675496688741722,Cairo,0,10849,3902.0
Cairo_y2020.tif,363,0.5454545454545454,0.2500826446280992,Cairo,1,10835,3902.0
Cairo_y2020.tif,464,0.0,0.03557112068965518,Cairo,0,10898,3902.0
Cairo_y2020.tif,432,0.0,0.035694444444444445,Cairo,0,10902,3902.0
Cairo_y2020.tif,214,0.102803738317757,0.1585747663551402,Cairo,1,10908,3902.0
Cairo_y2020.tif,369,0.0,0.04749322493224932,Cairo,0,10880,3902.0
Cairo_y2020.tif,382,0.0,0.034057591623036655,Cairo,0,10933,3902.0
Cairo_y2020.tif,205,0.21951219512195122,0.2085121951219512,Cairo,0,10922,3902.0
Cairo_y2020.tif,222,0.0,0.044752252252252246,Cairo,0,10957,3902.0
Cairo_y2020.tif,326,0.0,0.06205521472392637,Cairo,1,10985,3902.0
Cairo_y2020.tif,492,0.0,0.026006097560975605,Cairo,0,11007,3902.0
Cairo_y2020.tif,597,0.12227805695142378,0.18200167504187606,Cairo,1,10882,3902.0
Cairo_y2020.tif,983,0.0,0.09430824008138351,Cairo,0,10938,3902.0
Cairo_y2020.tif,2148,0.023277467411545624,0.09011405959031657,Cairo,0,11045,3902.0
Cairo_y2020.tif,653,0.0,0.050321592649310874,Cairo,0,10918,3902.0
Cairo_y2020.tif,249,0.0,0.1545582329317269,Cairo,0,10941,3902.0
Cairo_y2020.tif,424,0.25707547169811323,0.1957547169811321,Cairo,1,10934,3902.0
Cairo_y2020.tif,1183,0.1301775147928994,0.16040152155536772,Cairo,0,11023,3902.0
Cairo_y2020.tif,377,0.0,0.10269230769230768,Cairo,0,11080,3902.0
Cairo_y2020.tif,863,0.0,0.05245654692931634,Cairo,0,11176,3902.0
Cairo_y2020.tif,258,0.0,0.03025193798449613,Cairo,0,11169,3902.0
Cairo_y2020.tif,352,0.0,0.06363636363636363,Cairo,0,10998,3902.0
Cairo_y2020.tif,423,0.0,0.042919621749408984,Cairo,0,11016,3902.0
Cairo_y2020.tif,298,0.0,0.05130872483221476,Cairo,0,11019,3902.0
Cairo_y2020.tif,394,0.07360406091370558,0.15006345177664973,Cairo,0,11029,3902.0
Cairo_y2020.tif,453,0.03532008830022075,0.14122516556291392,Cairo,1,11070,3902.0
Cairo_y2020.tif,471,0.0,0.03235668789808918,Cairo,0,11078,3902.0
Cairo_y2020.tif,659,0.0,0.06905918057663125,Cairo,0,11112,3902.0
Cairo_y2020.tif,203,0.0,0.13275862068965516,Cairo,1,11081,3902.0
Cairo_y2020.tif,186,0.0,0.130994623655914,Cairo,0,11073,3902.0
Cairo_y2020.tif,127,0.0,0.04555118110236221,Cairo,0,11074,3902.0
Cairo_y2020.tif,162,0.0,0.141820987654321,Cairo,1,11096,3902.0
Cairo_y2020.tif,128,0.0,0.04414062500000001,Cairo,0,11095,3902.0
Cairo_y2020.tif,489,0.0,0.05747443762781187,Cairo,0,11186,3902.0
Cairo_y2020.tif,165,0.0,0.036060606060606064,Cairo,0,11106,3902.0
Cairo_y2020.tif,752,0.0,0.06188164893617021,Cairo,0,11178,3902.0
Cairo_y2020.tif,468,0.0,0.129732905982906,Cairo,0,11180,3902.0
Cairo_y2020.tif,413,0.0,0.06610169491525425,Cairo,0,11225,3902.0
Cairo_y2020.tif,477,0.0,0.09595387840670859,Cairo,0,11234,3902.0
Cairo_y2020.tif,961,0.0,0.06271071800208118,Cairo,0,11287,3902.0
Cairo_y2020.tif,417,0.0,0.06123501199040767,Cairo,1,11318,3902.0
Cairo_y2020.tif,458,0.0,0.1355349344978166,Cairo,0,11125,3902.0
Cairo_y2020.tif,1227,0.0,0.029991850040749793,Cairo,0,11203,3902.0
Cairo_y2020.tif,341,0.0,0.08555718475073314,Cairo,0,11174,3902.0
Cairo_y2020.tif,615,0.0,0.09969918699186993,Cairo,0,11306,3902.0
Cairo_y2020.tif,1209,0.0,0.027183622828784122,Cairo,0,11231,3902.0
Cairo_y2020.tif,300,0.0,0.07226666666666666,Cairo,1,11216,3902.0
Cairo_y2020.tif,331,0.0,0.07037764350453171,Cairo,0,11251,3902.0
Cairo_y2020.tif,606,0.0,0.06101485148514852,Cairo,0,11327,3902.0
Cairo_y2020.tif,419,0.0,0.04657517899761337,Cairo,0,11294,3902.0
Cairo_y2020.tif,432,0.0,0.04657407407407407,Cairo,0,11313,3902.0
Cairo_y2020.tif,338,0.0,0.046153846153846156,Cairo,1,11204,3902.0
Cairo_y2020.tif,170,0.0,0.05064705882352942,Cairo,0,11217,3902.0
Cairo_y2020.tif,334,0.09281437125748503,0.12247005988023953,Cairo,0,11284,3902.0
Cairo_y2020.tif,300,0.03333333333333333,0.11153333333333333,Cairo,0,11269,3902.0
Cairo_y2020.tif,254,0.0,0.12374015748031496,Cairo,1,11298,3902.0
Cairo_y2020.tif,357,0.008403361344537815,0.18908963585434171,Cairo,1,11361,3902.0
Cairo_y2020.tif,541,0.0,0.07155268022181147,Cairo,0,11395,3902.0
Cairo_y2020.tif,454,0.0,0.13714757709251102,Cairo,0,11413,3902.0
Cairo_y2020.tif,643,0.003110419906687403,0.18762830482115087,Cairo,1,11448,3902.0
Cairo_y2020.tif,379,0.0,0.08394459102902374,Cairo,0,11497,3902.0
Cairo_y2020.tif,651,0.8033794162826421,0.30112903225806453,Cairo,1,10432,3902.0
Cairo_y2020.tif,204,1.0,0.3720588235294117,Cairo,1,10443,3902.0
Cairo_y2020.tif,324,1.0,0.34637345679012344,Cairo,1,10492,3902.0
Cairo_y2020.tif,232,1.0,0.34185344827586206,Cairo,1,10501,3902.0
Cairo_y2020.tif,946,0.9281183932346723,0.33876849894291755,Cairo,0,10645,3902.0
Cairo_y2020.tif,616,0.9594155844155844,0.35367694805194805,Cairo,1,10635,3902.0
Cairo_y2020.tif,751,1.0,0.4210719041278296,Cairo,1,10597,3902.0
Cairo_y2020.tif,294,1.0,0.430204081632653,Cairo,1,10640,3902.0
Cairo_y2020.tif,264,1.0,0.3679924242424243,Cairo,1,10690,3902.0
Cairo_y2020.tif,540,0.7722222222222223,0.3033888888888889,Cairo,1,10737,3902.0
Cairo_y2020.tif,673,1.0,0.40765230312035666,Cairo,1,10493,3902.0
Cairo_y2020.tif,457,0.8140043763676149,0.32794310722100656,Cairo,1,10606,3902.0
Cairo_y2020.tif,568,0.9947183098591549,0.3928609154929577,Cairo,1,10568,3902.0
Cairo_y2020.tif,283,1.0,0.36941696113074207,Cairo,1,10619,3902.0
Cairo_y2020.tif,439,1.0,0.3734965831435079,Cairo,1,10624,3902.0
Cairo_y2020.tif,511,0.7475538160469667,0.3084931506849315,Cairo,1,10679,3902.0
Cairo_y2020.tif,334,1.0,0.4005538922155689,Cairo,1,10714,3902.0
Cairo_y2020.tif,859,0.9383003492433062,0.34914435389988363,Cairo,1,10683,3902.0
Cairo_y2020.tif,553,0.9674502712477396,0.34103978300180837,Cairo,1,10701,3902.0
Cairo_y2020.tif,728,1.0,0.4184752747252747,Cairo,1,10738,3902.0
Cairo_y2020.tif,323,1.0,0.32575851393188854,Cairo,1,10578,3902.0
Cairo_y2020.tif,875,0.7737142857142857,0.28122857142857144,Cairo,0,10659,3902.0
Cairo_y2020.tif,365,1.0,0.38089041095890414,Cairo,1,10644,3902.0
Cairo_y2020.tif,356,1.0,0.39477528089887637,Cairo,0,10771,3902.0
Cairo_y2020.tif,849,1.0,0.4233333333333333,Cairo,1,10788,3902.0
Cairo_y2020.tif,206,1.0,0.3768446601941748,Cairo,0,10749,3902.0
Cairo_y2020.tif,195,1.0,0.40641025641025647,Cairo,1,10756,3902.0
Cairo_y2020.tif,400,1.0,0.3772499999999999,Cairo,1,10843,3902.0
Cairo_y2020.tif,331,1.0,0.3761480362537764,Cairo,1,10910,3902.0
Cairo_y2020.tif,333,1.0,0.36711711711711714,Cairo,0,10888,3902.0
Cairo_y2020.tif,391,1.0,0.40598465473145784,Cairo,1,10790,3902.0
Cairo_y2020.tif,372,0.15053763440860216,0.17283602150537636,Cairo,0,10798,3902.0
Cairo_y2020.tif,851,0.0,0.13011750881316098,Cairo,1,10806,3902.0
Cairo_y2020.tif,357,0.0,0.15278711484593838,Cairo,1,10862,3902.0
Cairo_y2020.tif,690,1.0,0.3693260869565217,Cairo,1,10865,3902.0
Cairo_y2020.tif,304,0.7401315789473685,0.2691282894736842,Cairo,1,10914,3902.0
Cairo_y2020.tif,1082,0.0,0.07691312384473198,Cairo,0,10968,3902.0
Cairo_y2020.tif,616,0.0,0.09470779220779221,Cairo,1,10890,3902.0
Cairo_y2020.tif,437,0.7894736842105263,0.2878032036613272,Cairo,1,11008,3902.0
Cairo_y2020.tif,853,0.0,0.07476553341148887,Cairo,1,11013,3902.0
Cairo_y2020.tif,933,0.7759914255091104,0.33414255091103967,Cairo,1,10769,3902.0
Cairo_y2020.tif,348,0.9712643678160919,0.34803160919540227,Cairo,1,10744,3902.0
Cairo_y2020.tif,727,0.6437414030261348,0.27682943603851445,Cairo,0,10840,3902.0
Cairo_y2020.tif,565,0.01415929203539823,0.16228318584070797,Cairo,0,10921,3902.0
Cairo_y2020.tif,982,0.5855397148676171,0.2640071283095723,Cairo,0,10970,3902.0
Cairo_y2020.tif,529,0.003780718336483932,0.1947448015122873,Cairo,1,10917,3902.0
Cairo_y2020.tif,515,0.06019417475728155,0.15400970873786407,Cairo,1,10893,3902.0
Cairo_y2020.tif,249,0.0321285140562249,0.1746586345381526,Cairo,0,11055,3902.0
Cairo_y2020.tif,848,0.7889150943396226,0.27564858490566035,Cairo,0,11052,3902.0
Cairo_y2020.tif,564,0.0,0.14734929078014183,Cairo,0,11099,3902.0
Cairo_y2020.tif,808,1.0,0.4331621287128713,Cairo,1,10833,3902.0
Cairo_y2020.tif,462,1.0,0.4316341991341992,Cairo,1,10816,3902.0
Cairo_y2020.tif,943,0.8207847295864263,0.3252067868504772,Cairo,1,10973,3902.0
Cairo_y2020.tif,574,1.0,0.43252613240418114,Cairo,1,10850,3902.0
Cairo_y2020.tif,378,1.0,0.4317328042328042,Cairo,1,11010,3902.0
Cairo_y2020.tif,201,1.0,0.432139303482587,Cairo,1,10979,3902.0
Cairo_y2020.tif,339,0.4336283185840708,0.23013274336283182,Cairo,0,10983,3902.0
Cairo_y2020.tif,705,0.8907801418439716,0.31766666666666665,Cairo,1,11036,3902.0
Cairo_y2020.tif,331,1.0,0.4201661631419939,Cairo,1,11043,3902.0
Cairo_y2020.tif,377,0.9946949602122016,0.3957294429708223,Cairo,1,11047,3902.0
Cairo_y2020.tif,677,0.2880354505169867,0.2229911373707533,Cairo,1,11075,3902.0
Cairo_y2020.tif,241,1.0,0.42473029045643146,Cairo,1,11057,3902.0
Cairo_y2020.tif,301,1.0,0.3644850498338871,Cairo,1,11122,3902.0
Cairo_y2020.tif,191,1.0,0.37068062827225134,Cairo,1,11097,3902.0
Cairo_y2020.tif,217,1.0,0.40311059907834107,Cairo,1,11133,3902.0
Cairo_y2020.tif,291,0.8797250859106529,0.29259450171821305,Cairo,1,11161,3902.0
Cairo_y2020.tif,295,1.0,0.4016779661016949,Cairo,1,11206,3902.0
Cairo_y2020.tif,251,1.0,0.35647410358565734,Cairo,1,11188,3902.0
Cairo_y2020.tif,647,0.5610510046367851,0.2504559505409583,Cairo,1,11245,3902.0
Cairo_y2020.tif,627,0.9984051036682615,0.36925039872408294,Cairo,1,11192,3902.0
Cairo_y2020.tif,792,0.14393939393939395,0.1521590909090909,Cairo,0,11199,3902.0
Cairo_y2020.tif,211,1.0,0.38504739336492877,Cairo,0,11090,3902.0
Cairo_y2020.tif,233,1.0,0.4336051502145922,Cairo,1,11167,3902.0
Cairo_y2020.tif,348,1.0,0.416566091954023,Cairo,1,11115,3902.0
Cairo_y2020.tif,551,0.06352087114337568,0.1657350272232305,Cairo,1,11218,3902.0
Cairo_y2020.tif,662,0.0891238670694864,0.1569712990936556,Cairo,0,11282,3902.0
Cairo_y2020.tif,1033,0.49177153920619554,0.24033881897386258,Cairo,1,11305,3902.0
Cairo_y2020.tif,399,1.0,0.41274436090225564,Cairo,1,11252,3902.0
Cairo_y2020.tif,263,0.9467680608365019,0.29441064638783265,Cairo,1,11290,3902.0
Cairo_y2020.tif,513,0.6705653021442495,0.278635477582846,Cairo,1,11371,3902.0
Cairo_y2020.tif,447,0.9798657718120806,0.3228299776286353,Cairo,1,11219,3902.0
Cairo_y2020.tif,574,0.926829268292683,0.3107404181184669,Cairo,1,11267,3902.0
Cairo_y2020.tif,279,1.0,0.3644982078853046,Cairo,1,11330,3902.0
Cairo_y2020.tif,218,1.0,0.3903211009174312,Cairo,1,11324,3902.0
Cairo_y2020.tif,1514,0.33091149273447823,0.20373183619550858,Cairo,1,11414,3902.0
Cairo_y2020.tif,186,1.0,0.3972580645161291,Cairo,1,11351,3902.0
Cairo_y2020.tif,1115,0.273542600896861,0.16035874439461884,Cairo,1,11419,3902.0
Cairo_y2020.tif,483,0.9648033126293996,0.3642650103519668,Cairo,1,11426,3902.0
Cairo_y2020.tif,283,0.0,0.1584982332155477,Cairo,1,11463,3902.0
Cairo_y2020.tif,268,0.6791044776119403,0.287294776119403,Cairo,1,11462,3902.0
Cairo_y2020.tif,226,0.9380530973451328,0.3476769911504424,Cairo,0,11393,3902.0
Cairo_y2020.tif,340,0.38823529411764707,0.2586323529411765,Cairo,0,11437,3902.0
Cairo_y2020.tif,1197,0.013366750208855471,0.10869256474519634,Cairo,0,11525,3902.0
Cairo_y2020.tif,243,0.0,0.12882716049382717,Cairo,0,11446,3902.0
Cairo_y2020.tif,301,1.0,0.4312292358803987,Cairo,1,11467,3902.0
Cairo_y2020.tif,172,0.4418604651162791,0.27843023255813953,Cairo,1,11477,3902.0
Cairo_y2020.tif,219,1.0,0.3402283105022831,Cairo,1,11479,3902.0
Cairo_y2020.tif,391,0.6342710997442456,0.2796035805626598,Cairo,1,11496,3902.0
Cairo_y2020.tif,260,0.0,0.11682692307692309,Cairo,0,11504,3902.0
Cairo_y2020.tif,676,0.47041420118343197,0.27006656804733725,Cairo,1,11517,3902.0
Cairo_y2020.tif,138,0.9782608695652174,0.37079710144927536,Cairo,1,10721,3902.0
Cairo_y2020.tif,222,1.0,0.4595945945945947,Cairo,1,10774,3902.0
Cairo_y2020.tif,330,0.0,0.04057575757575758,Cairo,0,10851,3902.0
Cairo_y2020.tif,2570,0.6400778210116731,0.27528988326848247,Cairo,1,10916,3902.0
Cairo_y2020.tif,202,1.0,0.43254950495049505,Cairo,1,10929,3902.0
Cairo_y2020.tif,176,0.0,0.09571022727272727,Cairo,1,10940,3902.0
Cairo_y2020.tif,290,0.15172413793103448,0.17032758620689653,Cairo,0,10964,3902.0
Cairo_y2020.tif,1463,0.7628161312371838,0.3258885850991114,Cairo,0,11037,3902.0
Cairo_y2020.tif,252,1.0,0.4422817460317461,Cairo,1,11024,3902.0
Cairo_y2020.tif,168,0.9404761904761905,0.3055059523809524,Cairo,1,11062,3902.0
Cairo_y2020.tif,334,1.0,0.4157634730538922,Cairo,1,10839,3902.0
Cairo_y2020.tif,1591,0.9962287869264613,0.42589252042740416,Cairo,1,11040,3902.0
Cairo_y2020.tif,299,1.0,0.42961538461538457,Cairo,1,11034,3902.0
Cairo_y2020.tif,229,1.0,0.4474672489082971,Cairo,1,11113,3902.0
Cairo_y2020.tif,702,1.0,0.41379629629629633,Cairo,1,11162,3902.0
Cairo_y2020.tif,386,1.0,0.4395984455958549,Cairo,1,11067,3902.0
Cairo_y2020.tif,393,1.0,0.4508905852417303,Cairo,1,11189,3902.0
Cairo_y2020.tif,427,1.0,0.39923887587822005,Cairo,1,11211,3902.0
Cairo_y2020.tif,346,1.0,0.4382369942196532,Cairo,1,11224,3902.0
Cairo_y2020.tif,400,1.0,0.41075,Cairo,1,11315,3902.0
Cairo_y2020.tif,532,0.0,0.04198308270676693,Cairo,0,11140,3902.0
Cairo_y2020.tif,2600,0.505,0.21957884615384615,Cairo,1,11254,3902.0
Cairo_y2020.tif,284,0.028169014084507043,0.09676056338028168,Cairo,0,11241,3902.0
Cairo_y2020.tif,315,0.6190476190476191,0.2798095238095238,Cairo,1,11227,3902.0
Cairo_y2020.tif,593,1.0,0.43869308600337265,Cairo,1,11321,3902.0
Cairo_y2020.tif,863,0.07068366164542295,0.12451332560834298,Cairo,0,11379,3902.0
Cairo_y2020.tif,375,1.0,0.4387866666666667,Cairo,1,11297,3902.0
Cairo_y2020.tif,419,0.0,0.08014319809069212,Cairo,0,11342,3902.0
Cairo_y2020.tif,326,0.8404907975460123,0.3275460122699387,Cairo,1,11281,3902.0
Cairo_y2020.tif,254,0.011811023622047244,0.1835236220472441,Cairo,1,11376,3902.0
Cairo_y2020.tif,208,1.0,0.3856971153846154,Cairo,1,10976,3902.0
Cairo_y2020.tif,412,1.0,0.36148058252427184,Cairo,0,10953,3902.0
Cairo_y2020.tif,353,1.0,0.40454674220963177,Cairo,1,11103,3902.0
Cairo_y2020.tif,784,0.9834183673469388,0.33806760204081626,Cairo,0,11134,3902.0
Cairo_y2020.tif,263,1.0,0.4249619771863118,Cairo,1,11177,3902.0
Cairo_y2020.tif,237,0.9957805907172996,0.3548945147679325,Cairo,1,11235,3902.0
Cairo_y2020.tif,206,1.0,0.4426456310679612,Cairo,1,11222,3902.0
Cairo_y2020.tif,30597,0.04810929176063013,0.057936235578651504,Cairo,0,12005,3902.0
Cairo_y2020.tif,494,1.0,0.4246153846153846,Cairo,1,11291,3902.0
Cairo_y2020.tif,484,0.9710743801652892,0.3569731404958678,Cairo,1,11360,3902.0
Cairo_y2020.tif,183,0.9781420765027322,0.3491530054644809,Cairo,1,11059,3902.0
Cairo_y2020.tif,192,0.026041666666666668,0.17223958333333333,Cairo,1,11087,3902.0
Cairo_y2020.tif,287,0.9825783972125436,0.3628571428571429,Cairo,1,11066,3902.0
Cairo_y2020.tif,209,0.3349282296650718,0.22913875598086125,Cairo,1,11101,3902.0
Cairo_y2020.tif,262,0.9923664122137404,0.36293893129770993,Cairo,1,11086,3902.0
Cairo_y2020.tif,2266,0.7546337157987644,0.2885194174757282,Cairo,1,11257,3902.0
Cairo_y2020.tif,327,0.7584097859327217,0.3232415902140673,Cairo,1,11138,3902.0
Cairo_y2020.tif,678,1.0,0.4143067846607669,Cairo,1,11283,3902.0
Cairo_y2020.tif,549,0.9326047358834244,0.3409289617486339,Cairo,1,11237,3902.0
Cairo_y2020.tif,5736,0.15777545327754533,0.11743549511854952,Cairo,0,11513,3902.0
Cairo_y2020.tif,414,1.0,0.4410869565217392,Cairo,1,11244,3902.0
Cairo_y2020.tif,231,1.0,0.42471861471861466,Cairo,1,11363,3902.0
Cairo_y2020.tif,197,1.0,0.39972081218274114,Cairo,1,11343,3902.0
Cairo_y2020.tif,540,1.0,0.4084074074074074,Cairo,1,11407,3902.0
Cairo_y2020.tif,364,1.0,0.4108791208791209,Cairo,1,11444,3902.0
Cairo_y2020.tif,340,1.0,0.356264705882353,Cairo,1,11436,3902.0
Cairo_y2020.tif,401,1.0,0.426857855361596,Cairo,1,11459,3902.0
Cairo_y2020.tif,193,1.0,0.41272020725388603,Cairo,1,11461,3902.0
Cairo_y2020.tif,215,1.0,0.4302093023255814,Cairo,1,11486,3902.0
Cairo_y2020.tif,571,0.9912434325744308,0.3411295971978984,Cairo,1,11569,3902.0
Cairo_y2020.tif,305,1.0,0.4009836065573771,Cairo,1,11394,3902.0
Cairo_y2020.tif,408,1.0,0.45460784313725494,Cairo,1,11402,3902.0
Cairo_y2020.tif,291,1.0,0.4457560137457045,Cairo,1,11421,3902.0
Cairo_y2020.tif,161,0.049689440993788817,0.19077639751552794,Cairo,0,11438,3902.0
Cairo_y2020.tif,218,1.0,0.4534633027522936,Cairo,1,11420,3902.0
Cairo_y2020.tif,469,0.6353944562899787,0.269818763326226,Cairo,1,11472,3902.0
Cairo_y2020.tif,258,0.9418604651162791,0.3758139534883721,Cairo,1,11495,3902.0
Cairo_y2020.tif,445,0.9056179775280899,0.3814269662921348,Cairo,1,11456,3902.0
Cairo_y2020.tif,233,0.04721030042918455,0.17944206008583688,Cairo,0,11508,3902.0
Cairo_y2020.tif,725,0.002758620689655172,0.1000344827586207,Cairo,0,11616,3902.0
Cairo_y2020.tif,740,0.7513513513513513,0.2942567567567568,Cairo,1,11434,3902.0
Cairo_y2020.tif,1383,0.07519884309472162,0.08769703543022415,Cairo,0,11606,3902.0
Cairo_y2020.tif,560,0.0625,0.08846428571428572,Cairo,1,11559,3902.0
Cairo_y2020.tif,198,0.0,0.03055555555555555,Cairo,0,11515,3902.0
Cairo_y2020.tif,294,0.2619047619047619,0.18724489795918367,Cairo,0,11544,3902.0
Cairo_y2020.tif,952,0.957983193277311,0.3315598739495798,Cairo,0,11589,3902.0
Cairo_y2020.tif,160,1.0,0.41521875,Cairo,0,11601,3902.0
Cairo_y2020.tif,449,1.0,0.4102895322939866,Cairo,1,11614,3902.0
Cairo_y2020.tif,649,0.18489984591679506,0.1584437596302003,Cairo,0,11690,3902.0
Cairo_y2020.tif,302,1.0,0.421407284768212,Cairo,1,11689,3902.0
Cairo_y2020.tif,221,1.0,0.42040723981900446,Cairo,1,11564,3902.0
Cairo_y2020.tif,610,1.0,0.42144262295081963,Cairo,1,11470,3902.0
Cairo_y2020.tif,272,0.7977941176470589,0.30852941176470583,Cairo,1,11573,3902.0
Cairo_y2020.tif,344,1.0,0.395203488372093,Cairo,1,11584,3902.0
Cairo_y2020.tif,565,1.0,0.3837433628318584,Cairo,1,11553,3902.0
Cairo_y2020.tif,413,1.0,0.3918523002421307,Cairo,0,11657,3902.0
Cairo_y2020.tif,436,1.0,0.3915022935779817,Cairo,1,11620,3902.0
Cairo_y2020.tif,361,1.0,0.3702770083102493,Cairo,1,11688,3902.0
Cairo_y2020.tif,192,1.0,0.4009895833333334,Cairo,0,11673,3902.0
Cairo_y2020.tif,365,0.8082191780821918,0.3198082191780822,Cairo,1,11704,3902.0
Cairo_y2020.tif,219,0.0547945205479452,0.21828767123287673,Cairo,0,11518,3902.0
Cairo_y2020.tif,356,0.5196629213483146,0.24908707865168542,Cairo,0,11552,3902.0
Cairo_y2020.tif,139,0.0,0.12014388489208633,Cairo,1,11535,3902.0
Cairo_y2020.tif,242,0.5702479338842975,0.2365289256198347,Cairo,1,11562,3902.0
Cairo_y2020.tif,214,0.0,0.1210514018691589,Cairo,1,11596,3902.0
Cairo_y2020.tif,190,0.0,0.1414736842105263,Cairo,0,11557,3902.0
Cairo_y2020.tif,252,0.0,0.06404761904761905,Cairo,1,11644,3902.0
Cairo_y2020.tif,246,0.07723577235772358,0.13605691056910568,Cairo,1,11633,3902.0
Cairo_y2020.tif,585,0.7521367521367521,0.2377179487179487,Cairo,0,11641,3902.0
Cairo_y2020.tif,223,0.004484304932735426,0.10006726457399102,Cairo,0,11661,3902.0
Cairo_y2020.tif,1684,0.0,0.02904691211401425,Cairo,0,11435,3902.0
Cairo_y2020.tif,348,0.0,0.05341954022988506,Cairo,0,11308,3902.0
Cairo_y2020.tif,522,0.0,0.027203065134099622,Cairo,0,11336,3902.0
Cairo_y2020.tif,288,0.0,0.05572916666666667,Cairo,1,11411,3902.0
Cairo_y2020.tif,675,0.0,0.042807407407407405,Cairo,0,11453,3902.0
Cairo_y2020.tif,1830,0.0,0.03854371584699454,Cairo,0,11430,3902.0
Cairo_y2020.tif,735,0.0,0.02778231292517007,Cairo,0,11491,3902.0
Cairo_y2020.tif,434,0.0,0.0334447004608295,Cairo,1,11492,3902.0
Cairo_y2020.tif,400,0.0,0.04375,Cairo,0,11505,3902.0
Cairo_y2020.tif,407,0.0,0.055417690417690416,Cairo,0,11531,3902.0
Cairo_y2020.tif,458,0.0,0.07794759825327512,Cairo,0,11404,3902.0
Cairo_y2020.tif,571,0.0,0.050753064798598944,Cairo,0,11429,3902.0
Cairo_y2020.tif,3500,0.444,0.17760428571428571,Cairo,0,11581,3902.0
Cairo_y2020.tif,237,0.0,0.04109704641350212,Cairo,1,11442,3902.0
Cairo_y2020.tif,251,0.0,0.05641434262948207,Cairo,1,11506,3902.0
Cairo_y2020.tif,155,0.0,0.04516129032258064,Cairo,0,11488,3902.0
Cairo_y2020.tif,329,0.0,0.041838905775075985,Cairo,1,11554,3902.0
Cairo_y2020.tif,268,0.0,0.04203358208955224,Cairo,1,11537,3902.0
Cairo_y2020.tif,538,0.0,0.05958178438661711,Cairo,0,11574,3902.0
Cairo_y2020.tif,446,0.006726457399103139,0.08896860986547087,Cairo,0,11625,3902.0
Cairo_y2020.tif,561,0.0,0.14227272727272727,Cairo,0,11514,3902.0
Cairo_y2020.tif,1061,0.2525918944392083,0.16009896324222433,Cairo,0,11571,3902.0
Cairo_y2020.tif,426,0.0,0.0542018779342723,Cairo,0,11599,3902.0
Cairo_y2020.tif,271,0.05904059040590406,0.126309963099631,Cairo,0,11591,3902.0
Cairo_y2020.tif,402,0.0,0.04092039800995025,Cairo,0,11632,3902.0
Cairo_y2020.tif,150,0.0,0.02093333333333333,Cairo,1,11600,3902.0
Cairo_y2020.tif,430,0.0,0.030232558139534894,Cairo,0,11635,3902.0
Cairo_y2020.tif,609,0.0,0.04944170771756978,Cairo,0,11675,3902.0
Cairo_y2020.tif,238,0.0,0.09476890756302521,Cairo,0,11662,3902.0
Cairo_y2020.tif,1046,0.0,0.04404397705544934,Cairo,0,11727,3902.0
Cairo_y2020.tif,495,0.0,0.03266666666666667,Cairo,0,11588,3902.0
Cairo_y2020.tif,1119,0.0,0.07992403932082216,Cairo,1,11628,3902.0
Cairo_y2020.tif,700,0.0,0.07227857142857143,Cairo,0,11566,3902.0
Cairo_y2020.tif,320,0.0,0.03453125,Cairo,0,11630,3902.0
Cairo_y2020.tif,4507,0.00022187708009762592,0.058412469491901486,Cairo,0,12177,3902.0
Cairo_y2020.tif,360,0.0,0.049819444444444444,Cairo,0,11652,3902.0
Cairo_y2020.tif,198,0.0,0.04737373737373737,Cairo,0,11646,3902.0
Cairo_y2020.tif,230,0.0,0.08336956521739129,Cairo,0,11669,3902.0
Cairo_y2020.tif,227,0.0,0.05118942731277534,Cairo,1,11685,3902.0
Cairo_y2020.tif,283,0.0,0.06563604240282685,Cairo,1,11712,3902.0
Cairo_y2020.tif,316,0.870253164556962,0.298623417721519,Cairo,1,11617,3902.0
Cairo_y2020.tif,644,0.13975155279503104,0.15426242236024845,Cairo,0,11651,3902.0
Cairo_y2020.tif,667,1.0,0.3453073463268366,Cairo,0,11698,3902.0
Cairo_y2020.tif,471,0.4543524416135881,0.21053078556263272,Cairo,0,11730,3902.0
Cairo_y2020.tif,335,0.9462686567164179,0.37650746268656715,Cairo,0,11744,3902.0
Cairo_y2020.tif,300,0.9933333333333333,0.35818333333333335,Cairo,1,11725,3902.0
Cairo_y2020.tif,925,0.8972972972972973,0.33528648648648646,Cairo,0,11784,3902.0
Cairo_y2020.tif,157,1.0,0.2774522292993631,Cairo,0,11745,3902.0
Cairo_y2020.tif,583,0.4665523156089194,0.1921869639794168,Cairo,0,11826,3902.0
Cairo_y2020.tif,619,1.0,0.3416962843295638,Cairo,0,11776,3902.0
Cairo_y2020.tif,703,0.0,0.046792318634423895,Cairo,0,11716,3902.0
Cairo_y2020.tif,595,0.0,0.06894117647058823,Cairo,1,11815,3902.0
Cairo_y2020.tif,323,0.0,0.0628482972136223,Cairo,0,11807,3902.0
Cairo_y2020.tif,884,0.0,0.04371040723981901,Cairo,0,11768,3902.0
Cairo_y2020.tif,37175,0.0,0.015734364492266308,Cairo,0,12442,3902.0
Cairo_y2020.tif,353,0.0,0.07781869688385269,Cairo,1,11876,3902.0
Cairo_y2020.tif,323,0.0,0.08122291021671829,Cairo,0,11900,3902.0
Cairo_y2020.tif,454,0.0,0.07123348017621146,Cairo,1,11931,3902.0
Cairo_y2020.tif,629,0.0,0.10684419713831478,Cairo,1,11983,3902.0
Cairo_y2020.tif,2486,0.0,0.034501206757843926,Cairo,0,12160,3902.0
Cairo_y2020.tif,511,1.0,0.44330724070450106,Cairo,1,11769,3902.0
Cairo_y2020.tif,314,1.0,0.3901910828025478,Cairo,1,11825,3902.0
Cairo_y2020.tif,381,1.0,0.44497375328083993,Cairo,1,11852,3902.0
Cairo_y2020.tif,451,0.9866962305986696,0.3124611973392461,Cairo,0,11863,3902.0
Cairo_y2020.tif,454,0.14317180616740088,0.17245594713656393,Cairo,1,11905,3902.0
Cairo_y2020.tif,868,1.0,0.4364688940092166,Cairo,1,11930,3902.0
Cairo_y2020.tif,503,1.0,0.45477137176938376,Cairo,1,11932,3902.0
Cairo_y2020.tif,169,1.0,0.38118343195266263,Cairo,1,11919,3902.0
Cairo_y2020.tif,240,0.03333333333333333,0.15114583333333334,Cairo,1,11935,3902.0
Cairo_y2020.tif,255,1.0,0.4048235294117647,Cairo,1,11947,3902.0
Cairo_y2020.tif,360,0.0,0.08720833333333332,Cairo,0,11680,3902.0
Cairo_y2020.tif,504,0.0,0.03802579365079366,Cairo,0,11741,3902.0
Cairo_y2020.tif,1930,0.0,0.03827720207253887,Cairo,0,11864,3902.0
Cairo_y2020.tif,682,0.0,0.06616568914956011,Cairo,0,11990,3902.0
Cairo_y2020.tif,173,0.0,0.0813583815028902,Cairo,0,11999,3902.0
Cairo_y2020.tif,19908,0.01426562186055857,0.03731741008639743,Cairo,0,12294,3902.0
Cairo_y2020.tif,394,0.1218274111675127,0.12017766497461929,Cairo,1,12098,3902.0
Cairo_y2020.tif,662,0.0,0.047333836858006045,Cairo,1,12127,3902.0
Cairo_y2020.tif,191,0.2094240837696335,0.2170157068062827,Cairo,1,12119,3902.0
Cairo_y2020.tif,232,0.4482758620689655,0.2510775862068966,Cairo,1,12157,3902.0
Cairo_y2020.tif,354,1.0,0.45125706214689265,Cairo,1,11971,3902.0
Cairo_y2020.tif,183,0.0,0.10748633879781422,Cairo,0,11960,3902.0
Cairo_y2020.tif,535,1.0,0.4507943925233645,Cairo,1,11988,3902.0
Cairo_y2020.tif,497,0.9979879275653923,0.4312173038229376,Cairo,1,11991,3902.0
Cairo_y2020.tif,705,0.9304964539007092,0.4083191489361702,Cairo,1,12006,3902.0
Cairo_y2020.tif,170,0.38823529411764707,0.25673529411764706,Cairo,1,12022,3902.0
Cairo_y2020.tif,744,1.0,0.45155241935483875,Cairo,1,12045,3902.0
Cairo_y2020.tif,1131,1.0,0.4562466843501327,Cairo,1,12053,3902.0
Cairo_y2020.tif,502,0.8346613545816733,0.35842629482071714,Cairo,1,12069,3902.0
Cairo_y2020.tif,306,1.0,0.4472222222222223,Cairo,1,12099,3902.0
Cairo_y2020.tif,1027,1.0,0.4537925998052581,Cairo,1,12161,3902.0
Cairo_y2020.tif,188,0.9946808510638298,0.3467021276595744,Cairo,1,12144,3902.0
Cairo_y2020.tif,1239,1.0,0.43478208232445525,Cairo,1,12173,3902.0
Cairo_y2020.tif,218,1.0,0.39603211009174316,Cairo,1,12151,3902.0
Cairo_y2020.tif,335,1.0,0.42795522388059704,Cairo,0,12165,3902.0
Cairo_y2020.tif,464,1.0,0.4561853448275862,Cairo,1,12140,3902.0
Cairo_y2020.tif,799,0.8961201501877347,0.3910262828535669,Cairo,1,12213,3902.0
Cairo_y2020.tif,368,1.0,0.4444836956521739,Cairo,1,12243,3902.0
Cairo_y2020.tif,532,1.0,0.44521616541353387,Cairo,1,12248,3902.0
Cairo_y2020.tif,713,1.0,0.4455399719495091,Cairo,1,12252,3902.0
Cairo_y2020.tif,985,0.41421319796954315,0.179248730964467,Cairo,0,11667,3902.0
Cairo_y2020.tif,220,0.6636363636363637,0.2677045454545454,Cairo,0,11733,3902.0
Cairo_y2020.tif,271,0.5756457564575646,0.2108856088560886,Cairo,0,11728,3902.0
Cairo_y2020.tif,457,0.09190371991247265,0.15240700218818382,Cairo,1,11781,3902.0
Cairo_y2020.tif,714,0.14565826330532214,0.1376470588235294,Cairo,0,11848,3902.0
Cairo_y2020.tif,204,1.0,0.38348039215686275,Cairo,1,11757,3902.0
Cairo_y2020.tif,394,0.37055837563451777,0.20261421319796954,Cairo,0,11819,3902.0
Cairo_y2020.tif,161,1.0,0.39810559006211177,Cairo,1,11821,3902.0
Cairo_y2020.tif,319,1.0,0.4136833855799372,Cairo,1,11786,3902.0
Cairo_y2020.tif,148,0.9662162162162162,0.2909797297297298,Cairo,0,11855,3902.0
Cairo_y2020.tif,441,1.0,0.38658730158730154,Cairo,1,11665,3902.0
Cairo_y2020.tif,204,0.9166666666666666,0.3500490196078431,Cairo,1,11721,3902.0
Cairo_y2020.tif,479,1.0,0.454874739039666,Cairo,1,11682,3902.0
Cairo_y2020.tif,377,0.4960212201591512,0.2485411140583554,Cairo,1,11715,3902.0
Cairo_y2020.tif,386,0.9326424870466321,0.36471502590673566,Cairo,0,11707,3902.0
Cairo_y2020.tif,582,0.0,0.03666666666666667,Cairo,1,11788,3902.0
Cairo_y2020.tif,177,0.14124293785310735,0.2374293785310735,Cairo,1,11795,3902.0
Cairo_y2020.tif,806,1.0,0.44474565756823825,Cairo,1,11793,3902.0
Cairo_y2020.tif,264,0.015151515151515152,0.1781818181818182,Cairo,1,11853,3902.0
Cairo_y2020.tif,478,1.0,0.452489539748954,Cairo,1,11838,3902.0
Cairo_y2020.tif,310,1.0,0.3797258064516129,Cairo,1,11619,3902.0
Cairo_y2020.tif,217,1.0,0.37854838709677424,Cairo,1,11719,3902.0
Cairo_y2020.tif,204,1.0,0.40529411764705886,Cairo,1,11692,3902.0
Cairo_y2020.tif,254,1.0,0.37179133858267716,Cairo,0,11718,3902.0
Cairo_y2020.tif,220,1.0,0.4122954545454546,Cairo,1,11732,3902.0
Cairo_y2020.tif,201,1.0,0.3453233830845771,Cairo,1,11742,3902.0
Cairo_y2020.tif,364,1.0,0.4098489010989011,Cairo,1,11789,3902.0
Cairo_y2020.tif,378,0.7724867724867724,0.31357142857142856,Cairo,1,11750,3902.0
Cairo_y2020.tif,517,0.8994197292069632,0.3282785299806576,Cairo,1,11800,3902.0
Cairo_y2020.tif,303,1.0,0.40620462046204614,Cairo,1,11796,3902.0
Cairo_y2020.tif,336,1.0,0.41184523809523815,Cairo,1,11867,3902.0
Cairo_y2020.tif,236,1.0,0.4222881355932203,Cairo,1,11879,3902.0
Cairo_y2020.tif,281,1.0,0.44295373665480425,Cairo,1,11836,3902.0
Cairo_y2020.tif,158,1.0,0.40702531645569623,Cairo,1,11871,3902.0
Cairo_y2020.tif,254,1.0,0.43834645669291344,Cairo,1,11892,3902.0
Cairo_y2020.tif,237,1.0,0.4363924050632911,Cairo,1,11911,3902.0
Cairo_y2020.tif,416,0.3125,0.17564903846153845,Cairo,0,11917,3902.0
Cairo_y2020.tif,219,1.0,0.43305936073059365,Cairo,1,11950,3902.0
Cairo_y2020.tif,455,1.0,0.44610989010989016,Cairo,1,11964,3902.0
Cairo_y2020.tif,221,1.0,0.4476018099547511,Cairo,1,11957,3902.0
Cairo_y2020.tif,416,0.0673076923076923,0.18429086538461537,Cairo,0,11884,3902.0
Cairo_y2020.tif,763,0.9934469200524246,0.3951310615989515,Cairo,1,11934,3902.0
Cairo_y2020.tif,379,1.0,0.442203166226913,Cairo,1,11890,3902.0
Cairo_y2020.tif,800,0.00125,0.1005875,Cairo,0,11974,3902.0
Cairo_y2020.tif,402,1.0,0.45424129353233833,Cairo,1,11939,3902.0
Cairo_y2020.tif,672,0.050595238095238096,0.17555059523809524,Cairo,1,11955,3902.0
Cairo_y2020.tif,430,1.0,0.45223255813953495,Cairo,1,11967,3902.0
Cairo_y2020.tif,463,0.8142548596112311,0.3388336933045356,Cairo,1,12009,3902.0
Cairo_y2020.tif,323,0.06811145510835913,0.1990402476780186,Cairo,1,12007,3902.0
Cairo_y2020.tif,472,0.06991525423728813,0.16796610169491524,Cairo,1,12008,3902.0
Cairo_y2020.tif,760,0.9092105263157895,0.35364473684210523,Cairo,1,11832,3902.0
Cairo_y2020.tif,347,0.8213256484149856,0.3024063400576369,Cairo,1,11847,3902.0
Cairo_y2020.tif,331,0.7945619335347432,0.2962537764350453,Cairo,1,11869,3902.0
Cairo_y2020.tif,294,0.5204081632653061,0.27789115646258505,Cairo,1,11851,3902.0
Cairo_y2020.tif,376,0.5797872340425532,0.29666223404255315,Cairo,1,11857,3902.0
Cairo_y2020.tif,488,0.8135245901639344,0.2836270491803279,Cairo,0,11978,3902.0
Cairo_y2020.tif,2892,0.4139004149377593,0.20461445366528355,Cairo,0,12067,3902.0
Cairo_y2020.tif,962,0.002079002079002079,0.11171517671517671,Cairo,0,12063,3902.0
Cairo_y2020.tif,255,0.0,0.10094117647058824,Cairo,1,12023,3902.0
Cairo_y2020.tif,183,0.02185792349726776,0.11822404371584698,Cairo,1,12027,3902.0
Cairo_y2020.tif,889,1.0,0.4548200224971879,Cairo,1,11987,3902.0
Cairo_y2020.tif,484,0.8574380165289256,0.3454235537190083,Cairo,0,11979,3902.0
Cairo_y2020.tif,400,1.0,0.4378250000000001,Cairo,1,12017,3902.0
Cairo_y2020.tif,286,1.0,0.4516608391608392,Cairo,1,12012,3902.0
Cairo_y2020.tif,496,1.0,0.447600806451613,Cairo,1,12011,3902.0
Cairo_y2020.tif,355,0.7718309859154929,0.3517887323943662,Cairo,1,12049,3902.0
Cairo_y2020.tif,363,1.0,0.4458539944903582,Cairo,1,12028,3902.0
Cairo_y2020.tif,438,1.0,0.4288470319634703,Cairo,1,12076,3902.0
Cairo_y2020.tif,250,0.984,0.37156,Cairo,1,12084,3902.0
Cairo_y2020.tif,702,1.0,0.44366809116809125,Cairo,1,12101,3902.0
Cairo_y2020.tif,794,1.0,0.45646725440806046,Cairo,1,12030,3902.0
Cairo_y2020.tif,405,1.0,0.4173456790123457,Cairo,1,12046,3902.0
Cairo_y2020.tif,801,0.0012484394506866417,0.1475905118601748,Cairo,0,12104,3902.0
Cairo_y2020.tif,499,0.07214428857715431,0.16495991983967936,Cairo,1,12081,3902.0
Cairo_y2020.tif,643,0.26594090202177295,0.1926127527216174,Cairo,1,12102,3902.0
Cairo_y2020.tif,648,0.9429012345679012,0.3738117283950617,Cairo,1,12134,3902.0
Cairo_y2020.tif,879,1.0,0.4552616609783846,Cairo,1,12146,3902.0
Cairo_y2020.tif,970,0.4577319587628866,0.24721649484536082,Cairo,0,12203,3902.0
Cairo_y2020.tif,868,0.06797235023041474,0.17142281105990786,Cairo,0,12207,3902.0
Cairo_y2020.tif,619,1.0,0.4362520193861066,Cairo,1,12230,3902.0
Cairo_y2020.tif,565,0.1079646017699115,0.17368141592920353,Cairo,1,12037,3902.0
Cairo_y2020.tif,1559,0.2386144964720975,0.16255612572161643,Cairo,0,12113,3902.0
Cairo_y2020.tif,742,0.0026954177897574125,0.09107816711590297,Cairo,0,12096,3902.0
Cairo_y2020.tif,1484,0.24056603773584906,0.12752358490566038,Cairo,0,12125,3902.0
Cairo_y2020.tif,195,0.28205128205128205,0.20774358974358972,Cairo,0,12135,3902.0
Cairo_y2020.tif,170,0.4764705882352941,0.21900000000000003,Cairo,0,12175,3902.0
Cairo_y2020.tif,343,0.597667638483965,0.22631195335276968,Cairo,0,12120,3902.0
Cairo_y2020.tif,200,0.875,0.271025,Cairo,0,12185,3902.0
Cairo_y2020.tif,309,0.6796116504854369,0.21956310679611651,Cairo,0,12179,3902.0
Cairo_y2020.tif,278,0.841726618705036,0.2563129496402878,Cairo,1,12222,3902.0
Cairo_y2020.tif,454,1.0,0.4397246696035242,Cairo,1,12116,3902.0
Cairo_y2020.tif,278,1.0,0.4073561151079137,Cairo,1,12108,3902.0
Cairo_y2020.tif,419,1.0,0.39718377088305495,Cairo,1,12095,3902.0
Cairo_y2020.tif,293,0.8293515358361775,0.35419795221843003,Cairo,1,12149,3902.0
Cairo_y2020.tif,273,1.0,0.43787545787545784,Cairo,1,12131,3902.0
Cairo_y2020.tif,232,1.0,0.4430818965517242,Cairo,1,12152,3902.0
Cairo_y2020.tif,435,0.7701149425287356,0.23308045977011493,Cairo,0,12132,3902.0
Cairo_y2020.tif,263,0.4448669201520912,0.2861977186311787,Cairo,1,12158,3902.0
Cairo_y2020.tif,238,1.0,0.419873949579832,Cairo,1,12166,3902.0
Cairo_y2020.tif,430,0.47674418604651164,0.26788372093023255,Cairo,1,12182,3902.0
Cairo_y2020.tif,427,0.9133489461358314,0.37265807962529274,Cairo,1,11512,3902.0
Cairo_y2020.tif,284,0.38028169014084506,0.2657042253521127,Cairo,1,11499,3902.0
Cairo_y2020.tif,313,0.24920127795527156,0.21458466453674124,Cairo,1,11498,3902.0
Cairo_y2020.tif,590,0.0,0.09832203389830509,Cairo,1,11576,3902.0
Cairo_y2020.tif,544,0.5367647058823529,0.21534926470588237,Cairo,1,11560,3902.0
Cairo_y2020.tif,595,0.0,0.11305042016806723,Cairo,0,11609,3902.0
Cairo_y2020.tif,391,0.02557544757033248,0.13558823529411765,Cairo,1,11612,3902.0
Cairo_y2020.tif,1869,0.8817549491706795,0.37204922418405567,Cairo,1,11705,3902.0
Cairo_y2020.tif,666,0.0,0.07976726726726727,Cairo,0,11696,3902.0
Cairo_y2020.tif,885,0.56045197740113,0.2638248587570622,Cairo,1,11748,3902.0
Cairo_y2020.tif,496,0.9979838709677419,0.3908568548387097,Cairo,1,11401,3902.0
Cairo_y2020.tif,227,1.0,0.4196035242290749,Cairo,1,11753,3902.0
Cairo_y2020.tif,271,1.0,0.38852398523985243,Cairo,1,11859,3902.0
Cairo_y2020.tif,559,0.738819320214669,0.29408765652951696,Cairo,1,11909,3902.0
Cairo_y2020.tif,453,0.0706401766004415,0.19030905077262694,Cairo,0,11989,3902.0
Cairo_y2020.tif,395,0.31645569620253167,0.19073417721518987,Cairo,1,12065,3902.0
Cairo_y2020.tif,268,0.24253731343283583,0.22246268656716414,Cairo,1,12035,3902.0
Cairo_y2020.tif,471,0.21868365180467092,0.1669851380042463,Cairo,1,12072,3902.0
Cairo_y2020.tif,179,0.9608938547486033,0.2951117318435754,Cairo,0,12078,3902.0
Cairo_y2020.tif,284,0.7992957746478874,0.2891725352112676,Cairo,0,12087,3902.0
Cairo_y2020.tif,543,0.1289134438305709,0.1730110497237569,Cairo,0,11615,3902.0
Cairo_y2020.tif,261,0.0,0.0753256704980843,Cairo,1,11622,3902.0
Cairo_y2020.tif,521,0.0,0.1397792706333973,Cairo,1,11629,3902.0
Cairo_y2020.tif,641,0.0093603744149766,0.1165990639625585,Cairo,1,11743,3902.0
Cairo_y2020.tif,287,0.0,0.05672473867595818,Cairo,0,11729,3902.0
Cairo_y2020.tif,142,0.0,0.04598591549295774,Cairo,1,11790,3902.0
Cairo_y2020.tif,878,0.0,0.05166287015945331,Cairo,1,11858,3902.0
Cairo_y2020.tif,584,0.0,0.04749143835616438,Cairo,0,11985,3902.0
Cairo_y2020.tif,265,0.0,0.05256603773584906,Cairo,1,11880,3902.0
Cairo_y2020.tif,569,0.0,0.04565905096660808,Cairo,1,11916,3902.0
Cairo_y2020.tif,714,0.0,0.05327731092436975,Cairo,0,11722,3902.0
Cairo_y2020.tif,334,0.0,0.0779191616766467,Cairo,1,11764,3902.0
Cairo_y2020.tif,1223,0.4472608340147179,0.19999182338511856,Cairo,1,11839,3902.0
Cairo_y2020.tif,990,0.0,0.07211111111111111,Cairo,1,11886,3902.0
Cairo_y2020.tif,361,0.1745152354570637,0.15246537396121884,Cairo,1,11861,3902.0
Cairo_y2020.tif,321,0.0,0.10291277258566978,Cairo,1,11894,3902.0
Cairo_y2020.tif,336,0.05654761904761905,0.13970238095238094,Cairo,1,11902,3902.0
Cairo_y2020.tif,380,0.0,0.05913157894736842,Cairo,1,11904,3902.0
Cairo_y2020.tif,496,0.0,0.07668346774193548,Cairo,1,11938,3902.0
Cairo_y2020.tif,368,0.0,0.037459239130434786,Cairo,1,11952,3902.0
Cairo_y2020.tif,273,0.0,0.04485347985347985,Cairo,1,11908,3902.0
Cairo_y2020.tif,447,0.0,0.029149888143176737,Cairo,1,11937,3902.0
Cairo_y2020.tif,466,0.0,0.04540772532188842,Cairo,1,11936,3902.0
Cairo_y2020.tif,460,0.0,0.06982608695652175,Cairo,1,11951,3902.0
Cairo_y2020.tif,290,0.0,0.028275862068965516,Cairo,0,11986,3902.0
Cairo_y2020.tif,403,0.0,0.05401985111662531,Cairo,0,11970,3902.0
Cairo_y2020.tif,198,0.0,0.02017676767676767,Cairo,0,11996,3902.0
Cairo_y2020.tif,233,0.0,0.0674892703862661,Cairo,1,12020,3902.0
Cairo_y2020.tif,288,0.0,0.038142361111111106,Cairo,0,12040,3902.0
Cairo_y2020.tif,291,0.0,0.02063573883161512,Cairo,1,12033,3902.0
Cairo_y2020.tif,458,0.0,0.051746724890829696,Cairo,1,11956,3902.0
Cairo_y2020.tif,300,0.0,0.05728333333333332,Cairo,1,11953,3902.0
Cairo_y2020.tif,512,0.0,0.040126953125,Cairo,0,12004,3902.0
Cairo_y2020.tif,312,0.0,0.034054487179487176,Cairo,0,12002,3902.0
Cairo_y2020.tif,410,0.0,0.04321951219512195,Cairo,1,12003,3902.0
Cairo_y2020.tif,1357,0.0,0.02880250552689757,Cairo,0,12058,3902.0
Cairo_y2020.tif,397,0.0,0.045025188916876575,Cairo,1,12043,3902.0
Cairo_y2020.tif,333,0.0,0.050885885885885884,Cairo,1,12050,3902.0
Cairo_y2020.tif,359,0.0,0.026685236768802235,Cairo,1,12052,3902.0
Cairo_y2020.tif,317,0.0,0.054305993690851734,Cairo,0,12139,3902.0
Cairo_y2020.tif,867,0.0,0.027629757785467134,Cairo,0,12066,3902.0
Cairo_y2020.tif,382,0.0,0.02840314136125655,Cairo,0,12016,3902.0
Cairo_y2020.tif,197,0.0,0.030761421319796967,Cairo,0,12062,3902.0
Cairo_y2020.tif,399,0.0,0.021365914786967415,Cairo,0,12145,3902.0
Cairo_y2020.tif,472,0.0,0.023877118644067802,Cairo,0,12142,3902.0
Cairo_y2020.tif,234,0.0,0.031452991452991456,Cairo,0,12137,3902.0
Cairo_y2020.tif,449,0.0,0.01612472160356347,Cairo,0,12154,3902.0
Cairo_y2020.tif,324,0.0,0.02067901234567901,Cairo,0,12181,3902.0
Cairo_y2020.tif,172,0.0,0.021017441860465114,Cairo,0,12188,3902.0
Cairo_y2020.tif,898,0.0,0.028841870824053456,Cairo,0,12233,3902.0
Cairo_y2020.tif,184,1.0,0.30282608695652175,Cairo,0,12110,3902.0
Cairo_y2020.tif,269,1.0,0.36615241635687734,Cairo,0,12133,3902.0
Cairo_y2020.tif,402,0.8830845771144279,0.2626990049751244,Cairo,0,12128,3902.0
Cairo_y2020.tif,426,1.0,0.3250352112676057,Cairo,1,12156,3902.0
Cairo_y2020.tif,288,1.0,0.35769097222222224,Cairo,1,12174,3902.0
Cairo_y2020.tif,587,0.919931856899489,0.297649063032368,Cairo,0,12180,3902.0
Cairo_y2020.tif,440,0.8090909090909091,0.23401136363636366,Cairo,0,12216,3902.0
Cairo_y2020.tif,356,0.8820224719101124,0.27747191011235955,Cairo,1,12226,3902.0
Cairo_y2020.tif,480,0.6395833333333333,0.22130208333333332,Cairo,0,12235,3902.0
Cairo_y2020.tif,547,0.21206581352833637,0.1385557586837294,Cairo,0,12281,3902.0
Cairo_y2020.tif,309,0.0,0.01802588996763754,Cairo,0,12036,3902.0
Cairo_y2020.tif,1504,0.009308510638297872,0.06611369680851063,Cairo,0,12186,3902.0
Cairo_y2020.tif,5002,0.011595361855257898,0.0311515393842463,Cairo,0,12288,3902.0
Cairo_y2020.tif,238,0.0,0.10516806722689075,Cairo,0,12192,3902.0
Cairo_y2020.tif,7549,0.043184527752020134,0.053944893363359385,Cairo,0,12561,3902.0
Cairo_y2020.tif,468,0.9807692307692307,0.36617521367521366,Cairo,1,12339,3902.0
Cairo_y2020.tif,196,0.9540816326530612,0.3591071428571429,Cairo,1,12343,3902.0
Cairo_y2020.tif,370,0.15945945945945947,0.11256756756756758,Cairo,0,12372,3902.0
Cairo_y2020.tif,654,0.7324159021406728,0.34300458715596327,Cairo,1,12376,3902.0
Cairo_y2020.tif,159,0.9937106918238994,0.4039308176100628,Cairo,1,12366,3902.0
Cairo_y2020.tif,151,0.2251655629139073,0.24417218543046357,Cairo,1,12249,3902.0
Cairo_y2020.tif,243,0.5967078189300411,0.24553497942386834,Cairo,1,12264,3902.0
Cairo_y2020.tif,621,0.9790660225442834,0.3138888888888889,Cairo,0,12269,3902.0
Cairo_y2020.tif,185,0.34594594594594597,0.2282972972972973,Cairo,0,12266,3902.0
Cairo_y2020.tif,551,0.2323049001814882,0.18361161524500907,Cairo,1,12328,3902.0
Cairo_y2020.tif,212,0.13679245283018868,0.2033018867924528,Cairo,1,12287,3902.0
Cairo_y2020.tif,200,0.125,0.206175,Cairo,1,12317,3902.0
Cairo_y2020.tif,310,0.10967741935483871,0.14733870967741935,Cairo,0,12341,3902.0
Cairo_y2020.tif,193,0.5129533678756477,0.297020725388601,Cairo,1,12338,3902.0
Cairo_y2020.tif,231,0.948051948051948,0.3291341991341991,Cairo,1,12353,3902.0
Cairo_y2020.tif,165,1.0,0.3845454545454546,Cairo,1,9292,3902.0
Cairo_y2020.tif,317,1.0,0.4182807570977918,Cairo,1,9348,3902.0
Cairo_y2020.tif,340,1.0,0.43274999999999997,Cairo,1,9415,3902.0
Cairo_y2020.tif,197,1.0,0.42464467005076145,Cairo,1,9421,3902.0
Cairo_y2020.tif,305,1.0,0.4201967213114754,Cairo,1,9441,3902.0
Cairo_y2020.tif,277,1.0,0.4045487364620939,Cairo,1,9464,3902.0
Cairo_y2020.tif,480,0.9916666666666667,0.38269791666666664,Cairo,1,9474,3902.0
Cairo_y2020.tif,287,0.6202090592334495,0.29606271777003484,Cairo,1,9472,3902.0
Cairo_y2020.tif,607,0.47611202635914335,0.23273476112026362,Cairo,1,9456,3902.0
Cairo_y2020.tif,184,1.0,0.45214673913043485,Cairo,1,9405,3902.0
Cairo_y2020.tif,158,0.0,0.06117088607594936,Cairo,0,9376,3902.0
Cairo_y2020.tif,229,0.0,0.04853711790393014,Cairo,0,9395,3902.0
Cairo_y2020.tif,189,0.164021164021164,0.1912433862433863,Cairo,1,9394,3902.0
Cairo_y2020.tif,213,0.892018779342723,0.3269014084507042,Cairo,1,9398,3902.0
Cairo_y2020.tif,22410,0.14181169120928158,0.11220013386880856,Cairo,0,9879,3902.0
Cairo_y2020.tif,150,1.0,0.4015666666666667,Cairo,1,9408,3902.0
Cairo_y2020.tif,149,1.0,0.4278523489932886,Cairo,0,9422,3902.0
Cairo_y2020.tif,193,0.8082901554404145,0.2728238341968912,Cairo,0,9460,3902.0
Cairo_y2020.tif,213,1.0,0.4479812206572771,Cairo,1,9451,3902.0
Cairo_y2020.tif,186,0.978494623655914,0.3634408602150538,Cairo,1,9489,3902.0
Cairo_y2020.tif,218,0.8944954128440367,0.3393807339449541,Cairo,1,9501,3902.0
Cairo_y2020.tif,499,0.4969939879759519,0.29054108216432867,Cairo,1,9540,3902.0
Cairo_y2020.tif,285,0.6350877192982456,0.30505263157894735,Cairo,1,9529,3902.0
Cairo_y2020.tif,192,0.06770833333333333,0.23161458333333332,Cairo,1,9416,3902.0
Cairo_y2020.tif,431,0.8631090487238979,0.3688515081206497,Cairo,1,9572,3902.0
Cairo_y2020.tif,185,1.0,0.36178378378378373,Cairo,1,9407,3902.0
Cairo_y2020.tif,110,0.7909090909090909,0.3289090909090908,Cairo,0,9449,3902.0
Cairo_y2020.tif,261,0.5632183908045977,0.29724137931034483,Cairo,1,9497,3902.0
Cairo_y2020.tif,107,1.0,0.40766355140186905,Cairo,1,9490,3902.0
Cairo_y2020.tif,448,1.0,0.40987723214285715,Cairo,1,9548,3902.0
Cairo_y2020.tif,94,1.0,0.39329787234042546,Cairo,0,9494,3902.0
Cairo_y2020.tif,125,0.792,0.34255999999999986,Cairo,0,9535,3902.0
Cairo_y2020.tif,256,0.91796875,0.3733984375,Cairo,1,9532,3902.0
Cairo_y2020.tif,539,0.9294990723562152,0.3641465677179963,Cairo,1,9708,3902.0
Cairo_y2020.tif,221,1.0,0.4319004524886878,Cairo,0,9545,3902.0
Cairo_y2020.tif,467,1.0,0.42640256959314776,Cairo,1,9709,3902.0
Cairo_y2020.tif,276,0.9565217391304348,0.41358695652173916,Cairo,1,9703,3902.0
Cairo_y2020.tif,216,1.0,0.439050925925926,Cairo,1,9601,3902.0
Cairo_y2020.tif,345,1.0,0.44911594202898547,Cairo,1,9669,3902.0
Cairo_y2020.tif,405,1.0,0.44948148148148154,Cairo,1,9721,3902.0
Cairo_y2020.tif,243,0.9835390946502057,0.36561728395061727,Cairo,1,9478,3902.0
Cairo_y2020.tif,208,1.0,0.4446634615384616,Cairo,1,9486,3902.0
Cairo_y2020.tif,194,0.845360824742268,0.3385309278350515,Cairo,1,9527,3902.0
Cairo_y2020.tif,264,1.0,0.4022727272727273,Cairo,1,9554,3902.0
Cairo_y2020.tif,210,1.0,0.4168809523809524,Cairo,1,9566,3902.0
Cairo_y2020.tif,400,0.94,0.40227500000000005,Cairo,1,9626,3902.0
Cairo_y2020.tif,280,1.0,0.3925535714285714,Cairo,1,9582,3902.0
Cairo_y2020.tif,233,1.0,0.4287124463519314,Cairo,1,9600,3902.0
Cairo_y2020.tif,138,1.0,0.45615942028985507,Cairo,1,9647,3902.0
Cairo_y2020.tif,258,1.0,0.4418604651162791,Cairo,1,9747,3902.0
Cairo_y2020.tif,197,1.0,0.4389086294416244,Cairo,1,9745,3902.0
Cairo_y2020.tif,222,1.0,0.44051801801801804,Cairo,1,9739,3902.0
Cairo_y2020.tif,303,1.0,0.43884488448844894,Cairo,1,9737,3902.0
Cairo_y2020.tif,384,1.0,0.45510416666666664,Cairo,1,9751,3902.0
Cairo_y2020.tif,218,1.0,0.43522935779816513,Cairo,1,9740,3902.0
Cairo_y2020.tif,204,1.0,0.4381862745098039,Cairo,1,9746,3902.0
Cairo_y2020.tif,398,1.0,0.4503643216080402,Cairo,1,9754,3902.0
Cairo_y2020.tif,141,1.0,0.4353191489361702,Cairo,1,9748,3902.0
Cairo_y2020.tif,153,1.0,0.43029411764705877,Cairo,1,9753,3902.0
Cairo_y2020.tif,113,1.0,0.44938053097345126,Cairo,1,9756,3902.0
Cairo_y2020.tif,1655,0.010876132930513595,0.0617190332326284,Cairo,0,9546,3902.0
Cairo_y2020.tif,347,0.9250720461095101,0.3701873198847262,Cairo,1,9537,3902.0
Cairo_y2020.tif,708,0.11440677966101695,0.13579096045197742,Cairo,0,9617,3902.0
Cairo_y2020.tif,880,0.005681818181818182,0.07706250000000002,Cairo,0,9717,3902.0
Cairo_y2020.tif,175,1.0,0.35760000000000003,Cairo,1,9827,3902.0
Cairo_y2020.tif,120,1.0,0.3680416666666666,Cairo,0,9812,3902.0
Cairo_y2020.tif,329,0.5288753799392097,0.22849544072948333,Cairo,0,9920,3902.0
Cairo_y2020.tif,165,1.0,0.4071515151515152,Cairo,0,9861,3902.0
Cairo_y2020.tif,488,0.9959016393442623,0.3688319672131148,Cairo,1,10035,3902.0
Cairo_y2020.tif,803,0.1320049813200498,0.18686799501867996,Cairo,1,10130,3902.0
Cairo_y2020.tif,165,1.0,0.4203333333333333,Cairo,1,9759,3902.0
Cairo_y2020.tif,177,1.0,0.442090395480226,Cairo,1,9761,3902.0
Cairo_y2020.tif,407,0.85995085995086,0.3552579852579852,Cairo,1,9762,3902.0
Cairo_y2020.tif,255,1.0,0.4276274509803922,Cairo,1,9767,3902.0
Cairo_y2020.tif,166,1.0,0.4442168674698795,Cairo,1,9833,3902.0
Cairo_y2020.tif,116,0.9741379310344828,0.31625000000000003,Cairo,1,9800,3902.0
Cairo_y2020.tif,146,1.0,0.37034246575342467,Cairo,1,9891,3902.0
Cairo_y2020.tif,144,1.0,0.41270833333333334,Cairo,1,9896,3902.0
Cairo_y2020.tif,335,1.0,0.44029850746268656,Cairo,1,9908,3902.0
Cairo_y2020.tif,186,1.0,0.4495161290322581,Cairo,1,9949,3902.0
Cairo_y2020.tif,335,1.0,0.4545373134328359,Cairo,0,9867,3902.0
Cairo_y2020.tif,352,1.0,0.4407244318181819,Cairo,1,9847,3902.0
Cairo_y2020.tif,125,1.0,0.44496000000000013,Cairo,0,9876,3902.0
Cairo_y2020.tif,160,1.0,0.44996875000000003,Cairo,1,9844,3902.0
Cairo_y2020.tif,140,1.0,0.43114285714285716,Cairo,0,9881,3902.0
Cairo_y2020.tif,236,1.0,0.45252118644067807,Cairo,1,9865,3902.0
Cairo_y2020.tif,239,1.0,0.42786610878661085,Cairo,1,9873,3902.0
Cairo_y2020.tif,173,1.0,0.4528901734104048,Cairo,1,9902,3902.0
Cairo_y2020.tif,255,1.0,0.44129411764705884,Cairo,1,9903,3902.0
Cairo_y2020.tif,152,1.0,0.45148026315789475,Cairo,1,9929,3902.0
Cairo_y2020.tif,82,1.0,0.31463414634146336,Cairo,0,9839,3902.0
Cairo_y2020.tif,2148,0.06750465549348231,0.05284450651769087,Cairo,1,9906,3902.0
Cairo_y2020.tif,215,0.9953488372093023,0.320906976744186,Cairo,1,9887,3902.0
Cairo_y2020.tif,160,0.675,0.27315625,Cairo,1,9830,3902.0
Cairo_y2020.tif,167,0.017964071856287425,0.15628742514970062,Cairo,1,9886,3902.0
Cairo_y2020.tif,79,1.0,0.34645569620253164,Cairo,0,9877,3902.0
Cairo_y2020.tif,422,0.02132701421800948,0.11970379146919431,Cairo,1,9962,3902.0
Cairo_y2020.tif,168,0.7857142857142857,0.23943452380952382,Cairo,1,9927,3902.0
Cairo_y2020.tif,272,0.6213235294117647,0.22075367647058824,Cairo,1,9932,3902.0
Cairo_y2020.tif,164,1.0,0.32499999999999996,Cairo,0,9955,3902.0
Cairo_y2020.tif,353,0.9915014164305949,0.4229036827195468,Cairo,1,9436,3902.0
Cairo_y2020.tif,584,0.0,0.031892123287671235,Cairo,0,9410,3902.0
Cairo_y2020.tif,860,0.5651162790697675,0.2164651162790698,Cairo,1,9555,3902.0
Cairo_y2020.tif,188,0.0,0.0226595744680851,Cairo,0,9382,3902.0
Cairo_y2020.tif,5863,0.18369435442606175,0.08765563704588095,Cairo,0,9651,3902.0
Cairo_y2020.tif,691,0.5137481910274964,0.21827785817655573,Cairo,1,9563,3902.0
Cairo_y2020.tif,301,0.11627906976744186,0.21029900332225915,Cairo,1,9571,3902.0
Cairo_y2020.tif,143,0.2097902097902098,0.2515034965034965,Cairo,1,9574,3902.0
Cairo_y2020.tif,3998,0.19709854927463732,0.1432903951975988,Cairo,0,10366,3902.0
Cairo_y2020.tif,243,0.5802469135802469,0.26152263374485596,Cairo,1,9593,3902.0
Cairo_y2020.tif,209,1.0,0.44712918660287077,Cairo,1,9724,3902.0
Cairo_y2020.tif,310,1.0,0.4526935483870968,Cairo,1,9661,3902.0
Cairo_y2020.tif,312,1.0,0.4447275641025642,Cairo,1,9687,3902.0
Cairo_y2020.tif,177,1.0,0.44192090395480227,Cairo,1,9690,3902.0
Cairo_y2020.tif,186,1.0,0.44922043010752694,Cairo,1,9695,3902.0
Cairo_y2020.tif,189,1.0,0.40595238095238106,Cairo,0,9711,3902.0
Cairo_y2020.tif,168,1.0,0.4453869047619048,Cairo,0,9633,3902.0
Cairo_y2020.tif,224,1.0,0.41359375000000004,Cairo,0,9718,3902.0
Cairo_y2020.tif,387,1.0,0.42926356589147285,Cairo,0,9760,3902.0
Cairo_y2020.tif,162,1.0,0.44089506172839504,Cairo,1,9679,3902.0
Cairo_y2020.tif,232,1.0,0.42659482758620687,Cairo,1,9700,3902.0
Cairo_y2020.tif,1078,0.5296846011131725,0.24640538033395176,Cairo,1,9702,3902.0
Cairo_y2020.tif,88,1.0,0.3992613636363637,Cairo,1,9628,3902.0
Cairo_y2020.tif,185,1.0,0.3638108108108108,Cairo,1,9696,3902.0
Cairo_y2020.tif,147,0.9591836734693877,0.3249659863945578,Cairo,1,9680,3902.0
Cairo_y2020.tif,98,1.0,0.3509183673469387,Cairo,1,9757,3902.0
Cairo_y2020.tif,176,0.18181818181818182,0.24133522727272727,Cairo,0,9781,3902.0
Cairo_y2020.tif,147,0.8571428571428571,0.3170068027210884,Cairo,1,9787,3902.0
Cairo_y2020.tif,61,0.2459016393442623,0.2502459016393443,Cairo,0,9786,3902.0
Cairo_y2020.tif,417,0.5731414868105515,0.27305755395683456,Cairo,0,9810,3902.0
Cairo_y2020.tif,2137,0.442676649508657,0.2080673841834347,Cairo,1,9736,3902.0
Cairo_y2020.tif,467,0.9978586723768736,0.37778372591006426,Cairo,0,9743,3902.0
Cairo_y2020.tif,950,0.8789473684210526,0.3318315789473684,Cairo,0,9811,3902.0
Cairo_y2020.tif,1084,0.9003690036900369,0.36421125461254605,Cairo,0,9874,3902.0
Cairo_y2020.tif,533,0.9718574108818011,0.35307692307692307,Cairo,0,9814,3902.0
Cairo_y2020.tif,434,0.7073732718894009,0.23475806451612904,Cairo,1,9904,3902.0
Cairo_y2020.tif,520,0.175,0.10548076923076924,Cairo,0,9931,3902.0
Cairo_y2020.tif,250,0.992,0.33003999999999994,Cairo,0,9856,3902.0
Cairo_y2020.tif,229,1.0,0.38860262008733626,Cairo,0,9868,3902.0
Cairo_y2020.tif,273,0.5787545787545788,0.22935897435897437,Cairo,1,10006,3902.0
Cairo_y2020.tif,101,1.0,0.4551980198019802,Cairo,1,9705,3902.0
Cairo_y2020.tif,187,1.0,0.45665775401069525,Cairo,1,9723,3902.0
Cairo_y2020.tif,262,1.0,0.430706106870229,Cairo,1,9741,3902.0
Cairo_y2020.tif,335,1.0,0.4485373134328358,Cairo,1,9742,3902.0
Cairo_y2020.tif,243,1.0,0.45158436213991776,Cairo,1,9772,3902.0
Cairo_y2020.tif,200,1.0,0.386875,Cairo,1,9792,3902.0
Cairo_y2020.tif,226,1.0,0.4433407079646018,Cairo,1,9774,3902.0
Cairo_y2020.tif,220,1.0,0.4410681818181819,Cairo,1,9796,3902.0
Cairo_y2020.tif,321,1.0,0.4477881619937695,Cairo,1,9821,3902.0
Cairo_y2020.tif,145,1.0,0.45396551724137924,Cairo,1,9863,3902.0
Cairo_y2020.tif,88,1.0,0.33562499999999995,Cairo,1,9803,3902.0
Cairo_y2020.tif,434,0.002304147465437788,0.12154377880184332,Cairo,1,9872,3902.0
Cairo_y2020.tif,78,1.0,0.3146794871794872,Cairo,0,9813,3902.0
Cairo_y2020.tif,135,0.0,0.15488888888888885,Cairo,1,9878,3902.0
Cairo_y2020.tif,78,1.0,0.31589743589743585,Cairo,0,9837,3902.0
Cairo_y2020.tif,112,0.0,0.18075892857142858,Cairo,1,9882,3902.0
Cairo_y2020.tif,124,0.0,0.09048387096774194,Cairo,0,9858,3902.0
Cairo_y2020.tif,119,0.0,0.19399159663865548,Cairo,1,9884,3902.0
Cairo_y2020.tif,109,0.46788990825688076,0.2781651376146789,Cairo,0,9855,3902.0
Cairo_y2020.tif,135,0.0,0.23096296296296295,Cairo,1,9880,3902.0
Cairo_y2020.tif,81,0.14814814814814814,0.26253086419753086,Cairo,1,9859,3902.0
Cairo_y2020.tif,115,1.0,0.3998260869565218,Cairo,0,9888,3902.0
Cairo_y2020.tif,77,0.24675324675324675,0.2596103896103897,Cairo,0,9870,3902.0
Cairo_y2020.tif,311,0.0,0.038536977491961416,Cairo,1,10079,3902.0
Cairo_y2020.tif,119,1.0,0.37680672268907567,Cairo,0,9907,3902.0
Cairo_y2020.tif,143,0.6783216783216783,0.2762237762237762,Cairo,0,9913,3902.0
Cairo_y2020.tif,239,1.0,0.36646443514644356,Cairo,1,9934,3902.0
Cairo_y2020.tif,103,0.6796116504854369,0.2716019417475728,Cairo,1,9944,3902.0
Cairo_y2020.tif,134,0.0,0.14455223880597012,Cairo,1,9987,3902.0
Cairo_y2020.tif,233,0.012875536480686695,0.18216738197424895,Cairo,0,9972,3902.0
Cairo_y2020.tif,542,0.9243542435424354,0.3276660516605166,Cairo,0,9986,3902.0
Cairo_y2020.tif,1622,0.6744759556103576,0.23721639950678175,Cairo,0,10274,3902.0
Cairo_y2020.tif,279,0.8566308243727598,0.27433691756272405,Cairo,0,9942,3902.0
Cairo_y2020.tif,705,0.075177304964539,0.17013475177304963,Cairo,1,9992,3902.0
Cairo_y2020.tif,222,0.9414414414414415,0.36220720720720717,Cairo,0,9952,3902.0
Cairo_y2020.tif,674,0.008902077151335312,0.06689169139465877,Cairo,0,10309,3902.0
Cairo_y2020.tif,326,0.37116564417177916,0.18883435582822086,Cairo,1,10052,3902.0
Cairo_y2020.tif,486,0.8271604938271605,0.29272633744855964,Cairo,0,10092,3902.0
Cairo_y2020.tif,418,0.007177033492822967,0.0865909090909091,Cairo,0,10305,3902.0
Cairo_y2020.tif,682,0.8152492668621701,0.298475073313783,Cairo,0,10119,3902.0
Cairo_y2020.tif,157,1.0,0.4379617834394904,Cairo,1,9905,3902.0
Cairo_y2020.tif,514,1.0,0.4410214007782101,Cairo,1,9958,3902.0
Cairo_y2020.tif,501,1.0,0.45002994011976055,Cairo,1,9956,3902.0
Cairo_y2020.tif,232,1.0,0.4524568965517241,Cairo,1,9994,3902.0
Cairo_y2020.tif,109,1.0,0.4473853211009175,Cairo,1,9978,3902.0
Cairo_y2020.tif,105,1.0,0.4437619047619048,Cairo,1,9989,3902.0
Cairo_y2020.tif,121,1.0,0.44789256198347116,Cairo,1,10022,3902.0
Cairo_y2020.tif,409,1.0,0.45349633251833743,Cairo,1,10023,3902.0
Cairo_y2020.tif,112,1.0,0.40299107142857143,Cairo,1,10027,3902.0
Cairo_y2020.tif,109,1.0,0.43582568807339456,Cairo,1,10050,3902.0
Cairo_y2020.tif,277,0.8411552346570397,0.3066425992779783,Cairo,1,9947,3902.0
Cairo_y2020.tif,154,0.0,0.1736038961038961,Cairo,1,10028,3902.0
Cairo_y2020.tif,172,0.7848837209302325,0.3345639534883721,Cairo,1,10017,3902.0
Cairo_y2020.tif,1140,0.8447368421052631,0.34562280701754383,Cairo,0,10113,3902.0
Cairo_y2020.tif,270,0.5037037037037037,0.2808518518518519,Cairo,0,10055,3902.0
Cairo_y2020.tif,209,0.0,0.19114832535885168,Cairo,0,10097,3902.0
Cairo_y2020.tif,101,0.8217821782178217,0.32965346534653467,Cairo,0,10090,3902.0
Cairo_y2020.tif,124,0.8064516129032258,0.3174596774193547,Cairo,0,10122,3902.0
Cairo_y2020.tif,260,0.27692307692307694,0.21546153846153845,Cairo,0,10152,3902.0
Cairo_y2020.tif,174,1.0,0.4214942528735632,Cairo,1,10147,3902.0
Cairo_y2020.tif,767,0.6297262059973925,0.24649282920469362,Cairo,1,9387,3902.0
Cairo_y2020.tif,327,0.0,0.10308868501529052,Cairo,0,9386,3902.0
Cairo_y2020.tif,277,0.1263537906137184,0.16339350180505413,Cairo,0,9463,3902.0
Cairo_y2020.tif,741,1.0,0.4074831309041836,Cairo,1,9488,3902.0
Cairo_y2020.tif,739,0.0,0.1514614343707713,Cairo,1,9420,3902.0
Cairo_y2020.tif,355,0.9943661971830986,0.3530845070422535,Cairo,1,9481,3902.0
Cairo_y2020.tif,916,1.0,0.4361353711790393,Cairo,1,9482,3902.0
Cairo_y2020.tif,207,1.0,0.4477053140096619,Cairo,1,9514,3902.0
Cairo_y2020.tif,186,0.4838709677419355,0.2482258064516129,Cairo,1,9521,3902.0
Cairo_y2020.tif,610,0.03114754098360656,0.1815655737704918,Cairo,1,9480,3902.0
Cairo_y2020.tif,1205,1.0,0.3792365145228216,Cairo,1,9525,3902.0
Cairo_y2020.tif,464,0.2521551724137931,0.23231681034482757,Cairo,1,9469,3902.0
Cairo_y2020.tif,605,0.9983471074380166,0.3958925619834711,Cairo,1,9515,3902.0
Cairo_y2020.tif,1022,0.09980430528375733,0.11658023483365951,Cairo,0,9585,3902.0
Cairo_y2020.tif,218,1.0,0.41802752293577977,Cairo,1,9547,3902.0
Cairo_y2020.tif,274,0.7956204379562044,0.26135036496350367,Cairo,1,9560,3902.0
Cairo_y2020.tif,119,1.0,0.4414285714285715,Cairo,1,9558,3902.0
Cairo_y2020.tif,283,0.8833922261484098,0.28964664310954064,Cairo,1,9569,3902.0
Cairo_y2020.tif,153,1.0,0.44290849673202615,Cairo,1,9578,3902.0
Cairo_y2020.tif,1280,0.0984375,0.1262421875,Cairo,0,9642,3902.0
Cairo_y2020.tif,419,0.9594272076372315,0.3288663484486874,Cairo,1,9414,3902.0
Cairo_y2020.tif,257,1.0,0.4000194552529183,Cairo,1,9455,3902.0
Cairo_y2020.tif,474,0.8270042194092827,0.3005274261603375,Cairo,1,9524,3902.0
Cairo_y2020.tif,579,0.6528497409326425,0.31259067357512954,Cairo,0,9506,3902.0
Cairo_y2020.tif,315,0.8253968253968254,0.33126984126984127,Cairo,1,9541,3902.0
Cairo_y2020.tif,385,0.8025974025974026,0.3270519480519481,Cairo,1,9553,3902.0
Cairo_y2020.tif,571,0.19089316987740806,0.19927320490367775,Cairo,0,9623,3902.0
Cairo_y2020.tif,541,0.9168207024029574,0.3258964879852126,Cairo,1,9612,3902.0
Cairo_y2020.tif,1044,0.8074712643678161,0.3196695402298851,Cairo,1,9598,3902.0
Cairo_y2020.tif,381,0.994750656167979,0.3590944881889764,Cairo,1,9616,3902.0
Cairo_y2020.tif,185,1.0,0.4542432432432432,Cairo,1,9536,3902.0
Cairo_y2020.tif,532,1.0,0.4450375939849624,Cairo,1,9589,3902.0
Cairo_y2020.tif,207,0.9758454106280193,0.3108695652173913,Cairo,1,9586,3902.0
Cairo_y2020.tif,695,1.0,0.440726618705036,Cairo,1,9639,3902.0
Cairo_y2020.tif,453,1.0,0.42327814569536426,Cairo,1,9627,3902.0
Cairo_y2020.tif,364,0.046703296703296704,0.12936813186813187,Cairo,0,9581,3902.0
Cairo_y2020.tif,525,0.5009523809523809,0.2925619047619047,Cairo,1,9662,3902.0
Cairo_y2020.tif,609,0.8029556650246306,0.343144499178982,Cairo,1,9643,3902.0
Cairo_y2020.tif,345,0.0,0.08063768115942029,Cairo,1,9649,3902.0
Cairo_y2020.tif,776,0.9239690721649485,0.33289948453608253,Cairo,1,9657,3902.0
Cairo_y2020.tif,137,1.0,0.4219343065693431,Cairo,1,9592,3902.0
Cairo_y2020.tif,106,0.8867924528301887,0.29924528301886794,Cairo,1,9613,3902.0
Cairo_y2020.tif,848,0.9363207547169812,0.3327417452830188,Cairo,1,9681,3902.0
Cairo_y2020.tif,282,0.7411347517730497,0.29957446808510635,Cairo,1,9688,3902.0
Cairo_y2020.tif,182,0.8296703296703297,0.31510989010989016,Cairo,1,9684,3902.0
Cairo_y2020.tif,89,0.7078651685393258,0.28707865168539326,Cairo,1,9689,3902.0
Cairo_y2020.tif,105,0.1619047619047619,0.1814761904761905,Cairo,0,9658,3902.0
Cairo_y2020.tif,2466,0.008921330089213302,0.02314476885644769,Cairo,0,9964,3902.0
Cairo_y2020.tif,399,0.12781954887218044,0.11392230576441102,Cairo,1,9852,3902.0
Cairo_y2020.tif,153,0.45751633986928103,0.2262418300653595,Cairo,1,9802,3902.0
Cairo_y2020.tif,413,0.31234866828087166,0.2304721549636804,Cairo,1,9715,3902.0
Cairo_y2020.tif,2038,0.040235525024533855,0.09627821393523062,Cairo,0,9838,3902.0
Cairo_y2020.tif,1068,0.9887640449438202,0.3250983146067415,Cairo,1,9731,3902.0
Cairo_y2020.tif,307,0.0,0.13501628664495116,Cairo,0,9773,3902.0
Cairo_y2020.tif,281,0.3594306049822064,0.17765124555160142,Cairo,0,9769,3902.0
Cairo_y2020.tif,296,1.0,0.380777027027027,Cairo,0,9795,3902.0
Cairo_y2020.tif,293,0.5051194539249146,0.23742320819112628,Cairo,1,9822,3902.0
Cairo_y2020.tif,854,0.9847775175644028,0.3770140515222482,Cairo,1,9889,3902.0
Cairo_y2020.tif,295,1.0,0.45052542372881355,Cairo,1,9892,3902.0
Cairo_y2020.tif,1884,0.004246284501061571,0.08212579617834397,Cairo,0,10106,3902.0
Cairo_y2020.tif,397,0.9848866498740554,0.35833753148614605,Cairo,1,9710,3902.0
Cairo_y2020.tif,499,0.21042084168336672,0.23282565130260519,Cairo,1,9725,3902.0
Cairo_y2020.tif,842,0.07838479809976247,0.1996793349168646,Cairo,1,9780,3902.0
Cairo_y2020.tif,633,0.0679304897314376,0.18535545023696684,Cairo,0,9793,3902.0
Cairo_y2020.tif,2327,0.3115599484314568,0.19797163730124626,Cairo,0,9883,3902.0
Cairo_y2020.tif,555,0.025225225225225224,0.21963963963963964,Cairo,1,9914,3902.0
Cairo_y2020.tif,339,1.0,0.4051917404129793,Cairo,1,9916,3902.0
Cairo_y2020.tif,548,0.09124087591240876,0.15753649635036499,Cairo,0,9925,3902.0
Cairo_y2020.tif,736,0.1480978260869565,0.20915760869565217,Cairo,1,9938,3902.0
Cairo_y2020.tif,680,0.0,0.09608823529411765,Cairo,1,9969,3902.0
Cairo_y2020.tif,560,0.007142857142857143,0.18750892857142856,Cairo,1,9764,3902.0
Cairo_y2020.tif,160,0.0,0.16846875,Cairo,0,9784,3902.0
Cairo_y2020.tif,309,0.0,0.1505177993527508,Cairo,0,9809,3902.0
Cairo_y2020.tif,273,0.02564102564102564,0.19804029304029305,Cairo,1,9853,3902.0
Cairo_y2020.tif,380,0.3236842105263158,0.21642105263157893,Cairo,1,9911,3902.0
Cairo_y2020.tif,269,0.0,0.08789962825278812,Cairo,0,9910,3902.0
Cairo_y2020.tif,526,0.0,0.06586501901140684,Cairo,1,9918,3902.0
Cairo_y2020.tif,263,0.0,0.06096958174904944,Cairo,1,9922,3902.0
Cairo_y2020.tif,370,0.0,0.058499999999999996,Cairo,0,10031,3902.0
Cairo_y2020.tif,215,0.0,0.11358139534883721,Cairo,1,10009,3902.0
Cairo_y2020.tif,156,0.0,0.12092948717948716,Cairo,1,9959,3902.0
Cairo_y2020.tif,176,0.8806818181818182,0.3024431818181818,Cairo,1,9974,3902.0
Cairo_y2020.tif,158,0.25316455696202533,0.1871835443037975,Cairo,1,9970,3902.0
Cairo_y2020.tif,325,1.0,0.3265230769230769,Cairo,1,9971,3902.0
Cairo_y2020.tif,272,0.7279411764705882,0.27560661764705885,Cairo,0,10001,3902.0
Cairo_y2020.tif,148,0.0,0.1306418918918919,Cairo,1,10000,3902.0
Cairo_y2020.tif,147,0.16326530612244897,0.16513605442176874,Cairo,1,10008,3902.0
Cairo_y2020.tif,158,0.8987341772151899,0.3065506329113924,Cairo,1,10012,3902.0
Cairo_y2020.tif,152,0.2894736842105263,0.17453947368421052,Cairo,0,10021,3902.0
Cairo_y2020.tif,189,0.4444444444444444,0.2317989417989418,Cairo,0,10043,3902.0
Cairo_y2020.tif,423,0.0,0.12998817966903073,Cairo,0,9954,3902.0
Cairo_y2020.tif,394,0.015228426395939087,0.11483502538071065,Cairo,1,10042,3902.0
Cairo_y2020.tif,325,0.0,0.10432307692307692,Cairo,1,9980,3902.0
Cairo_y2020.tif,555,1.0,0.4216396396396397,Cairo,1,10047,3902.0
Cairo_y2020.tif,279,0.0,0.08913978494623655,Cairo,0,10030,3902.0
Cairo_y2020.tif,300,0.0,0.1226,Cairo,0,10068,3902.0
Cairo_y2020.tif,308,0.0,0.13625,Cairo,1,10056,3902.0
Cairo_y2020.tif,394,0.0,0.05921319796954314,Cairo,0,10148,3902.0
Cairo_y2020.tif,542,0.0,0.04428044280442804,Cairo,1,10179,3902.0
Cairo_y2020.tif,459,0.934640522875817,0.37883442265795203,Cairo,1,10162,3902.0
Cairo_y2020.tif,397,1.0,0.4547984886649874,Cairo,1,9963,3902.0
Cairo_y2020.tif,409,1.0,0.43822738386308074,Cairo,1,9960,3902.0
Cairo_y2020.tif,356,1.0,0.45912921348314606,Cairo,1,9991,3902.0
Cairo_y2020.tif,506,0.5573122529644269,0.2598715415019762,Cairo,1,10138,3902.0
Cairo_y2020.tif,206,1.0,0.4569417475728156,Cairo,1,9996,3902.0
Cairo_y2020.tif,264,1.0,0.4532386363636364,Cairo,1,10011,3902.0
Cairo_y2020.tif,263,1.0,0.45471482889733844,Cairo,1,10029,3902.0
Cairo_y2020.tif,254,1.0,0.4543110236220473,Cairo,1,10045,3902.0
Cairo_y2020.tif,228,1.0,0.45160087719298253,Cairo,1,10060,3902.0
Cairo_y2020.tif,263,1.0,0.45292775665399243,Cairo,1,9957,3902.0
Cairo_y2020.tif,244,1.0,0.4447540983606558,Cairo,1,9937,3902.0
Cairo_y2020.tif,234,1.0,0.42694444444444446,Cairo,1,9983,3902.0
Cairo_y2020.tif,362,0.5386740331491713,0.24335635359116023,Cairo,1,10091,3902.0
Cairo_y2020.tif,620,1.0,0.4265,Cairo,1,10049,3902.0
Cairo_y2020.tif,497,1.0,0.3697686116700201,Cairo,1,10018,3902.0
Cairo_y2020.tif,243,0.8518518518518519,0.3138271604938272,Cairo,1,9924,3902.0
Cairo_y2020.tif,365,1.0,0.4271506849315068,Cairo,1,9975,3902.0
Cairo_y2020.tif,145,1.0,0.45020689655172413,Cairo,1,10058,3902.0
Cairo_y2020.tif,149,1.0,0.44802013422818787,Cairo,1,10082,3902.0
Cairo_y2020.tif,276,1.0,0.44489130434782603,Cairo,1,10093,3902.0
Cairo_y2020.tif,260,1.0,0.44971153846153855,Cairo,1,10076,3902.0
Cairo_y2020.tif,241,1.0,0.42010373443983406,Cairo,1,10034,3902.0
Cairo_y2020.tif,331,1.0,0.44805135951661634,Cairo,1,10048,3902.0
Cairo_y2020.tif,178,1.0,0.4487359550561798,Cairo,1,10100,3902.0
Cairo_y2020.tif,175,1.0,0.42960000000000004,Cairo,1,10116,3902.0
Cairo_y2020.tif,366,1.0,0.3799043715846995,Cairo,1,10201,3902.0
Cairo_y2020.tif,750,1.0,0.44972666666666666,Cairo,1,10289,3902.0
Cairo_y2020.tif,156,1.0,0.43016025641025635,Cairo,1,10223,3902.0
Cairo_y2020.tif,231,1.0,0.44153679653679656,Cairo,1,10183,3902.0
Cairo_y2020.tif,251,1.0,0.44778884462151397,Cairo,1,10302,3902.0
Cairo_y2020.tif,153,0.006535947712418301,0.16437908496732026,Cairo,1,10053,3902.0
Cairo_y2020.tif,213,0.9906103286384976,0.2756338028169014,Cairo,1,10077,3902.0
Cairo_y2020.tif,726,0.8760330578512396,0.25245179063360884,Cairo,1,10134,3902.0
Cairo_y2020.tif,276,0.48188405797101447,0.2014130434782609,Cairo,0,10069,3902.0
Cairo_y2020.tif,164,0.9817073170731707,0.31493902439024396,Cairo,0,10087,3902.0
Cairo_y2020.tif,156,0.0641025641025641,0.2192628205128205,Cairo,0,10103,3902.0
Cairo_y2020.tif,514,0.054474708171206226,0.1722568093385214,Cairo,0,10142,3902.0
Cairo_y2020.tif,164,0.9939024390243902,0.30624999999999997,Cairo,1,10125,3902.0
Cairo_y2020.tif,294,0.22448979591836735,0.23846938775510204,Cairo,0,10181,3902.0
Cairo_y2020.tif,150,0.08,0.2324666666666667,Cairo,0,10136,3902.0
Cairo_y2020.tif,162,1.0,0.41567901234567906,Cairo,1,10098,3902.0
Cairo_y2020.tif,508,1.0,0.4594586614173228,Cairo,1,10067,3902.0
Cairo_y2020.tif,467,1.0,0.44000000000000006,Cairo,1,10110,3902.0
Cairo_y2020.tif,220,1.0,0.4185454545454546,Cairo,1,10127,3902.0
Cairo_y2020.tif,230,1.0,0.45041304347826094,Cairo,1,10137,3902.0
Cairo_y2020.tif,265,1.0,0.46011320754716983,Cairo,1,10111,3902.0
Cairo_y2020.tif,210,1.0,0.4038809523809524,Cairo,0,10165,3902.0
Cairo_y2020.tif,195,1.0,0.3774358974358974,Cairo,1,10192,3902.0
Cairo_y2020.tif,451,1.0,0.4589578713968958,Cairo,1,10232,3902.0
Cairo_y2020.tif,365,1.0,0.457931506849315,Cairo,1,10231,3902.0
Cairo_y2020.tif,165,1.0,0.34006060606060606,Cairo,1,10038,3902.0
Cairo_y2020.tif,262,1.0,0.43280534351145045,Cairo,0,10121,3902.0
Cairo_y2020.tif,525,0.9980952380952381,0.3658476190476191,Cairo,1,10204,3902.0
Cairo_y2020.tif,158,0.15822784810126583,0.23965189873417722,Cairo,0,10174,3902.0
Cairo_y2020.tif,316,1.0,0.37759493670886074,Cairo,1,10164,3902.0
Cairo_y2020.tif,155,0.7548387096774194,0.3191612903225806,Cairo,1,10216,3902.0
Cairo_y2020.tif,403,1.0,0.4546153846153847,Cairo,1,10168,3902.0
Cairo_y2020.tif,224,1.0,0.4435044642857143,Cairo,1,10217,3902.0
Cairo_y2020.tif,245,0.1836734693877551,0.25340816326530613,Cairo,1,10283,3902.0
Cairo_y2020.tif,370,1.0,0.44105405405405407,Cairo,1,10300,3902.0
Cairo_y2020.tif,499,0.5671342685370742,0.22331663326653306,Cairo,0,10172,3902.0
Cairo_y2020.tif,158,0.7721518987341772,0.2656329113924051,Cairo,0,10160,3902.0
Cairo_y2020.tif,218,0.16055045871559634,0.21107798165137615,Cairo,1,10146,3902.0
Cairo_y2020.tif,171,0.3216374269005848,0.2372222222222222,Cairo,0,10194,3902.0
Cairo_y2020.tif,600,0.685,0.26837500000000003,Cairo,1,10353,3902.0
Cairo_y2020.tif,481,0.079002079002079,0.16530145530145532,Cairo,0,10249,3902.0
Cairo_y2020.tif,409,0.2860635696821516,0.21526894865525673,Cairo,1,10252,3902.0
Cairo_y2020.tif,189,0.005291005291005291,0.14587301587301588,Cairo,0,10228,3902.0
Cairo_y2020.tif,155,0.32903225806451614,0.2306451612903226,Cairo,1,10233,3902.0
Cairo_y2020.tif,190,0.0,0.10176315789473683,Cairo,1,10273,3902.0
Cairo_y2020.tif,403,1.0,0.44436724565756835,Cairo,1,10253,3902.0
Cairo_y2020.tif,584,1.0,0.4382791095890411,Cairo,1,10411,3902.0
Cairo_y2020.tif,372,1.0,0.4446908602150538,Cairo,1,10428,3902.0
Cairo_y2020.tif,351,1.0,0.42786324786324786,Cairo,1,10236,3902.0
Cairo_y2020.tif,479,1.0,0.445553235908142,Cairo,1,10454,3902.0
Cairo_y2020.tif,205,1.0,0.4343414634146341,Cairo,1,10295,3902.0
Cairo_y2020.tif,358,1.0,0.447709497206704,Cairo,1,10453,3902.0
Cairo_y2020.tif,354,1.0,0.4425564971751413,Cairo,1,10450,3902.0
Cairo_y2020.tif,393,1.0,0.43930025445292625,Cairo,1,10296,3902.0
Cairo_y2020.tif,323,1.0,0.43849845201238385,Cairo,1,10444,3902.0
Cairo_y2020.tif,290,1.0,0.44494827586206903,Cairo,1,10268,3902.0
Cairo_y2020.tif,531,1.0,0.3982674199623352,Cairo,1,10244,3902.0
Cairo_y2020.tif,208,1.0,0.4543990384615385,Cairo,1,10266,3902.0
Cairo_y2020.tif,149,1.0,0.3726174496644295,Cairo,1,10320,3902.0
Cairo_y2020.tif,688,1.0,0.4338081395348837,Cairo,1,10322,3902.0
Cairo_y2020.tif,190,1.0,0.3987894736842106,Cairo,0,10352,3902.0
Cairo_y2020.tif,207,1.0,0.426231884057971,Cairo,1,10324,3902.0
Cairo_y2020.tif,373,1.0,0.4067560321715818,Cairo,1,10397,3902.0
Cairo_y2020.tif,371,1.0,0.42018867924528297,Cairo,1,10378,3902.0
Cairo_y2020.tif,415,1.0,0.4134939759036144,Cairo,0,10422,3902.0
Cairo_y2020.tif,302,1.0,0.43557947019867554,Cairo,1,10436,3902.0
Cairo_y2020.tif,688,1.0,0.4206031976744186,Cairo,1,10431,3902.0
Cairo_y2020.tif,187,1.0,0.4309358288770054,Cairo,1,10400,3902.0
Cairo_y2020.tif,209,1.0,0.3931100478468899,Cairo,1,10414,3902.0
Cairo_y2020.tif,238,1.0,0.4045798319327731,Cairo,0,10509,3902.0
Cairo_y2020.tif,209,1.0,0.3949043062200957,Cairo,0,10503,3902.0
Cairo_y2020.tif,175,1.0,0.37965714285714286,Cairo,1,10496,3902.0
Cairo_y2020.tif,251,1.0,0.38645418326693226,Cairo,0,10489,3902.0
Cairo_y2020.tif,434,1.0,0.4242626728110599,Cairo,1,10473,3902.0
Cairo_y2020.tif,183,1.0,0.43054644808743164,Cairo,1,10526,3902.0
Cairo_y2020.tif,245,1.0,0.4529387755102042,Cairo,1,9998,3902.0
Cairo_y2020.tif,688,1.0,0.4044694767441861,Cairo,1,10096,3902.0
Cairo_y2020.tif,14813,0.0,0.005150205900222777,Cairo,0,10743,3902.0
Cairo_y2020.tif,611,1.0,0.44820785597381346,Cairo,1,10173,3902.0
Cairo_y2020.tif,12409,0.0,0.007785075348537351,Cairo,0,10745,3902.0
Cairo_y2020.tif,3101,0.08448887455659465,0.10019993550467592,Cairo,0,10408,3902.0
Cairo_y2020.tif,461,1.0,0.4396854663774404,Cairo,1,10271,3902.0
Cairo_y2020.tif,538,0.8159851301115242,0.3202695167286245,Cairo,1,10306,3902.0
Cairo_y2020.tif,488,0.6762295081967213,0.2752561475409836,Cairo,1,10424,3902.0
Cairo_y2020.tif,5080,0.1031496062992126,0.09023228346456692,Cairo,0,10709,3902.0
Cairo_y2020.tif,519,0.0,0.049518304431599235,Cairo,0,10072,3902.0
Cairo_y2020.tif,389,0.0,0.15790488431876606,Cairo,1,10065,3902.0
Cairo_y2020.tif,289,0.0,0.12292387543252595,Cairo,1,10051,3902.0
Cairo_y2020.tif,402,0.0,0.07026119402985075,Cairo,0,10114,3902.0
Cairo_y2020.tif,234,0.0,0.033418803418803426,Cairo,1,10126,3902.0
Cairo_y2020.tif,205,0.8926829268292683,0.27926829268292686,Cairo,1,10144,3902.0
Cairo_y2020.tif,1326,0.1493212669683258,0.14646681749622928,Cairo,0,10197,3902.0
Cairo_y2020.tif,738,0.0,0.06628048780487805,Cairo,0,10185,3902.0
Cairo_y2020.tif,232,0.0,0.04842672413793104,Cairo,0,10205,3902.0
Cairo_y2020.tif,208,0.0,0.058581730769230775,Cairo,1,10229,3902.0
Cairo_y2020.tif,373,0.38605898123324395,0.22049597855227884,Cairo,1,10275,3902.0
Cairo_y2020.tif,305,0.07213114754098361,0.10762295081967214,Cairo,0,10291,3902.0
Cairo_y2020.tif,239,0.2175732217573222,0.21514644351464435,Cairo,1,10297,3902.0
Cairo_y2020.tif,211,0.5071090047393365,0.2449526066350711,Cairo,1,10304,3902.0
Cairo_y2020.tif,197,0.18274111675126903,0.2000507614213198,Cairo,1,10312,3902.0
Cairo_y2020.tif,258,0.003875968992248062,0.157984496124031,Cairo,1,10364,3902.0
Cairo_y2020.tif,229,0.0,0.20334061135371184,Cairo,1,10342,3902.0
Cairo_y2020.tif,124,0.0,0.09693548387096775,Cairo,0,10333,3902.0
Cairo_y2020.tif,234,0.3418803418803419,0.2122008547008547,Cairo,1,10370,3902.0
Cairo_y2020.tif,201,0.7014925373134329,0.2626616915422886,Cairo,1,10345,3902.0
Cairo_y2020.tif,533,0.0,0.06547842401500939,Cairo,0,10145,3902.0
Cairo_y2020.tif,307,0.0,0.09744299674267101,Cairo,1,10141,3902.0
Cairo_y2020.tif,444,0.024774774774774775,0.1670720720720721,Cairo,0,10265,3902.0
Cairo_y2020.tif,297,0.0,0.046279461279461274,Cairo,1,10227,3902.0
Cairo_y2020.tif,242,0.0,0.07214876033057852,Cairo,0,10246,3902.0
Cairo_y2020.tif,361,0.850415512465374,0.3367313019390582,Cairo,1,10299,3902.0
Cairo_y2020.tif,321,0.0,0.04895638629283489,Cairo,0,10308,3902.0
Cairo_y2020.tif,437,0.0,0.1411212814645309,Cairo,0,10307,3902.0
Cairo_y2020.tif,935,0.34010695187165774,0.17035828877005346,Cairo,0,10475,3902.0
Cairo_y2020.tif,503,0.033797216699801194,0.07885685884691848,Cairo,0,10515,3902.0
Cairo_y2020.tif,216,0.0,0.07733796296296296,Cairo,1,10396,3902.0
Cairo_y2020.tif,1528,0.4548429319371728,0.15916230366492146,Cairo,0,10456,3902.0
Cairo_y2020.tif,228,0.32456140350877194,0.22732456140350876,Cairo,1,10433,3902.0
Cairo_y2020.tif,373,0.005361930294906166,0.10105898123324397,Cairo,1,10440,3902.0
Cairo_y2020.tif,413,0.0,0.1021549636803874,Cairo,1,10455,3902.0
Cairo_y2020.tif,193,0.03626943005181347,0.15126943005181348,Cairo,1,10427,3902.0
Cairo_y2020.tif,677,0.5258493353028065,0.19788035450516991,Cairo,0,10491,3902.0
Cairo_y2020.tif,446,0.0,0.09373318385650226,Cairo,0,10512,3902.0
Cairo_y2020.tif,194,0.25257731958762886,0.17940721649484537,Cairo,0,10478,3902.0
Cairo_y2020.tif,188,0.0,0.13606382978723405,Cairo,1,10497,3902.0
Cairo_y2020.tif,423,0.0,0.09652482269503546,Cairo,1,10542,3902.0
Cairo_y2020.tif,799,0.18773466833541927,0.1582540675844806,Cairo,1,10544,3902.0
Cairo_y2020.tif,264,0.23106060606060605,0.17727272727272725,Cairo,1,10523,3902.0
Cairo_y2020.tif,184,0.0,0.10491847826086956,Cairo,1,10532,3902.0
Cairo_y2020.tif,366,0.8907103825136612,0.2544262295081967,Cairo,0,10570,3902.0
Cairo_y2020.tif,417,0.0,0.09414868105515589,Cairo,0,10571,3902.0
Cairo_y2020.tif,149,0.18120805369127516,0.20161073825503356,Cairo,1,10576,3902.0
Cairo_y2020.tif,204,0.0,0.09169117647058822,Cairo,1,10573,3902.0
Cairo_y2020.tif,263,0.026615969581749048,0.1317300380228137,Cairo,1,10582,3902.0
Cairo_y2020.tif,139,0.3669064748201439,0.23057553956834537,Cairo,0,10592,3902.0
Cairo_y2020.tif,7052,0.054878048780487805,0.08771483267158253,Cairo,0,10776,3902.0
Cairo_y2020.tif,347,0.0,0.09556195965417869,Cairo,1,10561,3902.0
Cairo_y2020.tif,830,0.0,0.06980120481927711,Cairo,1,10618,3902.0
Cairo_y2020.tif,216,0.0,0.09914351851851853,Cairo,0,10607,3902.0
Cairo_y2020.tif,743,0.37012113055181695,0.16697173620457603,Cairo,0,10695,3902.0
Cairo_y2020.tif,304,0.0,0.03917763157894737,Cairo,0,10660,3902.0
Cairo_y2020.tif,269,0.0,0.09035315985130112,Cairo,0,10710,3902.0
Cairo_y2020.tif,664,0.7228915662650602,0.2591792168674699,Cairo,1,10706,3902.0
Cairo_y2020.tif,860,0.16744186046511628,0.1307441860465116,Cairo,0,10803,3902.0
Cairo_y2020.tif,656,0.23170731707317074,0.19737804878048784,Cairo,1,10735,3902.0
Cairo_y2020.tif,409,0.0,0.08555012224938875,Cairo,0,10551,3902.0
Cairo_y2020.tif,470,0.0,0.12404255319148935,Cairo,1,10608,3902.0
Cairo_y2020.tif,220,0.7136363636363636,0.2818181818181818,Cairo,1,10596,3902.0
Cairo_y2020.tif,599,0.2587646076794658,0.17266277128547577,Cairo,1,10585,3902.0
Cairo_y2020.tif,545,0.0,0.1086697247706422,Cairo,0,10654,3902.0
Cairo_y2020.tif,255,0.9568627450980393,0.3435882352941177,Cairo,1,10653,3902.0
Cairo_y2020.tif,558,0.0,0.10615591397849462,Cairo,0,10715,3902.0
Cairo_y2020.tif,514,0.1303501945525292,0.17139105058365758,Cairo,1,10732,3902.0
Cairo_y2020.tif,209,0.0,0.14605263157894738,Cairo,1,10719,3902.0
Cairo_y2020.tif,241,0.9377593360995851,0.36408713692946054,Cairo,1,10748,3902.0
Cairo_y2020.tif,153,0.8954248366013072,0.26650326797385626,Cairo,1,10656,3902.0
Cairo_y2020.tif,143,0.8321678321678322,0.26930069930069933,Cairo,1,10678,3902.0
Cairo_y2020.tif,297,0.0,0.11656565656565655,Cairo,1,10688,3902.0
Cairo_y2020.tif,271,0.14022140221402213,0.22551660516605168,Cairo,1,10698,3902.0
Cairo_y2020.tif,160,0.0,0.15540625000000002,Cairo,1,10689,3902.0
Cairo_y2020.tif,126,0.0,0.16765873015873012,Cairo,1,10700,3902.0
Cairo_y2020.tif,292,0.0,0.09113013698630137,Cairo,1,10747,3902.0
Cairo_y2020.tif,271,0.17712177121771217,0.1874907749077491,Cairo,1,10724,3902.0
Cairo_y2020.tif,507,0.07889546351084813,0.15118343195266273,Cairo,0,10730,3902.0
Cairo_y2020.tif,300,0.0,0.09071666666666665,Cairo,0,10763,3902.0
Cairo_y2020.tif,423,0.0,0.13210401891252954,Cairo,1,10768,3902.0
Cairo_y2020.tif,532,0.0,0.11857142857142856,Cairo,0,10783,3902.0
Cairo_y2020.tif,150,0.0,0.0803,Cairo,1,10777,3902.0
Cairo_y2020.tif,128,0.0,0.1707421875,Cairo,1,10728,3902.0
Cairo_y2020.tif,349,0.4785100286532951,0.2640830945558739,Cairo,1,10785,3902.0
Cairo_y2020.tif,248,0.17338709677419356,0.21346774193548387,Cairo,1,10795,3902.0
Cairo_y2020.tif,238,0.0,0.08002100840336135,Cairo,1,10810,3902.0
Cairo_y2020.tif,430,0.027906976744186046,0.1301046511627907,Cairo,0,10905,3902.0
Cairo_y2020.tif,333,0.0,0.11959459459459461,Cairo,0,10824,3902.0
Cairo_y2020.tif,148,0.0,0.09418918918918917,Cairo,1,10828,3902.0
Cairo_y2020.tif,137,1.0,0.3928102189781022,Cairo,0,10139,3902.0
Cairo_y2020.tif,847,0.15820543093270367,0.20025974025974028,Cairo,0,10261,3902.0
Cairo_y2020.tif,68,1.0,0.39713235294117644,Cairo,1,10198,3902.0
Cairo_y2020.tif,126,1.0,0.3476587301587301,Cairo,0,10193,3902.0
Cairo_y2020.tif,80,1.0,0.37893750000000004,Cairo,1,10230,3902.0
Cairo_y2020.tif,803,0.9240348692403487,0.33089041095890415,Cairo,1,10303,3902.0
Cairo_y2020.tif,86,1.0,0.35505813953488363,Cairo,0,10258,3902.0
Cairo_y2020.tif,125,1.0,0.36163999999999996,Cairo,0,10272,3902.0
Cairo_y2020.tif,120,1.0,0.37091666666666673,Cairo,0,10282,3902.0
Cairo_y2020.tif,156,0.1282051282051282,0.23721153846153845,Cairo,1,10278,3902.0
Cairo_y2020.tif,131,0.19083969465648856,0.24755725190839695,Cairo,1,10294,3902.0
Cairo_y2020.tif,229,1.0,0.3725764192139738,Cairo,0,10314,3902.0
Cairo_y2020.tif,115,1.0,0.393304347826087,Cairo,0,10323,3902.0
Cairo_y2020.tif,145,1.0,0.37551724137931036,Cairo,1,10329,3902.0
Cairo_y2020.tif,547,0.70018281535649,0.2625137111517367,Cairo,1,10355,3902.0
Cairo_y2020.tif,189,1.0,0.3741534391534392,Cairo,1,10341,3902.0
Cairo_y2020.tif,130,1.0,0.3551923076923077,Cairo,1,10336,3902.0
Cairo_y2020.tif,99,1.0,0.38444444444444453,Cairo,0,10348,3902.0
Cairo_y2020.tif,94,1.0,0.3972340425531915,Cairo,0,10363,3902.0
Cairo_y2020.tif,84,0.9761904761904762,0.31565476190476194,Cairo,0,10373,3902.0
Cairo_y2020.tif,376,1.0,0.3769148936170212,Cairo,1,10403,3902.0
Cairo_y2020.tif,124,1.0,0.35104838709677416,Cairo,0,10384,3902.0
Cairo_y2020.tif,517,1.0,0.4014893617021276,Cairo,1,10441,3902.0
Cairo_y2020.tif,270,1.0,0.37166666666666665,Cairo,1,10445,3902.0
Cairo_y2020.tif,296,1.0,0.38488175675675673,Cairo,0,10449,3902.0
Cairo_y2020.tif,271,1.0,0.39678966789667897,Cairo,1,10467,3902.0
Cairo_y2020.tif,253,1.0,0.3515612648221344,Cairo,0,10470,3902.0
Cairo_y2020.tif,133,1.0,0.39473684210526316,Cairo,0,10472,3902.0
Cairo_y2020.tif,207,1.0,0.3027777777777778,Cairo,1,10483,3902.0
Cairo_y2020.tif,239,1.0,0.4167154811715481,Cairo,1,10500,3902.0
Cairo_y2020.tif,203,1.0,0.37517241379310345,Cairo,1,10380,3902.0
Cairo_y2020.tif,345,1.0,0.36231884057971014,Cairo,1,10381,3902.0
Cairo_y2020.tif,299,1.0,0.3783946488294314,Cairo,1,10383,3902.0
Cairo_y2020.tif,1838,0.6175190424374319,0.24056311207834602,Cairo,1,10726,3902.0
Cairo_y2020.tif,719,1.0,0.41533379694019473,Cairo,1,10598,3902.0
Cairo_y2020.tif,251,1.0,0.4097211155378486,Cairo,1,10686,3902.0
Cairo_y2020.tif,551,1.0,0.42569872958257715,Cairo,1,10693,3902.0
Cairo_y2020.tif,675,1.0,0.4096592592592592,Cairo,1,10691,3902.0
Cairo_y2020.tif,493,1.0,0.4230730223123732,Cairo,1,10697,3902.0
Cairo_y2020.tif,624,0.967948717948718,0.3680048076923077,Cairo,1,10694,3902.0
Cairo_y2020.tif,524,0.9885496183206107,0.3460591603053435,Cairo,0,10161,3902.0
Cairo_y2020.tif,309,0.9935275080906149,0.29634304207119744,Cairo,0,10156,3902.0
Cairo_y2020.tif,207,0.0821256038647343,0.17026570048309175,Cairo,0,10153,3902.0
Cairo_y2020.tif,316,0.879746835443038,0.31221518987341773,Cairo,0,10189,3902.0
Cairo_y2020.tif,149,0.03355704697986577,0.07221476510067114,Cairo,1,10313,3902.0
Cairo_y2020.tif,313,1.0,0.39559105431309904,Cairo,1,10391,3902.0
Cairo_y2020.tif,446,1.0,0.3699439461883408,Cairo,1,10395,3902.0
Cairo_y2020.tif,1302,0.5622119815668203,0.23362135176651302,Cairo,0,10562,3902.0
Cairo_y2020.tif,570,1.0,0.4019824561403509,Cairo,1,10528,3902.0
Cairo_y2020.tif,3685,0.2974219810040706,0.14653052917232023,Cairo,0,10946,3902.0
Cairo_y2020.tif,167,1.0,0.41595808383233535,Cairo,1,10516,3902.0
Cairo_y2020.tif,145,1.0,0.4081379310344827,Cairo,1,10543,3902.0
Cairo_y2020.tif,209,1.0,0.41287081339712917,Cairo,0,10537,3902.0
Cairo_y2020.tif,147,1.0,0.3634353741496598,Cairo,0,10589,3902.0
Cairo_y2020.tif,578,1.0,0.3858737024221453,Cairo,1,10580,3902.0
Cairo_y2020.tif,560,1.0,0.4096785714285714,Cairo,1,10633,3902.0
Cairo_y2020.tif,214,1.0,0.3263551401869159,Cairo,0,10628,3902.0
Cairo_y2020.tif,289,0.21107266435986158,0.21982698961937716,Cairo,0,10625,3902.0
Cairo_y2020.tif,170,0.047058823529411764,0.1571176470588235,Cairo,0,10631,3902.0
Cairo_y2020.tif,200,0.0,0.13985,Cairo,1,10639,3902.0
Cairo_y2020.tif,495,1.0,0.37698989898989904,Cairo,1,10583,3902.0
Cairo_y2020.tif,388,1.0,0.41539948453608244,Cairo,1,10703,3902.0
Cairo_y2020.tif,531,1.0,0.41882297551789077,Cairo,1,10708,3902.0
Cairo_y2020.tif,1123,1.0,0.40283615316117544,Cairo,1,10680,3902.0
Cairo_y2020.tif,320,1.0,0.42864062500000005,Cairo,1,10707,3902.0
Cairo_y2020.tif,320,0.965625,0.2974375,Cairo,1,10669,3902.0
Cairo_y2020.tif,662,1.0,0.4172885196374622,Cairo,1,10742,3902.0
Cairo_y2020.tif,339,0.9410029498525073,0.3040117994100295,Cairo,1,10717,3902.0
Cairo_y2020.tif,235,1.0,0.404063829787234,Cairo,1,10736,3902.0
Cairo_y2020.tif,314,0.6369426751592356,0.2910031847133758,Cairo,1,10755,3902.0
Cairo_y2020.tif,420,1.0,0.39658333333333334,Cairo,1,10636,3902.0
Cairo_y2020.tif,548,0.9762773722627737,0.3875,Cairo,1,10692,3902.0
Cairo_y2020.tif,664,0.5180722891566265,0.2809487951807229,Cairo,1,10781,3902.0
Cairo_y2020.tif,293,0.9863481228668942,0.3497952218430034,Cairo,1,10857,3902.0
Cairo_y2020.tif,629,0.24006359300476948,0.15322734499205087,Cairo,0,10974,3902.0
Cairo_y2020.tif,481,0.9896049896049897,0.40343035343035344,Cairo,1,10883,3902.0
Cairo_y2020.tif,654,0.18960244648318042,0.14516819571865444,Cairo,0,11000,3902.0
Cairo_y2020.tif,349,0.08595988538681948,0.2120057306590258,Cairo,1,10844,3902.0
Cairo_y2020.tif,499,0.9539078156312625,0.3240380761523046,Cairo,1,10886,3902.0
Cairo_y2020.tif,297,1.0,0.410976430976431,Cairo,1,10841,3902.0
Cairo_y2020.tif,667,0.952023988005997,0.3362518740629686,Cairo,1,10881,3902.0
Cairo_y2020.tif,378,0.9523809523809523,0.2956613756613757,Cairo,0,10818,3902.0
Cairo_y2020.tif,814,1.0,0.38111793611793615,Cairo,1,10887,3902.0
Cairo_y2020.tif,203,0.7980295566502463,0.3033004926108374,Cairo,0,10826,3902.0
Cairo_y2020.tif,454,1.0,0.38774229074889865,Cairo,1,10860,3902.0
Cairo_y2020.tif,825,0.9648484848484848,0.32812727272727277,Cairo,1,10903,3902.0
Cairo_y2020.tif,1175,1.0,0.39787659574468087,Cairo,1,11011,3902.0
Cairo_y2020.tif,350,1.0,0.41335714285714287,Cairo,1,10980,3902.0
Cairo_y2020.tif,284,1.0,0.3761971830985915,Cairo,1,11004,3902.0
Cairo_y2020.tif,243,1.0,0.3682304526748971,Cairo,0,11054,3902.0
Cairo_y2020.tif,304,0.9967105263157895,0.411875,Cairo,1,10942,3902.0
Cairo_y2020.tif,240,0.9875,0.4016458333333333,Cairo,1,10950,3902.0
Cairo_y2020.tif,285,1.0,0.40089473684210525,Cairo,1,10960,3902.0
Cairo_y2020.tif,995,0.8904522613065327,0.38209547738693467,Cairo,1,10984,3902.0
Cairo_y2020.tif,509,1.0,0.4058055009823182,Cairo,1,10969,3902.0
Cairo_y2020.tif,281,1.0,0.4096975088967972,Cairo,1,10975,3902.0
Cairo_y2020.tif,1051,1.0,0.4336013320647003,Cairo,1,10951,3902.0
Cairo_y2020.tif,745,1.0,0.41431543624161077,Cairo,1,10989,3902.0
Cairo_y2020.tif,471,0.9023354564755839,0.3670594479830148,Cairo,1,11058,3902.0
Cairo_y2020.tif,455,1.0,0.44642857142857145,Cairo,1,11053,3902.0
Cairo_y2020.tif,198,0.8484848484848485,0.335479797979798,Cairo,1,10280,3902.0
Cairo_y2020.tif,279,1.0,0.41440860215053765,Cairo,1,10259,3902.0
Cairo_y2020.tif,238,0.8781512605042017,0.32735294117647057,Cairo,1,10293,3902.0
Cairo_y2020.tif,246,1.0,0.36916666666666664,Cairo,1,10334,3902.0
Cairo_y2020.tif,218,1.0,0.43816513761467896,Cairo,1,10351,3902.0
Cairo_y2020.tif,248,1.0,0.4547580645161291,Cairo,1,10335,3902.0
Cairo_y2020.tif,158,0.0,0.23332278481012664,Cairo,1,10338,3902.0
Cairo_y2020.tif,201,0.9402985074626866,0.34684079601990053,Cairo,0,10367,3902.0
Cairo_y2020.tif,400,0.18,0.20602499999999999,Cairo,0,10546,3902.0
Cairo_y2020.tif,195,1.0,0.4061025641025642,Cairo,0,10386,3902.0
Cairo_y2020.tif,307,1.0,0.44019543973941366,Cairo,1,10401,3902.0
Cairo_y2020.tif,182,0.06593406593406594,0.23096153846153844,Cairo,1,10385,3902.0
Cairo_y2020.tif,387,0.9276485788113695,0.3721834625322998,Cairo,1,10416,3902.0
Cairo_y2020.tif,374,0.8823529411764706,0.3635828877005348,Cairo,1,10418,3902.0
Cairo_y2020.tif,275,1.0,0.45134545454545455,Cairo,1,10430,3902.0
Cairo_y2020.tif,186,0.016129032258064516,0.22104838709677424,Cairo,1,10437,3902.0
Cairo_y2020.tif,422,0.7796208530805687,0.31625592417061604,Cairo,1,10446,3902.0
Cairo_y2020.tif,303,1.0,0.4350825082508251,Cairo,1,10504,3902.0
Cairo_y2020.tif,356,0.5702247191011236,0.2910533707865169,Cairo,1,10490,3902.0
Cairo_y2020.tif,190,0.0,0.1878421052631579,Cairo,1,10487,3902.0
Cairo_y2020.tif,185,1.0,0.4350540540540541,Cairo,1,10404,3902.0
Cairo_y2020.tif,164,1.0,0.43551829268292674,Cairo,1,10425,3902.0
Cairo_y2020.tif,193,1.0,0.4252849740932643,Cairo,1,10439,3902.0
Cairo_y2020.tif,490,1.0,0.43291836734693884,Cairo,1,10463,3902.0
Cairo_y2020.tif,491,1.0,0.4361812627291243,Cairo,1,10494,3902.0
Cairo_y2020.tif,221,0.918552036199095,0.325814479638009,Cairo,1,10488,3902.0
Cairo_y2020.tif,425,1.0,0.43338823529411763,Cairo,1,10517,3902.0
Cairo_y2020.tif,478,1.0,0.43791841004184096,Cairo,1,10545,3902.0
Cairo_y2020.tif,312,1.0,0.43413461538461534,Cairo,1,10555,3902.0
Cairo_y2020.tif,832,0.9963942307692307,0.4316646634615384,Cairo,1,10604,3902.0
Cairo_y2020.tif,419,0.9164677804295943,0.3740453460620525,Cairo,1,10520,3902.0
Cairo_y2020.tif,162,1.0,0.44848765432098764,Cairo,1,10525,3902.0
Cairo_y2020.tif,210,1.0,0.4426428571428572,Cairo,1,10530,3902.0
Cairo_y2020.tif,319,0.44200626959247646,0.24026645768025082,Cairo,0,10539,3902.0
Cairo_y2020.tif,308,0.0,0.14089285714285715,Cairo,1,10564,3902.0
Cairo_y2020.tif,249,1.0,0.40088353413654615,Cairo,1,10567,3902.0
Cairo_y2020.tif,234,0.5128205128205128,0.2882905982905983,Cairo,0,10554,3902.0
Cairo_y2020.tif,167,0.47904191616766467,0.2585928143712575,Cairo,0,10600,3902.0
Cairo_y2020.tif,236,1.0,0.42122881355932207,Cairo,1,10642,3902.0
Cairo_y2020.tif,210,0.19523809523809524,0.2515476190476191,Cairo,1,10621,3902.0
Cairo_y2020.tif,519,1.0,0.41313102119460504,Cairo,1,10572,3902.0
Cairo_y2020.tif,212,1.0,0.4171698113207547,Cairo,0,10559,3902.0
Cairo_y2020.tif,203,1.0,0.4376600985221675,Cairo,1,10587,3902.0
Cairo_y2020.tif,265,1.0,0.405433962264151,Cairo,1,10588,3902.0
Cairo_y2020.tif,192,1.0,0.36369791666666673,Cairo,1,10591,3902.0
Cairo_y2020.tif,234,1.0,0.42846153846153845,Cairo,1,10623,3902.0
Cairo_y2020.tif,306,1.0,0.44709150326797387,Cairo,1,10603,3902.0
Cairo_y2020.tif,169,1.0,0.42831360946745567,Cairo,1,10616,3902.0
Cairo_y2020.tif,147,1.0,0.43115646258503404,Cairo,1,10638,3902.0
Cairo_y2020.tif,194,1.0,0.4544845360824743,Cairo,1,10702,3902.0
Cairo_y2020.tif,244,0.0,0.1689344262295082,Cairo,1,10620,3902.0
Cairo_y2020.tif,316,0.6550632911392406,0.23704113924050632,Cairo,1,10614,3902.0
Cairo_y2020.tif,354,0.12146892655367232,0.1497175141242938,Cairo,1,10637,3902.0
Cairo_y2020.tif,248,0.0,0.15610887096774193,Cairo,1,10590,3902.0
Cairo_y2020.tif,279,0.0,0.10019713261648745,Cairo,1,10605,3902.0
Cairo_y2020.tif,201,0.0,0.10034825870646767,Cairo,1,10615,3902.0
Cairo_y2020.tif,144,0.0,0.10694444444444444,Cairo,1,10652,3902.0
Cairo_y2020.tif,152,0.993421052631579,0.2945065789473684,Cairo,1,10665,3902.0
Cairo_y2020.tif,156,0.0,0.10987179487179485,Cairo,0,10670,3902.0
Cairo_y2020.tif,313,0.0,0.09929712460063897,Cairo,1,10649,3902.0
Cairo_y2020.tif,532,0.5789473684210527,0.28753759398496237,Cairo,1,10655,3902.0
Cairo_y2020.tif,133,1.0,0.3793609022556392,Cairo,1,10629,3902.0
Cairo_y2020.tif,347,1.0,0.4403458213256484,Cairo,1,10672,3902.0
Cairo_y2020.tif,325,0.018461538461538463,0.1376923076923077,Cairo,1,10648,3902.0
Cairo_y2020.tif,195,1.0,0.3803076923076923,Cairo,1,10610,3902.0
Cairo_y2020.tif,143,1.0,0.42685314685314685,Cairo,1,10681,3902.0
Cairo_y2020.tif,554,0.6660649819494585,0.2830956678700361,Cairo,1,10716,3902.0
Cairo_y2020.tif,130,0.9923076923076923,0.36876923076923074,Cairo,0,10705,3902.0
Cairo_y2020.tif,178,1.0,0.41879213483146077,Cairo,1,10713,3902.0
Cairo_y2020.tif,127,1.0,0.3961417322834646,Cairo,0,10718,3902.0
Cairo_y2020.tif,149,0.0,0.156744966442953,Cairo,0,10641,3902.0
Cairo_y2020.tif,183,0.03278688524590164,0.1830601092896175,Cairo,0,10651,3902.0
Cairo_y2020.tif,189,0.19576719576719576,0.22494708994708995,Cairo,0,10658,3902.0
Cairo_y2020.tif,572,1.0,0.42160839160839164,Cairo,1,10634,3902.0
Cairo_y2020.tif,854,1.0,0.4066276346604215,Cairo,1,10734,3902.0
Cairo_y2020.tif,345,1.0,0.3709565217391304,Cairo,1,10711,3902.0
Cairo_y2020.tif,433,1.0,0.4325866050808314,Cairo,1,10759,3902.0
Cairo_y2020.tif,132,1.0,0.4174242424242424,Cairo,1,10809,3902.0
Cairo_y2020.tif,365,1.0,0.42549315068493154,Cairo,1,10848,3902.0
Cairo_y2020.tif,397,1.0,0.4233753148614609,Cairo,1,10819,3902.0
Cairo_y2020.tif,217,1.0,0.4249308755760369,Cairo,1,10727,3902.0
Cairo_y2020.tif,181,1.0,0.4099447513812154,Cairo,0,10752,3902.0
Cairo_y2020.tif,434,0.35944700460829493,0.19327188940092166,Cairo,0,10871,3902.0
Cairo_y2020.tif,144,0.7083333333333334,0.2733680555555556,Cairo,0,10779,3902.0
Cairo_y2020.tif,265,1.0,0.43145283018867925,Cairo,1,10792,3902.0
Cairo_y2020.tif,150,1.0,0.38610000000000005,Cairo,1,10796,3902.0
Cairo_y2020.tif,440,0.9727272727272728,0.3475,Cairo,1,10875,3902.0
Cairo_y2020.tif,157,1.0,0.4018789808917198,Cairo,0,10802,3902.0
Cairo_y2020.tif,207,1.0,0.4016666666666667,Cairo,1,10884,3902.0
Cairo_y2020.tif,99,1.0,0.4199494949494949,Cairo,0,10821,3902.0
Cairo_y2020.tif,505,1.0,0.45490099009900997,Cairo,1,10778,3902.0
Cairo_y2020.tif,312,1.0,0.4534615384615385,Cairo,1,10646,3902.0
Cairo_y2020.tif,506,1.0,0.43970355731225297,Cairo,1,10668,3902.0
Cairo_y2020.tif,280,1.0,0.44942857142857146,Cairo,1,10775,3902.0
Cairo_y2020.tif,448,1.0,0.4450334821428572,Cairo,1,10838,3902.0
Cairo_y2020.tif,167,1.0,0.4565269461077845,Cairo,1,10780,3902.0
Cairo_y2020.tif,329,1.0,0.4568085106382979,Cairo,1,10761,3902.0
Cairo_y2020.tif,357,1.0,0.45047619047619053,Cairo,1,10836,3902.0
Cairo_y2020.tif,242,1.0,0.4558264462809917,Cairo,1,10852,3902.0
Cairo_y2020.tif,955,1.0,0.45272251308900524,Cairo,1,10994,3902.0
Cairo_y2020.tif,162,1.0,0.3960802469135802,Cairo,1,10830,3902.0
Cairo_y2020.tif,278,0.007194244604316547,0.12446043165467627,Cairo,1,10861,3902.0
Cairo_y2020.tif,174,1.0,0.42956896551724133,Cairo,1,10846,3902.0
Cairo_y2020.tif,215,0.9162790697674419,0.34132558139534885,Cairo,1,10895,3902.0
Cairo_y2020.tif,148,1.0,0.3508445945945946,Cairo,1,10859,3902.0
Cairo_y2020.tif,408,0.35049019607843135,0.24420343137254905,Cairo,1,10906,3902.0
Cairo_y2020.tif,110,1.0,0.3980909090909091,Cairo,1,10872,3902.0
Cairo_y2020.tif,135,0.9925925925925926,0.3509259259259259,Cairo,0,10892,3902.0
Cairo_y2020.tif,184,1.0,0.4176902173913043,Cairo,1,10909,3902.0
Cairo_y2020.tif,238,1.0,0.4142436974789916,Cairo,1,10867,3902.0
Cairo_y2020.tif,251,1.0,0.4413745019920319,Cairo,1,10765,3902.0
Cairo_y2020.tif,441,1.0,0.4587981859410431,Cairo,1,10896,3902.0
Cairo_y2020.tif,206,1.0,0.4195631067961165,Cairo,1,10904,3902.0
Cairo_y2020.tif,509,1.0,0.45349705304518667,Cairo,1,10958,3902.0
Cairo_y2020.tif,439,1.0,0.4550797266514807,Cairo,1,10923,3902.0
Cairo_y2020.tif,247,1.0,0.4558906882591093,Cairo,1,10948,3902.0
Cairo_y2020.tif,523,1.0,0.45065009560229446,Cairo,1,10992,3902.0
Cairo_y2020.tif,223,1.0,0.4573094170403588,Cairo,1,10972,3902.0
Cairo_y2020.tif,253,1.0,0.44786561264822133,Cairo,1,10993,3902.0
Cairo_y2020.tif,492,0.7073170731707317,0.32590447154471547,Cairo,0,10978,3902.0
Cairo_y2020.tif,119,0.0,0.1679831932773109,Cairo,1,10894,3902.0
Cairo_y2020.tif,129,0.7906976744186046,0.26496124031007745,Cairo,1,10866,3902.0
Cairo_y2020.tif,175,1.0,0.37448571428571426,Cairo,1,10932,3902.0
Cairo_y2020.tif,125,1.0,0.40072,Cairo,1,10939,3902.0
Cairo_y2020.tif,168,1.0,0.33443452380952376,Cairo,1,10967,3902.0
Cairo_y2020.tif,92,0.7282608695652174,0.2560326086956522,Cairo,0,10954,3902.0
Cairo_y2020.tif,145,0.0,0.09406896551724137,Cairo,0,10990,3902.0
Cairo_y2020.tif,404,0.8118811881188119,0.3177227722772278,Cairo,1,11015,3902.0
Cairo_y2020.tif,238,0.0,0.05094537815126051,Cairo,1,11018,3902.0
Cairo_y2020.tif,82,0.0,0.10951219512195122,Cairo,0,11020,3902.0
Cairo_y2020.tif,110,0.9272727272727272,0.3314090909090908,Cairo,1,10931,3902.0
Cairo_y2020.tif,180,0.1388888888888889,0.1740833333333333,Cairo,1,10959,3902.0
Cairo_y2020.tif,122,1.0,0.3798360655737705,Cairo,0,10949,3902.0
Cairo_y2020.tif,130,0.07692307692307693,0.17080769230769233,Cairo,1,10962,3902.0
Cairo_y2020.tif,136,1.0,0.38503676470588233,Cairo,1,10952,3902.0
Cairo_y2020.tif,176,1.0,0.39409090909090916,Cairo,1,10961,3902.0
Cairo_y2020.tif,248,0.657258064516129,0.30764112903225815,Cairo,1,10966,3902.0
Cairo_y2020.tif,304,0.16447368421052633,0.20266447368421053,Cairo,1,10991,3902.0
Cairo_y2020.tif,383,0.39425587467362927,0.25821148825065277,Cairo,1,10987,3902.0
Cairo_y2020.tif,218,0.41284403669724773,0.23399082568807342,Cairo,1,11006,3902.0
Cairo_y2020.tif,181,1.0,0.35820441988950275,Cairo,1,11001,3902.0
Cairo_y2020.tif,104,1.0,0.36399038461538463,Cairo,0,10997,3902.0
Cairo_y2020.tif,256,0.703125,0.2965625,Cairo,1,11012,3902.0
Cairo_y2020.tif,227,1.0,0.37504405286343606,Cairo,1,10977,3902.0
Cairo_y2020.tif,152,0.5986842105263158,0.285953947368421,Cairo,1,11044,3902.0
Cairo_y2020.tif,171,0.7777777777777778,0.23646198830409357,Cairo,0,11038,3902.0
Cairo_y2020.tif,183,0.3333333333333333,0.22240437158469947,Cairo,1,11056,3902.0
Cairo_y2020.tif,210,0.18095238095238095,0.22976190476190475,Cairo,0,11069,3902.0
Cairo_y2020.tif,131,0.11450381679389313,0.22942748091603052,Cairo,0,11092,3902.0
Cairo_y2020.tif,117,0.03418803418803419,0.2156837606837607,Cairo,0,11102,3902.0
Cairo_y2020.tif,107,0.0,0.03747663551401869,Cairo,0,11027,3902.0
Cairo_y2020.tif,94,1.0,0.3646808510638298,Cairo,0,11031,3902.0
Cairo_y2020.tif,472,0.8050847457627118,0.2702224576271186,Cairo,0,11061,3902.0
Cairo_y2020.tif,118,0.0,0.08512711864406781,Cairo,1,11051,3902.0
Cairo_y2020.tif,191,0.0,0.08366492146596857,Cairo,1,11028,3902.0
Cairo_y2020.tif,218,0.0,0.05506880733944954,Cairo,0,11060,3902.0
Cairo_y2020.tif,105,0.20952380952380953,0.24495238095238098,Cairo,1,11063,3902.0
Cairo_y2020.tif,100,1.0,0.3722500000000001,Cairo,0,11076,3902.0
Cairo_y2020.tif,111,0.0,0.07081081081081082,Cairo,0,11079,3902.0
Cairo_y2020.tif,91,1.0,0.39225274725274734,Cairo,1,11093,3902.0
Cairo_y2020.tif,857,1.0,0.4373920653442241,Cairo,1,11085,3902.0
Cairo_y2020.tif,190,1.0,0.4322631578947368,Cairo,1,11046,3902.0
Cairo_y2020.tif,386,1.0,0.4298445595854923,Cairo,1,11065,3902.0
Cairo_y2020.tif,356,1.0,0.43261235955056176,Cairo,1,11105,3902.0
Cairo_y2020.tif,188,1.0,0.39486702127659573,Cairo,1,11107,3902.0
Cairo_y2020.tif,346,1.0,0.3752023121387283,Cairo,0,11130,3902.0
Cairo_y2020.tif,156,0.6923076923076923,0.281474358974359,Cairo,1,11156,3902.0
Cairo_y2020.tif,242,0.7396694214876033,0.3059710743801653,Cairo,1,11190,3902.0
Cairo_y2020.tif,132,1.0,0.35833333333333334,Cairo,0,11172,3902.0
Cairo_y2020.tif,268,0.8955223880597015,0.31386194029850745,Cairo,1,11197,3902.0
Cairo_y2020.tif,184,0.0,0.03798913043478261,Cairo,0,11121,3902.0
Cairo_y2020.tif,216,0.0,0.06925925925925924,Cairo,1,11109,3902.0
Cairo_y2020.tif,94,0.02127659574468085,0.20244680851063834,Cairo,0,11116,3902.0
Cairo_y2020.tif,146,0.0,0.04345890410958903,Cairo,0,11129,3902.0
Cairo_y2020.tif,93,1.0,0.3564516129032258,Cairo,1,11127,3902.0
Cairo_y2020.tif,126,0.0,0.07293650793650794,Cairo,1,11141,3902.0
Cairo_y2020.tif,293,0.0,0.08042662116040956,Cairo,1,11145,3902.0
Cairo_y2020.tif,85,1.0,0.40364705882352925,Cairo,1,11139,3902.0
Cairo_y2020.tif,127,0.5669291338582677,0.3115748031496063,Cairo,0,11170,3902.0
Cairo_y2020.tif,74,0.02702702702702703,0.18013513513513513,Cairo,1,11158,3902.0
Cairo_y2020.tif,200,0.425,0.2735,Cairo,1,11119,3902.0
Cairo_y2020.tif,124,0.06451612903225806,0.23306451612903223,Cairo,0,11114,3902.0
Cairo_y2020.tif,111,0.36936936936936937,0.18707207207207205,Cairo,1,11123,3902.0
Cairo_y2020.tif,162,0.1419753086419753,0.22898148148148148,Cairo,1,11132,3902.0
Cairo_y2020.tif,367,0.8310626702997275,0.3235286103542235,Cairo,1,11157,3902.0
Cairo_y2020.tif,122,0.040983606557377046,0.21569672131147538,Cairo,0,11128,3902.0
Cairo_y2020.tif,123,0.0,0.17150406504065044,Cairo,0,11137,3902.0
Cairo_y2020.tif,121,0.0,0.17987603305785124,Cairo,0,11153,3902.0
Cairo_y2020.tif,399,0.022556390977443608,0.15302005012531328,Cairo,1,11220,3902.0
Cairo_y2020.tif,114,0.008771929824561403,0.22249999999999998,Cairo,0,11181,3902.0
Cairo_y2020.tif,771,1.0,0.45108949416342414,Cairo,1,11155,3902.0
Cairo_y2020.tif,507,0.863905325443787,0.34160749506903354,Cairo,1,11183,3902.0
Cairo_y2020.tif,707,1.0,0.4139250353606789,Cairo,1,11160,3902.0
Cairo_y2020.tif,597,1.0,0.441532663316583,Cairo,1,11198,3902.0
Cairo_y2020.tif,433,0.8221709006928406,0.31392609699769053,Cairo,1,11082,3902.0
Cairo_y2020.tif,241,1.0,0.44724066390041506,Cairo,1,11117,3902.0
Cairo_y2020.tif,362,1.0,0.42560773480662983,Cairo,1,11207,3902.0
Cairo_y2020.tif,206,1.0,0.44230582524271855,Cairo,1,11187,3902.0
Cairo_y2020.tif,551,0.8511796733212341,0.33399274047186933,Cairo,1,11312,3902.0
Cairo_y2020.tif,357,1.0,0.4038095238095239,Cairo,1,11337,3902.0
Cairo_y2020.tif,417,0.4628297362110312,0.2239568345323741,Cairo,1,10794,3902.0
Cairo_y2020.tif,518,0.361003861003861,0.18836872586872588,Cairo,0,10787,3902.0
Cairo_y2020.tif,405,1.0,0.3767777777777778,Cairo,1,10868,3902.0
Cairo_y2020.tif,164,0.11585365853658537,0.18170731707317075,Cairo,1,10822,3902.0
Cairo_y2020.tif,281,0.0035587188612099642,0.09816725978647688,Cairo,1,10815,3902.0
Cairo_y2020.tif,149,0.5838926174496645,0.22751677852348992,Cairo,0,10870,3902.0
Cairo_y2020.tif,252,0.0,0.10140873015873016,Cairo,0,10900,3902.0
Cairo_y2020.tif,393,0.0,0.10830788804071247,Cairo,1,10919,3902.0
Cairo_y2020.tif,1066,0.7889305816135085,0.33017354596622894,Cairo,1,10965,3902.0
Cairo_y2020.tif,333,0.5165165165165165,0.2677027027027027,Cairo,1,10936,3902.0
Cairo_y2020.tif,159,0.0,0.17383647798742136,Cairo,1,10812,3902.0
Cairo_y2020.tif,260,0.0,0.1306153846153846,Cairo,0,10842,3902.0
Cairo_y2020.tif,137,1.0,0.35375912408759125,Cairo,1,10854,3902.0
Cairo_y2020.tif,145,0.0,0.16131034482758622,Cairo,0,10847,3902.0
Cairo_y2020.tif,168,0.6845238095238095,0.27357142857142863,Cairo,1,10831,3902.0
Cairo_y2020.tif,266,0.0037593984962406013,0.16110902255639098,Cairo,1,10823,3902.0
Cairo_y2020.tif,167,0.0,0.14754491017964072,Cairo,1,10863,3902.0
Cairo_y2020.tif,102,1.0,0.38872549019607855,Cairo,1,10858,3902.0
Cairo_y2020.tif,403,0.0,0.0859181141439206,Cairo,1,10889,3902.0
Cairo_y2020.tif,4093,0.0007329587099926704,0.06502931834839971,Cairo,0,10986,3902.0
Cairo_y2020.tif,254,0.19291338582677164,0.21019685039370078,Cairo,0,11033,3902.0
Cairo_y2020.tif,246,0.04878048780487805,0.13111788617886178,Cairo,0,11094,3902.0
Cairo_y2020.tif,515,0.3825242718446602,0.23792233009708738,Cairo,1,11147,3902.0
Cairo_y2020.tif,316,0.0,0.0643354430379747,Cairo,0,11150,3902.0
Cairo_y2020.tif,279,0.24372759856630824,0.24340501792114694,Cairo,1,11164,3902.0
Cairo_y2020.tif,215,0.0,0.08146511627906976,Cairo,0,11144,3902.0
Cairo_y2020.tif,246,0.0,0.061808943089430905,Cairo,1,11146,3902.0
Cairo_y2020.tif,280,0.0,0.17305357142857142,Cairo,1,11168,3902.0
Cairo_y2020.tif,222,0.009009009009009009,0.18459459459459457,Cairo,1,11184,3902.0
Cairo_y2020.tif,279,0.0,0.14019713261648747,Cairo,1,11179,3902.0
Cairo_y2020.tif,219,0.0,0.12541095890410958,Cairo,1,10459,3902.0
Cairo_y2020.tif,806,0.0,0.07772952853598014,Cairo,0,10617,3902.0
Cairo_y2020.tif,3868,0.2466390899689762,0.11964193381592554,Cairo,1,10758,3902.0
Cairo_y2020.tif,339,0.8790560471976401,0.24480825958702063,Cairo,0,10647,3902.0
Cairo_y2020.tif,258,1.0,0.28488372093023256,Cairo,1,10720,3902.0
Cairo_y2020.tif,739,0.9106901217861976,0.27772665764546683,Cairo,1,10876,3902.0
Cairo_y2020.tif,2249,0.1809693196976434,0.1310715873721654,Cairo,0,11091,3902.0
Cairo_y2020.tif,1590,0.0509433962264151,0.0893553459119497,Cairo,0,11543,3902.0
Cairo_y2020.tif,190,0.0,0.11292105263157894,Cairo,1,11597,3902.0
Cairo_y2020.tif,1535,0.4006514657980456,0.18747231270358305,Cairo,0,11767,3902.0
Cairo_y2020.tif,706,0.38243626062322944,0.2065155807365439,Cairo,1,10944,3902.0
Cairo_y2020.tif,897,0.992196209587514,0.4044202898550725,Cairo,1,10988,3902.0
Cairo_y2020.tif,927,0.003236245954692557,0.15273462783171518,Cairo,1,10982,3902.0
Cairo_y2020.tif,685,0.06861313868613139,0.1469051094890511,Cairo,1,11048,3902.0
Cairo_y2020.tif,1678,0.8426698450536353,0.3746960667461263,Cairo,1,11135,3902.0
Cairo_y2020.tif,522,0.7394636015325671,0.30562260536398467,Cairo,1,11210,3902.0
Cairo_y2020.tif,794,0.005037783375314861,0.1922544080604534,Cairo,1,11273,3902.0
Cairo_y2020.tif,712,0.9550561797752809,0.3629634831460674,Cairo,0,11295,3902.0
Cairo_y2020.tif,838,0.41408114558472553,0.19181384248210026,Cairo,1,11320,3902.0
Cairo_y2020.tif,1916,0.048538622129436326,0.09397442588726514,Cairo,0,11339,3902.0
Cairo_y2020.tif,277,0.0,0.07312274368231046,Cairo,1,11202,3902.0
Cairo_y2020.tif,192,0.0,0.03885416666666666,Cairo,0,11214,3902.0
Cairo_y2020.tif,10483,0.021749499189163406,0.05238910617189736,Cairo,0,11425,3902.0
Cairo_y2020.tif,197,0.0,0.03395939086294417,Cairo,0,11226,3902.0
Cairo_y2020.tif,412,0.8106796116504854,0.2965169902912621,Cairo,0,11230,3902.0
Cairo_y2020.tif,185,0.0,0.06337837837837838,Cairo,0,11238,3902.0
Cairo_y2020.tif,246,0.0,0.07339430894308943,Cairo,1,11247,3902.0
Cairo_y2020.tif,278,0.16546762589928057,0.19007194244604317,Cairo,0,11279,3902.0
Cairo_y2020.tif,181,0.0,0.02546961325966851,Cairo,0,11299,3902.0
Cairo_y2020.tif,208,0.0,0.07963942307692308,Cairo,1,11288,3902.0
Cairo_y2020.tif,538,0.0037174721189591076,0.12404275092936803,Cairo,1,11205,3902.0
Cairo_y2020.tif,257,0.3463035019455253,0.19684824902723733,Cairo,1,11243,3902.0
Cairo_y2020.tif,349,0.0,0.12336676217765043,Cairo,1,11256,3902.0
Cairo_y2020.tif,213,0.0,0.06450704225352114,Cairo,1,11260,3902.0
Cairo_y2020.tif,225,0.0,0.047977777777777786,Cairo,1,11261,3902.0
Cairo_y2020.tif,275,0.0,0.05298181818181818,Cairo,0,11264,3902.0
Cairo_y2020.tif,371,0.0,0.059433962264150944,Cairo,0,11310,3902.0
Cairo_y2020.tif,291,0.0,0.07525773195876288,Cairo,0,11278,3902.0
Cairo_y2020.tif,222,0.0,0.06259009009009009,Cairo,1,11364,3902.0
Cairo_y2020.tif,442,0.0,0.05192307692307693,Cairo,1,11370,3902.0
Cairo_y2020.tif,468,0.0,0.10540598290598291,Cairo,1,11323,3902.0
Cairo_y2020.tif,432,1.0,0.4298726851851851,Cairo,1,11322,3902.0
Cairo_y2020.tif,620,0.3935483870967742,0.2333467741935484,Cairo,1,11332,3902.0
Cairo_y2020.tif,236,0.5254237288135594,0.2798728813559322,Cairo,1,11340,3902.0
Cairo_y2020.tif,195,0.0,0.06971794871794872,Cairo,1,11366,3902.0
Cairo_y2020.tif,283,1.0,0.38063604240282684,Cairo,1,11403,3902.0
Cairo_y2020.tif,220,0.36818181818181817,0.22156818181818183,Cairo,1,11396,3902.0
Cairo_y2020.tif,704,0.09232954545454546,0.10589488636363638,Cairo,0,11455,3902.0
Cairo_y2020.tif,216,0.0,0.0536111111111111,Cairo,1,11431,3902.0
Cairo_y2020.tif,195,0.05128205128205128,0.12566666666666668,Cairo,1,11447,3902.0
Cairo_y2020.tif,210,0.0,0.03488095238095239,Cairo,0,11374,3902.0
Cairo_y2020.tif,279,0.0,0.04184587813620071,Cairo,0,11377,3902.0
Cairo_y2020.tif,483,0.0,0.0713975155279503,Cairo,1,11480,3902.0
Cairo_y2020.tif,391,0.0,0.08859335038363171,Cairo,0,11400,3902.0
Cairo_y2020.tif,428,0.0,0.0992873831775701,Cairo,1,11443,3902.0
Cairo_y2020.tif,298,0.0,0.06669463087248322,Cairo,1,11451,3902.0
Cairo_y2020.tif,228,0.0,0.03846491228070175,Cairo,1,11478,3902.0
Cairo_y2020.tif,234,0.0,0.04722222222222223,Cairo,1,11481,3902.0
Cairo_y2020.tif,226,0.0,0.030663716814159296,Cairo,1,11484,3902.0
Cairo_y2020.tif,283,0.0,0.025724381625441696,Cairo,1,11487,3902.0
Cairo_y2020.tif,208,0.0,0.03483173076923077,Cairo,1,11469,3902.0
Cairo_y2020.tif,1474,0.0,0.03471506105834464,Cairo,0,11534,3902.0
Cairo_y2020.tif,678,0.2669616519174041,0.12912241887905604,Cairo,0,11500,3902.0
Cairo_y2020.tif,241,0.0,0.023506224066390045,Cairo,1,11522,3902.0
Cairo_y2020.tif,386,0.0,0.031204663212435237,Cairo,0,11542,3902.0
Cairo_y2020.tif,385,0.0,0.02448051948051948,Cairo,0,11563,3902.0
Cairo_y2020.tif,454,0.0,0.020495594713656386,Cairo,0,11608,3902.0
Cairo_y2020.tif,215,0.0,0.027674418604651165,Cairo,1,11603,3902.0
Cairo_y2020.tif,316,0.0,0.018765822784810125,Cairo,0,11626,3902.0
Cairo_y2020.tif,266,0.0,0.023402255639097744,Cairo,0,11647,3902.0
Cairo_y2020.tif,345,1.0,0.3938115942028986,Cairo,1,10722,3902.0
Cairo_y2020.tif,225,1.0,0.3942888888888889,Cairo,1,10773,3902.0
Cairo_y2020.tif,323,1.0,0.41987616099071207,Cairo,1,10786,3902.0
Cairo_y2020.tif,359,0.9693593314763231,0.36997214484679664,Cairo,0,10808,3902.0
Cairo_y2020.tif,629,1.0,0.44015898251192365,Cairo,1,10856,3902.0
Cairo_y2020.tif,590,1.0,0.4289745762711865,Cairo,1,10912,3902.0
Cairo_y2020.tif,998,0.9719438877755511,0.37491983967935866,Cairo,1,10963,3902.0
Cairo_y2020.tif,390,1.0,0.42051282051282046,Cairo,1,10947,3902.0
Cairo_y2020.tif,942,1.0,0.4297133757961783,Cairo,1,10956,3902.0
Cairo_y2020.tif,564,1.0,0.35768617021276594,Cairo,1,11124,3902.0
Cairo_y2020.tif,594,0.48484848484848486,0.2091077441077441,Cairo,0,10955,3902.0
Cairo_y2020.tif,952,0.6050420168067226,0.28619222689075635,Cairo,0,11022,3902.0
Cairo_y2020.tif,495,0.9212121212121213,0.3678282828282828,Cairo,1,11009,3902.0
Cairo_y2020.tif,309,0.8673139158576052,0.3655016181229773,Cairo,1,11025,3902.0
Cairo_y2020.tif,292,0.9726027397260274,0.37273972602739724,Cairo,1,11151,3902.0
Cairo_y2020.tif,391,0.12020460358056266,0.20869565217391306,Cairo,0,11110,3902.0
Cairo_y2020.tif,398,0.9045226130653267,0.3226884422110553,Cairo,1,11068,3902.0
Cairo_y2020.tif,868,0.24539170506912442,0.2008467741935484,Cairo,1,11300,3902.0
Cairo_y2020.tif,283,0.33568904593639576,0.23265017667844523,Cairo,1,11196,3902.0
Cairo_y2020.tif,683,0.013177159590043924,0.11329428989751097,Cairo,0,11380,3902.0
Cairo_y2020.tif,389,0.6966580976863753,0.2394215938303342,Cairo,0,11126,3902.0
Cairo_y2020.tif,509,1.0,0.39661100196463656,Cairo,1,11143,3902.0
Cairo_y2020.tif,400,1.0,0.4154,Cairo,1,11152,3902.0
Cairo_y2020.tif,841,1.0,0.42247919143876334,Cairo,1,11166,3902.0
Cairo_y2020.tif,411,1.0,0.4214841849148418,Cairo,1,11154,3902.0
Cairo_y2020.tif,304,1.0,0.4015296052631579,Cairo,1,11223,3902.0
Cairo_y2020.tif,439,0.8929384965831435,0.3184851936218679,Cairo,1,11265,3902.0
Cairo_y2020.tif,313,1.0,0.4351916932907348,Cairo,1,11253,3902.0
Cairo_y2020.tif,569,1.0,0.4308699472759227,Cairo,1,11289,3902.0
Cairo_y2020.tif,302,0.9370860927152318,0.31614238410596024,Cairo,1,11319,3902.0
Cairo_y2020.tif,460,1.0,0.37901086956521735,Cairo,1,11104,3902.0
Cairo_y2020.tif,676,0.8357988165680473,0.3260059171597633,Cairo,1,11148,3902.0
Cairo_y2020.tif,519,0.953757225433526,0.3605684007707129,Cairo,1,11149,3902.0
Cairo_y2020.tif,830,1.0,0.4341325301204819,Cairo,1,11159,3902.0
Cairo_y2020.tif,475,0.6273684210526316,0.2697263157894737,Cairo,1,11195,3902.0
Cairo_y2020.tif,1429,1.0,0.4311231630510847,Cairo,1,11163,3902.0
Cairo_y2020.tif,582,0.8642611683848798,0.35313573883161514,Cairo,0,11304,3902.0
Cairo_y2020.tif,319,0.0,0.09420062695924765,Cairo,0,11357,3902.0
Cairo_y2020.tif,476,0.037815126050420166,0.15888655462184872,Cairo,0,11350,3902.0
Cairo_y2020.tif,611,0.022913256955810146,0.09738952536824877,Cairo,1,11365,3902.0
Cairo_y2020.tif,620,0.0,0.04537096774193548,Cairo,0,11386,3902.0
Cairo_y2020.tif,707,0.0014144271570014145,0.12937057991513437,Cairo,1,11268,3902.0
Cairo_y2020.tif,388,0.015463917525773196,0.13752577319587628,Cairo,0,11239,3902.0
Cairo_y2020.tif,486,0.0,0.05762345679012347,Cairo,0,11389,3902.0
Cairo_y2020.tif,432,0.0,0.09418981481481481,Cairo,0,11378,3902.0
Cairo_y2020.tif,396,0.0,0.1009469696969697,Cairo,1,11382,3902.0
Cairo_y2020.tif,316,0.0,0.08884493670886077,Cairo,0,11387,3902.0
Cairo_y2020.tif,512,0.0,0.06923828125,Cairo,1,11523,3902.0
Cairo_y2020.tif,477,0.18867924528301888,0.13628930817610063,Cairo,0,11530,3902.0
Cairo_y2020.tif,353,0.0,0.0504957507082153,Cairo,0,11524,3902.0
Cairo_y2020.tif,823,0.023086269744835967,0.11018226002430134,Cairo,1,11369,3902.0
Cairo_y2020.tif,424,0.9575471698113207,0.38814858490566034,Cairo,1,11344,3902.0
Cairo_y2020.tif,572,0.8793706293706294,0.38225524475524475,Cairo,1,11416,3902.0
Cairo_y2020.tif,222,0.26126126126126126,0.24328828828828825,Cairo,0,11428,3902.0
Cairo_y2020.tif,452,1.0,0.4389380530973451,Cairo,1,11465,3902.0
Cairo_y2020.tif,471,1.0,0.41433121019108277,Cairo,1,11475,3902.0
Cairo_y2020.tif,260,0.46923076923076923,0.2611153846153847,Cairo,1,11458,3902.0
Cairo_y2020.tif,1072,0.5727611940298507,0.20744869402985075,Cairo,0,11587,3902.0
Cairo_y2020.tif,383,0.9660574412532638,0.3485770234986945,Cairo,1,11519,3902.0
Cairo_y2020.tif,613,0.47797716150081565,0.26194127243066884,Cairo,1,11545,3902.0
Cairo_y2020.tif,265,1.0,0.45330188679245287,Cairo,1,11303,3902.0
Cairo_y2020.tif,510,1.0,0.42651960784313725,Cairo,1,11276,3902.0
Cairo_y2020.tif,250,0.724,0.29975999999999997,Cairo,1,11359,3902.0
Cairo_y2020.tif,345,1.0,0.4525652173913044,Cairo,1,11341,3902.0
Cairo_y2020.tif,288,1.0,0.4392361111111111,Cairo,1,11405,3902.0
Cairo_y2020.tif,482,1.0,0.438143153526971,Cairo,1,11423,3902.0
Cairo_y2020.tif,287,0.9965156794425087,0.42810104529616727,Cairo,1,11460,3902.0
Cairo_y2020.tif,2694,0.21714922048997773,0.12497216035634744,Cairo,0,11958,3902.0
Cairo_y2020.tif,478,0.9937238493723849,0.41739539748953974,Cairo,1,11493,3902.0
Cairo_y2020.tif,378,0.917989417989418,0.3903439153439153,Cairo,1,11536,3902.0
Cairo_y2020.tif,273,0.01098901098901099,0.18139194139194137,Cairo,1,11309,3902.0
Cairo_y2020.tif,378,1.0,0.3934920634920635,Cairo,1,11275,3902.0
Cairo_y2020.tif,709,0.9816643159379408,0.3744005641748942,Cairo,1,11348,3902.0
Cairo_y2020.tif,502,0.8466135458167331,0.3292729083665339,Cairo,1,11311,3902.0
Cairo_y2020.tif,302,1.0,0.40602649006622515,Cairo,1,11335,3902.0
Cairo_y2020.tif,416,0.8701923076923077,0.30748798076923073,Cairo,1,11362,3902.0
Cairo_y2020.tif,6327,0.12612612612612611,0.09031294452347086,Cairo,1,11691,3902.0
Cairo_y2020.tif,217,0.6175115207373272,0.2862442396313364,Cairo,0,11738,3902.0
Cairo_y2020.tif,844,0.6516587677725119,0.2845675355450237,Cairo,1,11735,3902.0
Cairo_y2020.tif,241,0.08713692946058091,0.22070539419087143,Cairo,1,11810,3902.0
Cairo_y2020.tif,829,0.4439083232810615,0.24271411338962603,Cairo,1,11602,3902.0
Cairo_y2020.tif,789,0.07224334600760456,0.1647591888466413,Cairo,1,11565,3902.0
Cairo_y2020.tif,582,0.3694158075601375,0.17644329896907215,Cairo,1,11638,3902.0
Cairo_y2020.tif,303,0.0429042904290429,0.09620462046204621,Cairo,0,11659,3902.0
Cairo_y2020.tif,444,0.024774774774774775,0.10897522522522524,Cairo,0,11699,3902.0
Cairo_y2020.tif,534,0.0599250936329588,0.1367977528089888,Cairo,1,11740,3902.0
Cairo_y2020.tif,707,0.014144271570014143,0.1368104667609618,Cairo,1,11785,3902.0
Cairo_y2020.tif,4499,0.09713269615470105,0.07399310957990664,Cairo,0,11907,3902.0
Cairo_y2020.tif,359,0.008356545961002786,0.15071030640668526,Cairo,1,11820,3902.0
Cairo_y2020.tif,364,0.06868131868131869,0.16479395604395605,Cairo,1,11841,3902.0
Cairo_y2020.tif,242,0.8016528925619835,0.3588636363636364,Cairo,1,11583,3902.0
Cairo_y2020.tif,205,0.5853658536585366,0.31714634146341464,Cairo,0,11611,3902.0
Cairo_y2020.tif,203,0.625615763546798,0.313448275862069,Cairo,0,11637,3902.0
Cairo_y2020.tif,206,0.49514563106796117,0.28237864077669905,Cairo,1,11660,3902.0
Cairo_y2020.tif,559,0.4561717352415027,0.25613595706618963,Cairo,1,11695,3902.0
Cairo_y2020.tif,360,0.20555555555555555,0.24147222222222225,Cairo,1,11761,3902.0
Cairo_y2020.tif,311,0.3440514469453376,0.21340836012861739,Cairo,1,11887,3902.0
Cairo_y2020.tif,436,0.4288990825688073,0.24403669724770644,Cairo,1,11910,3902.0
Cairo_y2020.tif,665,0.4631578947368421,0.2546390977443609,Cairo,1,11940,3902.0
Cairo_y2020.tif,430,0.6348837209302326,0.26358139534883723,Cairo,1,11959,3902.0
Cairo_y2020.tif,9867,0.11543528934833283,0.0943047532177967,Cairo,0,7623,3902.0
Cairo_y2020.tif,1045,0.0,0.05311483253588518,Cairo,0,7453,3902.0
Cairo_y2020.tif,2853,0.15842972309849282,0.12145110410094637,Cairo,0,7503,3902.0
Cairo_y2020.tif,2271,0.010568031704095112,0.057490092470277414,Cairo,0,7849,3902.0
Cairo_y2020.tif,7865,0.03750794659885569,0.07583852511125239,Cairo,0,7967,3902.0
Cairo_y2020.tif,1733,0.0,0.037290825158684364,Cairo,0,8403,3902.0
Cairo_y2020.tif,1947,0.0,0.03857216230097586,Cairo,0,8529,3902.0
Cairo_y2020.tif,29495,0.08120020342430921,0.060579928801491774,Cairo,0,8897,3902.0
Cairo_y2020.tif,2510,0.0350597609561753,0.06762549800796813,Cairo,0,8690,3902.0
Cairo_y2020.tif,1375,0.07636363636363637,0.0735709090909091,Cairo,0,8746,3902.0
Cairo_y2020.tif,2576,0.0,0.04846467391304348,Cairo,0,8808,3902.0
Cairo_y2020.tif,2026,0.004442250740375123,0.0676628825271471,Cairo,0,8845,3902.0
Cairo_y2020.tif,998,0.0,0.02759519038076153,Cairo,0,8916,3902.0
Cairo_y2020.tif,1354,0.0,0.042374446085672084,Cairo,0,8968,3902.0
Cairo_y2020.tif,572,0.0,0.028015734265734265,Cairo,0,8930,3902.0
Cairo_y2020.tif,945,0.0,0.032936507936507944,Cairo,0,8949,3902.0
Cairo_y2020.tif,4095,0.0,0.025238095238095243,Cairo,0,9123,3902.0
Cairo_y2020.tif,1565,0.0076677316293929714,0.06945367412140574,Cairo,0,9083,3902.0
Cairo_y2020.tif,1601,0.0,0.030131168019987508,Cairo,0,9155,3902.0
Cairo_y2020.tif,2084,0.0028790786948176585,0.050789347408829184,Cairo,0,9237,3902.0
Cairo_y2020.tif,989,0.0,0.03773003033367038,Cairo,0,8889,3902.0
Cairo_y2020.tif,802,0.0,0.06748129675810474,Cairo,0,8869,3902.0
Cairo_y2020.tif,1095,0.0,0.05151141552511416,Cairo,0,8881,3902.0
Cairo_y2020.tif,1158,0.0,0.040457685664939555,Cairo,0,8864,3902.0
Cairo_y2020.tif,639,0.0,0.04163536776212832,Cairo,0,8934,3902.0
Cairo_y2020.tif,5517,0.0,0.039103679535979693,Cairo,0,9015,3902.0
Cairo_y2020.tif,37983,0.016454729747518628,0.04090382539557171,Cairo,0,9801,3902.0
Cairo_y2020.tif,3926,0.0,0.030413907284768216,Cairo,0,9590,3902.0
Cairo_y2020.tif,1299,0.0,0.029745958429561202,Cairo,0,9713,3902.0
Cairo_y2020.tif,11612,0.4019979331725801,0.1508275921460558,Cairo,0,9982,3902.0
Cairo_y2020.tif,1016,0.018700787401574805,0.05347933070866142,Cairo,0,9255,3902.0
Cairo_y2020.tif,2299,0.012614180078294911,0.038399304045237066,Cairo,0,9332,3902.0
Cairo_y2020.tif,1125,0.43733333333333335,0.1438,Cairo,0,9340,3902.0
Cairo_y2020.tif,2430,0.17448559670781894,0.0827962962962963,Cairo,0,9522,3902.0
Cairo_y2020.tif,891,0.4298540965207632,0.149320987654321,Cairo,0,9485,3902.0
Cairo_y2020.tif,2703,0.03810580836108028,0.06021827598964114,Cairo,0,9605,3902.0
Cairo_y2020.tif,1066,0.0,0.029183864915572233,Cairo,0,9866,3902.0
Cairo_y2020.tif,17950,0.012813370473537604,0.03217242339832869,Cairo,0,10477,3902.0
Cairo_y2020.tif,2198,0.0,0.05996360327570519,Cairo,0,10241,3902.0
Cairo_y2020.tif,1414,0.03323903818953324,0.11037482319660537,Cairo,0,10486,3902.0
Cairo_y2020.tif,549,0.0,0.05193989071038251,Cairo,0,9720,3902.0
Cairo_y2020.tif,814,0.0,0.044674447174447185,Cairo,0,9770,3902.0
Cairo_y2020.tif,900,0.0,0.061761111111111114,Cairo,0,9752,3902.0
Cairo_y2020.tif,1152,0.07552083333333333,0.12756510416666667,Cairo,0,9815,3902.0
Cairo_y2020.tif,665,0.0,0.04829323308270677,Cairo,0,9845,3902.0
Cairo_y2020.tif,2592,0.0,0.061506558641975316,Cairo,0,10112,3902.0
Cairo_y2020.tif,875,0.0,0.03455428571428572,Cairo,0,9984,3902.0
Cairo_y2020.tif,802,0.0,0.03572942643391521,Cairo,0,11088,3902.0
Cairo_y2020.tif,1295,0.0,0.03520849420849421,Cairo,0,11212,3902.0
Cairo_y2020.tif,4489,0.0,0.022350189351748723,Cairo,0,11258,3902.0
Cairo_y2020.tif,72025,0.020354043734814302,0.034862131204442905,Cairo,0,11002,3902.0
Cairo_y2020.tif,677,0.0,0.02057607090103397,Cairo,0,11071,3902.0
Cairo_y2020.tif,2696,0.0,0.026658011869436202,Cairo,0,11175,3902.0
Cairo_y2020.tif,718,0.0,0.0197075208913649,Cairo,0,11208,3902.0
Cairo_y2020.tif,1200,0.0,0.02370833333333333,Cairo,0,11262,3902.0
Cairo_y2020.tif,645,0.0,0.02408527131782946,Cairo,0,11185,3902.0
Cairo_y2020.tif,974,0.0,0.01884496919917865,Cairo,0,11346,3902.0
Cairo_y2020.tif,1796,0.0,0.02407572383073497,Cairo,0,11406,3902.0
Cairo_y2020.tif,4235,0.0,0.04375442739079103,Cairo,0,11636,3902.0
Cairo_y2020.tif,281,0.0,0.08862989323843415,Cairo,1,11676,3902.0
Cairo_y2020.tif,1306,0.41960183767228176,0.1655053598774885,Cairo,0,10519,3902.0
Cairo_y2020.tif,916,0.7751091703056768,0.28430131004366815,Cairo,0,10565,3902.0
Cairo_y2020.tif,3734,0.03401178361006963,0.08165104445634708,Cairo,0,10661,3902.0
Cairo_y2020.tif,1819,0.0,0.04477735019241341,Cairo,0,10770,3902.0
Cairo_y2020.tif,840,0.0,0.03944047619047619,Cairo,0,10869,3902.0
Cairo_y2020.tif,810,0.0,0.057506172839506174,Cairo,0,10981,3902.0
Cairo_y2020.tif,1094,0.01736745886654479,0.11819012797074953,Cairo,0,11100,3902.0
Cairo_y2020.tif,6671,0.002698246140008994,0.05521061310148404,Cairo,0,11286,3902.0
Cairo_y2020.tif,1757,0.0,0.08433978372225384,Cairo,0,11246,3902.0
Cairo_y2020.tif,1495,0.0,0.03114046822742475,Cairo,0,11293,3902.0
Cairo_y2020.tif,1543,0.0,0.048943616331821135,Cairo,0,11326,3902.0
Cairo_y2020.tif,1220,0.0,0.03520081967213115,Cairo,0,11445,3902.0
Cairo_y2020.tif,1152,0.0,0.04872829861111111,Cairo,0,11528,3902.0
Cairo_y2020.tif,1857,0.0,0.03664243403338719,Cairo,0,11561,3902.0
Cairo_y2020.tif,1661,0.0,0.028494882600842868,Cairo,0,11550,3902.0
Cairo_y2020.tif,1498,0.0,0.030694259012016025,Cairo,0,11663,3902.0
Cairo_y2020.tif,3490,0.0,0.023237822349570204,Cairo,0,11873,3902.0
Cairo_y2020.tif,997,0.0,0.03484453360080242,Cairo,0,11798,3902.0
Cairo_y2020.tif,1749,0.0,0.019934248141795313,Cairo,0,11854,3902.0
Cairo_y2020.tif,1289,0.0,0.027684251357641583,Cairo,0,11923,3902.0
Cairo_y2020.tif,1380,0.0,0.03260144927536233,Cairo,0,11388,3902.0
Cairo_y2020.tif,1044,0.0,0.025378352490421464,Cairo,0,11409,3902.0
Cairo_y2020.tif,2579,0.0,0.03164986428848391,Cairo,0,11503,3902.0
Cairo_y2020.tif,4976,0.0,0.037600482315112545,Cairo,0,11710,3902.0
Cairo_y2020.tif,757,0.0,0.054451783355350065,Cairo,0,11830,3902.0
Cairo_y2020.tif,4740,0.0,0.030287974683544303,Cairo,0,11981,3902.0
Cairo_y2020.tif,729,0.0,0.043662551440329225,Cairo,0,11888,3902.0
Cairo_y2020.tif,810,0.0,0.094,Cairo,1,12114,3902.0
Cairo_y2020.tif,5779,0.0,0.0372676933725558,Cairo,0,12348,3902.0
Cairo_y2020.tif,777,0.0,0.10974903474903476,Cairo,0,12220,3902.0
Cairo_y2020.tif,345,0.0,0.12052173913043478,Cairo,1,11714,3902.0
Cairo_y2020.tif,451,0.0,0.04709534368070954,Cairo,0,11747,3902.0
Cairo_y2020.tif,1915,0.0,0.0398981723237598,Cairo,0,11802,3902.0
Cairo_y2020.tif,1618,0.005562422744128554,0.13431087762669963,Cairo,0,11903,3902.0
Cairo_y2020.tif,1338,0.0,0.052948430493273545,Cairo,0,11945,3902.0
Cairo_y2020.tif,658,0.12006079027355623,0.15712006079027355,Cairo,0,11961,3902.0
Cairo_y2020.tif,2737,0.22725611983924004,0.15001826817683597,Cairo,1,12054,3902.0
Cairo_y2020.tif,510,0.18235294117647058,0.12750980392156863,Cairo,1,11993,3902.0
Cairo_y2020.tif,216,0.08333333333333333,0.1733101851851852,Cairo,1,12014,3902.0
Cairo_y2020.tif,850,0.1811764705882353,0.1517529411764706,Cairo,0,12056,3902.0
Cairo_y2020.tif,604,0.0,0.02741721854304636,Cairo,0,8972,3902.0
Cairo_y2020.tif,679,0.0,0.03557437407952872,Cairo,0,8994,3902.0
Cairo_y2020.tif,1423,0.0,0.02252986647926915,Cairo,0,9164,3902.0
Cairo_y2020.tif,1070,0.0,0.03274766355140187,Cairo,0,9212,3902.0
Cairo_y2020.tif,2274,0.0,0.053256376429199656,Cairo,0,9235,3902.0
Cairo_y2020.tif,5496,0.0,0.019075691411935953,Cairo,0,9304,3902.0
Cairo_y2020.tif,1204,0.0,0.029028239202657808,Cairo,0,9267,3902.0
Cairo_y2020.tif,923,0.0,0.027502708559046594,Cairo,0,9257,3902.0
Cairo_y2020.tif,1623,0.0,0.020998151571164508,Cairo,0,9309,3902.0
Cairo_y2020.tif,951,0.0,0.021056782334384856,Cairo,0,9342,3902.0
Cairo_y2020.tif,481,0.0,0.026767151767151776,Cairo,0,8981,3902.0
Cairo_y2020.tif,548,0.0,0.03658759124087592,Cairo,0,9000,3902.0
Cairo_y2020.tif,873,0.0,0.03533218785796106,Cairo,0,9024,3902.0
Cairo_y2020.tif,506,0.0,0.019673913043478264,Cairo,0,9012,3902.0
Cairo_y2020.tif,645,0.0,0.02992248062015504,Cairo,0,9049,3902.0
Cairo_y2020.tif,1118,0.0,0.034069767441860466,Cairo,0,9040,3902.0
Cairo_y2020.tif,13101,0.0,0.02215479734371422,Cairo,0,9193,3902.0
Cairo_y2020.tif,2866,0.0,0.02222609909281228,Cairo,0,9247,3902.0
Cairo_y2020.tif,9164,0.0,0.025302815364469666,Cairo,0,9475,3902.0
Cairo_y2020.tif,32885,0.005808119203284172,0.028241751558461307,Cairo,0,10191,3902.0
Cairo_y2020.tif,1052,0.0,0.02817965779467681,Cairo,0,9352,3902.0
Cairo_y2020.tif,1936,0.0,0.020211776859504135,Cairo,0,9450,3902.0
Cairo_y2020.tif,1719,0.0,0.02922338568935428,Cairo,0,9411,3902.0
Cairo_y2020.tif,1008,0.0,0.024335317460317467,Cairo,0,9465,3902.0
Cairo_y2020.tif,1057,0.0,0.02818826868495743,Cairo,0,9484,3902.0
Cairo_y2020.tif,2158,0.0,0.030104263206672848,Cairo,0,9678,3902.0
Cairo_y2020.tif,1633,0.0,0.017302510716472746,Cairo,0,9671,3902.0
Cairo_y2020.tif,4703,0.0,0.028323410588985756,Cairo,0,9729,3902.0
Cairo_y2020.tif,6350,0.0,0.021489763779527556,Cairo,0,9805,3902.0
Cairo_y2020.tif,1271,0.0,0.0354366640440598,Cairo,0,9831,3902.0
Cairo_y2020.tif,1319,0.0,0.02249810462471569,Cairo,0,9851,3902.0
Cairo_y2020.tif,754,0.0,0.05942970822281168,Cairo,0,9846,3902.0
Cairo_y2020.tif,753,0.0,0.03652058432934927,Cairo,0,9976,3902.0
Cairo_y2020.tif,1235,0.0,0.023064777327935222,Cairo,0,10101,3902.0
Cairo_y2020.tif,1359,0.0,0.049242089771891095,Cairo,0,10041,3902.0
Cairo_y2020.tif,734,0.0,0.019843324250681197,Cairo,0,10005,3902.0
Cairo_y2020.tif,1310,0.0,0.09135496183206107,Cairo,0,9912,3902.0
Cairo_y2020.tif,3982,0.009794073329984932,0.05001255650426922,Cairo,0,10286,3902.0
Cairo_y2020.tif,2198,0.0,0.051414922656960876,Cairo,0,10088,3902.0
Cairo_y2020.tif,905,0.0,0.03496685082872929,Cairo,0,10169,3902.0
Cairo_y2020.tif,3295,0.12898330804248861,0.05604097116843704,Cairo,0,10123,3902.0
Cairo_y2020.tif,839,0.0,0.051787842669845055,Cairo,0,10220,3902.0
Cairo_y2020.tif,5192,0.27503852080123264,0.12697226502311248,Cairo,0,10382,3902.0
Cairo_y2020.tif,1454,0.024759284731774415,0.09939821182943605,Cairo,0,10326,3902.0
Cairo_y2020.tif,1671,0.013165769000598444,0.09558647516457211,Cairo,0,10356,3902.0
Cairo_y2020.tif,842,0.020190023752969122,0.10618764845605701,Cairo,0,10474,3902.0
Cairo_y2020.tif,2508,0.001993620414673046,0.08787081339712918,Cairo,0,10560,3902.0
Cairo_y2020.tif,584,0.008561643835616438,0.12914383561643836,Cairo,0,10556,3902.0
Cairo_y2020.tif,738,0.10975609756097561,0.14648373983739837,Cairo,0,10569,3902.0
Cairo_y2020.tif,980,0.05204081632653061,0.15317857142857144,Cairo,0,10630,3902.0
Cairo_y2020.tif,698,0.0,0.021862464183381086,Cairo,0,10195,3902.0
Cairo_y2020.tif,823,0.0,0.03913730255164034,Cairo,0,10196,3902.0
Cairo_y2020.tif,609,0.0,0.03167487684729064,Cairo,0,10321,3902.0
Cairo_y2020.tif,591,0.06260575296108291,0.13184433164128595,Cairo,0,10276,3902.0
Cairo_y2020.tif,1757,0.0,0.06040125213431987,Cairo,0,10317,3902.0
Cairo_y2020.tif,797,0.0,0.04778544542032622,Cairo,0,10337,3902.0
Cairo_y2020.tif,669,0.0,0.05391629297458893,Cairo,0,10350,3902.0
Cairo_y2020.tif,2098,0.0,0.04895138226882746,Cairo,0,10413,3902.0
Cairo_y2020.tif,1532,0.0019582245430809398,0.06985966057441254,Cairo,0,10531,3902.0
Cairo_y2020.tif,641,0.0,0.06155226209048362,Cairo,0,10511,3902.0
Cairo_y2020.tif,736,0.002717391304347826,0.12527853260869565,Cairo,0,10521,3902.0
Cairo_y2020.tif,1387,0.0,0.05918168709444845,Cairo,0,10547,3902.0
Cairo_y2020.tif,1027,0.0,0.060389483933787735,Cairo,0,10601,3902.0
Cairo_y2020.tif,2594,0.016191210485736313,0.06099267540478026,Cairo,0,10729,3902.0
Cairo_y2020.tif,708,0.0,0.041744350282485874,Cairo,0,10671,3902.0
Cairo_y2020.tif,3936,0.0,0.04505970528455285,Cairo,0,10725,3902.0
Cairo_y2020.tif,2342,0.002134927412467976,0.08410546541417593,Cairo,0,10817,3902.0
Cairo_y2020.tif,1412,0.0,0.03263101983002833,Cairo,0,10891,3902.0
Cairo_y2020.tif,934,0.0,0.09983940042826553,Cairo,0,10925,3902.0
Cairo_y2020.tif,1336,0.0,0.03622380239520958,Cairo,0,11050,3902.0
Cairo_y2020.tif,1277,0.0007830853563038371,0.07839467501957714,Cairo,0,10682,3902.0
Cairo_y2020.tif,1447,0.0,0.03295093296475467,Cairo,0,10764,3902.0
Cairo_y2020.tif,2169,0.0,0.05908252650991239,Cairo,0,10864,3902.0
Cairo_y2020.tif,547,0.0,0.03063071297989031,Cairo,0,10813,3902.0
Cairo_y2020.tif,638,0.0,0.030893416927899688,Cairo,0,10899,3902.0
Cairo_y2020.tif,1779,0.0,0.061765036537380545,Cairo,0,10930,3902.0
Cairo_y2020.tif,2302,0.0,0.02300608166811468,Cairo,0,11021,3902.0
Cairo_y2020.tif,796,0.0,0.03421482412060302,Cairo,0,10937,3902.0
Cairo_y2020.tif,2102,0.0,0.025019029495718364,Cairo,0,11039,3902.0
Cairo_y2020.tif,1403,0.0,0.029287241625089097,Cairo,0,11209,3902.0
Cairo_y2020.tif,1940,0.4381443298969072,0.15728092783505154,Cairo,0,9142,3902.0
Cairo_y2020.tif,1159,0.3252804141501294,0.13101811906816224,Cairo,0,9210,3902.0
Cairo_y2020.tif,778,0.0,0.0413560411311054,Cairo,0,9254,3902.0
Cairo_y2020.tif,14577,0.017561912602044316,0.03368217054263566,Cairo,0,9477,3902.0
Cairo_y2020.tif,14486,0.00869805329283446,0.022460651663675273,Cairo,0,9577,3902.0
Cairo_y2020.tif,3278,0.43746186699206835,0.14629499694935938,Cairo,0,9400,3902.0
Cairo_y2020.tif,1938,0.8751289989680082,0.21428792569659444,Cairo,0,9413,3902.0
Cairo_y2020.tif,20949,0.04076566900568046,0.047732827342593924,Cairo,0,10094,3902.0
Cairo_y2020.tif,57412,0.009231519542952692,0.03272922037204766,Cairo,0,11375,3902.0
Cairo_y2020.tif,180514,0.011256744629225435,0.031246302225866135,Cairo,0,12618,3902.0
Cairo_y2020.tif,3804,0.0,0.01911671924290221,Cairo,0,9683,3902.0
Cairo_y2020.tif,8192,0.0,0.030643310546875004,Cairo,0,10245,3902.0
Cairo_y2020.tif,6948,0.34628670120898103,0.13090961427748993,Cairo,0,10361,3902.0
Cairo_y2020.tif,6216,0.002574002574002574,0.04025740025740026,Cairo,0,10548,3902.0
Cairo_y2020.tif,2922,0.00034223134839151266,0.09009069130732375,Cairo,0,10935,3902.0
Cairo_y2020.tif,8073,0.0,0.03544469218382262,Cairo,0,10829,3902.0
Cairo_y2020.tif,2145,0.05920745920745921,0.10431701631701631,Cairo,0,11084,3902.0
Cairo_y2020.tif,6737,0.15125426747810597,0.09869600712483302,Cairo,0,11586,3902.0
Cairo_y2020.tif,2165,0.0,0.03841570438799076,Cairo,0,12176,3902.0
Cairo_y2020.tif,2249,0.0,0.01667852378835038,Cairo,0,12397,3902.0
Cairo_y2020.tif,1279,0.0,0.023182173573103985,Cairo,0,12001,3902.0
Cairo_y2020.tif,655,0.0,0.026618320610687026,Cairo,0,11995,3902.0
Cairo_y2020.tif,1920,0.0,0.019653645833333334,Cairo,0,12021,3902.0
Cairo_y2020.tif,856,0.0,0.036098130841121505,Cairo,0,12029,3902.0
Cairo_y2020.tif,1113,0.0,0.041976639712488766,Cairo,0,12070,3902.0
Cairo_y2020.tif,9271,0.0,0.03502642649120915,Cairo,0,12286,3902.0
Cairo_y2020.tif,2846,0.0,0.039039002108222066,Cairo,0,12184,3902.0
Cairo_y2020.tif,1930,0.0,0.09066062176165803,Cairo,0,12205,3902.0
Cairo_y2020.tif,1465,0.0,0.04546075085324232,Cairo,0,12238,3902.0
Cairo_y2020.tif,2162,0.0,0.058843663274745606,Cairo,0,12385,3902.0
Cairo_y2020.tif,847,0.02833530106257379,0.1491676505312869,Cairo,0,12094,3902.0
Cairo_y2020.tif,314,0.0,0.12993630573248408,Cairo,1,12090,3902.0
Cairo_y2020.tif,1770,0.0,0.035418079096045205,Cairo,0,12168,3902.0
Cairo_y2020.tif,366,0.06284153005464481,0.16669398907103825,Cairo,0,12150,3902.0
Cairo_y2020.tif,751,0.0,0.1396005326231691,Cairo,1,12197,3902.0
Cairo_y2020.tif,322,0.062111801242236024,0.18097826086956523,Cairo,0,12212,3902.0
Cairo_y2020.tif,803,0.012453300124533,0.09557907845579078,Cairo,1,12206,3902.0
Cairo_y2020.tif,174,0.0,0.13290229885057472,Cairo,1,12211,3902.0
Cairo_y2020.tif,259,0.0,0.16175675675675674,Cairo,1,12221,3902.0
Cairo_y2020.tif,1549,0.0,0.06204648160103293,Cairo,0,12272,3902.0
Cairo_y2020.tif,2431,0.0,0.023681612505141916,Cairo,0,11980,3902.0
Cairo_y2020.tif,2565,0.0,0.03973489278752437,Cairo,0,12121,3902.0
Cairo_y2020.tif,1255,0.0,0.035952191235059765,Cairo,0,12088,3902.0
Cairo_y2020.tif,2475,0.0,0.05380404040404041,Cairo,0,12100,3902.0
Cairo_y2020.tif,1739,0.0,0.03311673375503163,Cairo,0,12153,3902.0
Cairo_y2020.tif,1452,0.0,0.03418044077134987,Cairo,0,12255,3902.0
Cairo_y2020.tif,1392,0.0,0.04603448275862069,Cairo,0,12316,3902.0
Cairo_y2020.tif,1243,0.0,0.03170152855993564,Cairo,0,12313,3902.0
Cairo_y2020.tif,3249,0.0,0.04713450292397661,Cairo,0,12396,3902.0
Cairo_y2020.tif,2522,0.0,0.056724821570182396,Cairo,0,12474,3902.0
Cairo_y2020.tif,670,0.0,0.08779850746268657,Cairo,0,12245,3902.0
Cairo_y2020.tif,500,0.0,0.051340000000000004,Cairo,0,12315,3902.0
Cairo_y2020.tif,2241,0.0,0.11259705488621151,Cairo,1,12417,3902.0
Cairo_y2020.tif,290,0.0,0.06522413793103447,Cairo,0,12337,3902.0
Cairo_y2020.tif,623,0.004815409309791332,0.149991974317817,Cairo,0,12370,3902.0
Cairo_y2020.tif,429,0.0,0.11341491841491842,Cairo,0,12364,3902.0
Cairo_y2020.tif,283,0.0,0.0580035335689046,Cairo,0,12391,3902.0
Cairo_y2020.tif,418,0.0,0.15699760765550239,Cairo,0,12395,3902.0
Cairo_y2020.tif,474,0.0,0.14550632911392405,Cairo,0,12456,3902.0
Cairo_y2020.tif,421,0.0,0.14859857482185274,Cairo,0,12430,3902.0
Cairo_y2020.tif,278,0.03597122302158273,0.15424460431654674,Cairo,0,12289,3902.0
Cairo_y2020.tif,1582,0.0,0.09274336283185841,Cairo,1,12350,3902.0
Cairo_y2020.tif,906,0.004415011037527594,0.1490121412803532,Cairo,1,12381,3902.0
Cairo_y2020.tif,241,0.0,0.15151452282157676,Cairo,0,12345,3902.0
Cairo_y2020.tif,754,0.0,0.04175729442970823,Cairo,0,12444,3902.0
Cairo_y2020.tif,1116,0.0,0.0357258064516129,Cairo,0,12410,3902.0
Cairo_y2020.tif,250,0.0,0.1355,Cairo,0,12377,3902.0
Cairo_y2020.tif,315,0.022222222222222223,0.16874603174603175,Cairo,0,12414,3902.0
Cairo_y2020.tif,965,0.0,0.08686010362694299,Cairo,0,12460,3902.0
Cairo_y2020.tif,292,0.0,0.10306506849315068,Cairo,1,12447,3902.0
Cairo_y2020.tif,815,0.0,0.04162576687116565,Cairo,0,12404,3902.0
Cairo_y2020.tif,1201,0.0,0.04194421315570358,Cairo,0,12383,3902.0
Cairo_y2020.tif,1021,0.0,0.0378158667972576,Cairo,0,12416,3902.0
Cairo_y2020.tif,1774,0.0,0.04541149943630214,Cairo,0,12492,3902.0
Cairo_y2020.tif,918,0.0,0.04046840958605665,Cairo,0,12487,3902.0
Cairo_y2020.tif,2737,0.0,0.04120021921812203,Cairo,0,12589,3902.0
Cairo_y2020.tif,1430,0.0,0.050045454545454546,Cairo,0,12515,3902.0
Cairo_y2020.tif,965,0.015544041450777202,0.12227461139896373,Cairo,0,12527,3902.0
Cairo_y2020.tif,1981,0.2407874810701666,0.20492428066633014,Cairo,0,12630,3902.0
Cairo_y2020.tif,1893,0.0,0.03611199154780772,Cairo,0,12651,3902.0
Cairo_y2020.tif,618,0.0,0.0875242718446602,Cairo,0,12433,3902.0
Cairo_y2020.tif,1315,0.0022813688212927757,0.10739543726235741,Cairo,1,12484,3902.0
Cairo_y2020.tif,501,0.0,0.13867265469061876,Cairo,0,12467,3902.0
Cairo_y2020.tif,498,0.0,0.1434136546184739,Cairo,1,12480,3902.0
Cairo_y2020.tif,334,0.0,0.15413173652694612,Cairo,1,12497,3902.0
Cairo_y2020.tif,515,0.001941747572815534,0.15145631067961166,Cairo,0,12499,3902.0
Cairo_y2020.tif,220,0.01818181818181818,0.18874999999999997,Cairo,0,12512,3902.0
Cairo_y2020.tif,555,0.0,0.10985585585585586,Cairo,1,12517,3902.0
Cairo_y2020.tif,613,0.011419249592169658,0.1463784665579119,Cairo,1,12537,3902.0
Cairo_y2020.tif,1353,0.0007390983000739098,0.1316740576496674,Cairo,1,12577,3902.0
Cairo_y2020.tif,336,0.0,0.05264880952380953,Cairo,0,12457,3902.0
Cairo_y2020.tif,929,0.0,0.07477395048439182,Cairo,1,12519,3902.0
Cairo_y2020.tif,380,0.0,0.1065,Cairo,0,12496,3902.0
Cairo_y2020.tif,299,0.0,0.047608695652173905,Cairo,0,12505,3902.0
Cairo_y2020.tif,252,0.0,0.10297619047619047,Cairo,0,12520,3902.0
Cairo_y2020.tif,255,0.0,0.09586274509803921,Cairo,0,12540,3902.0
Cairo_y2020.tif,771,0.0,0.07500648508430609,Cairo,0,12556,3902.0
Cairo_y2020.tif,621,0.00322061191626409,0.10005636070853462,Cairo,0,12587,3902.0
Cairo_y2020.tif,1174,0.2402044293015332,0.18111584327086883,Cairo,1,12570,3902.0
Cairo_y2020.tif,386,0.0,0.10847150259067359,Cairo,0,12583,3902.0
Cairo_y2020.tif,607,0.008237232289950576,0.0942833607907743,Cairo,0,12547,3902.0
Cairo_y2020.tif,362,0.0,0.0794475138121547,Cairo,1,12563,3902.0
Cairo_y2020.tif,231,0.22943722943722944,0.17900432900432897,Cairo,1,12564,3902.0
Cairo_y2020.tif,904,0.030973451327433628,0.13193030973451328,Cairo,0,12622,3902.0
Cairo_y2020.tif,304,0.0,0.0815953947368421,Cairo,0,12603,3902.0
Cairo_y2020.tif,369,0.0,0.04058265582655827,Cairo,0,12628,3902.0
Cairo_y2020.tif,604,0.1490066225165563,0.17774006622516558,Cairo,1,12648,3902.0
Cairo_y2020.tif,1320,0.0,0.07600757575757576,Cairo,1,12682,3902.0
Cairo_y2020.tif,344,0.0,0.06473837209302326,Cairo,0,12649,3902.0
Cairo_y2020.tif,222,0.0,0.08945945945945946,Cairo,0,12678,3902.0
Cairo_y2020.tif,825,0.037575757575757575,0.1262060606060606,Cairo,0,12593,3902.0
Cairo_y2020.tif,340,0.0,0.11923529411764708,Cairo,1,12609,3902.0
Cairo_y2020.tif,375,0.0,0.15,Cairo,1,12626,3902.0
Cairo_y2020.tif,420,0.20714285714285716,0.18798809523809523,Cairo,0,12662,3902.0
Cairo_y2020.tif,514,0.0019455252918287938,0.1308657587548638,Cairo,0,12677,3902.0
Cairo_y2020.tif,1128,0.0,0.052969858156028365,Cairo,0,12715,3902.0
Cairo_y2020.tif,494,0.0020242914979757085,0.09357287449392712,Cairo,0,12702,3902.0
Cairo_y2020.tif,841,0.41854934601664684,0.2221819262782402,Cairo,1,12724,3902.0
Cairo_y2020.tif,602,0.0,0.064078073089701,Cairo,0,12761,3902.0
Cairo_y2020.tif,206,1.0,0.35143203883495144,Cairo,1,12742,3902.0
Cairo_y2020.tif,1520,0.0,0.03215789473684211,Cairo,0,11042,3902.0
Cairo_y2020.tif,747,0.0,0.027028112449799198,Cairo,0,11072,3902.0
Cairo_y2020.tif,2678,0.08775205377147124,0.07957991038088126,Cairo,0,11108,3902.0
Cairo_y2020.tif,2405,0.0,0.026486486486486487,Cairo,0,11266,3902.0
Cairo_y2020.tif,683,0.0,0.019663250366032208,Cairo,0,11194,3902.0
Cairo_y2020.tif,2278,0.0,0.02309482001755926,Cairo,0,11274,3902.0
Cairo_y2020.tif,1935,0.0,0.035217054263565896,Cairo,0,11466,3902.0
Cairo_y2020.tif,4104,0.0,0.025858918128654977,Cairo,0,11418,3902.0
Cairo_y2020.tif,786,0.0,0.026755725190839696,Cairo,0,11417,3902.0
Cairo_y2020.tif,3247,0.0006159531875577456,0.06522020326455188,Cairo,0,11392,3902.0
Cairo_y2020.tif,2558,0.0,0.02801798279906177,Cairo,0,11280,3902.0
Cairo_y2020.tif,1393,0.09045226130653267,0.13783560660445082,Cairo,0,11271,3902.0
Cairo_y2020.tif,2945,0.0,0.05129032258064516,Cairo,0,11412,3902.0
Cairo_y2020.tif,686,0.0,0.06315597667638484,Cairo,0,11213,3902.0
Cairo_y2020.tif,1419,0.0,0.07625088090204368,Cairo,0,11422,3902.0
Cairo_y2020.tif,1290,0.0,0.0555,Cairo,0,11334,3902.0
Cairo_y2020.tif,1771,0.0,0.05252399774138904,Cairo,0,11464,3902.0
Cairo_y2020.tif,896,0.0,0.03779575892857144,Cairo,0,11526,3902.0
Cairo_y2020.tif,1873,0.0,0.028643886812600106,Cairo,0,11572,3902.0
Cairo_y2020.tif,1800,0.0,0.064025,Cairo,0,11624,3902.0
Cairo_y2020.tif,2202,0.02815622161671208,0.06936194368755677,Cairo,0,11424,3902.0
Cairo_y2020.tif,1194,0.06281407035175879,0.07359715242881072,Cairo,0,11604,3902.0
Cairo_y2020.tif,2089,0.0,0.03297032072762087,Cairo,0,11558,3902.0
Cairo_y2020.tif,4140,0.0,0.03371618357487924,Cairo,0,11850,3902.0
Cairo_y2020.tif,2294,0.2157802964254577,0.10277898866608545,Cairo,0,11775,3902.0
Cairo_y2020.tif,2486,0.0,0.031649235720032184,Cairo,0,11881,3902.0
Cairo_y2020.tif,877,0.0,0.03409920182440137,Cairo,0,11913,3902.0
Cairo_y2020.tif,3159,0.0,0.03829376384931941,Cairo,0,11927,3902.0
Cairo_y2020.tif,796,0.0,0.032952261306532664,Cairo,0,11962,3902.0
Cairo_y2020.tif,1963,0.0,0.024121242995415185,Cairo,0,12079,3902.0
Cairo_y2020.tif,867,0.0,0.03350634371395617,Cairo,0,11656,3902.0
Cairo_y2020.tif,1989,0.0,0.04570889894419306,Cairo,0,11650,3902.0
Cairo_y2020.tif,1352,0.0,0.0501146449704142,Cairo,0,11778,3902.0
Cairo_y2020.tif,898,0.0,0.03247772828507796,Cairo,0,11731,3902.0
Cairo_y2020.tif,871,0.0,0.02301377726750861,Cairo,0,11801,3902.0
Cairo_y2020.tif,928,0.0,0.04262392241379311,Cairo,0,11843,3902.0
Cairo_y2020.tif,1894,0.0,0.0728247096092925,Cairo,0,11915,3902.0
Cairo_y2020.tif,2366,0.0,0.025095097210481827,Cairo,0,11844,3902.0
Cairo_y2020.tif,2226,0.0,0.034364330637915545,Cairo,0,11984,3902.0
Cairo_y2020.tif,1178,0.0,0.029108658743633276,Cairo,0,12015,3902.0
Cairo_y2020.tif,1178,0.0,0.03483446519524618,Cairo,0,12041,3902.0
Cairo_y2020.tif,3285,0.0,0.03235159817351598,Cairo,0,12124,3902.0
Cairo_y2020.tif,1495,0.0,0.04263545150501672,Cairo,0,12147,3902.0
Cairo_y2020.tif,3272,0.0,0.03118123471882641,Cairo,0,12198,3902.0
Cairo_y2020.tif,1424,0.0,0.021917134831460676,Cairo,0,12209,3902.0
Cairo_y2020.tif,1623,0.0,0.045964263709180525,Cairo,0,12295,3902.0
Cairo_y2020.tif,2627,0.0,0.02706509326227636,Cairo,0,12329,3902.0
Cairo_y2020.tif,1742,0.0,0.023062571756601615,Cairo,0,12446,3902.0
Cairo_y2020.tif,11561,0.005103364760833838,0.053769137617853124,Cairo,0,12586,3902.0
Cairo_y2020.tif,1210,0.0,0.018293388429752065,Cairo,0,12479,3902.0
Cairo_y2020.tif,1307,0.117061973986228,0.07535195103289977,Cairo,0,12528,3902.0
Cairo_y2020.tif,3603,0.17346655564807106,0.15127532611712463,Cairo,0,12657,3902.0
Cairo_y2020.tif,1466,0.0,0.03310709413369714,Cairo,0,12585,3902.0
Cairo_y2020.tif,1387,0.0,0.029030281182408076,Cairo,0,12600,3902.0
Cairo_y2020.tif,1423,0.6865776528460998,0.23660927617709068,Cairo,0,12647,3902.0
Cairo_y2020.tif,1206,0.005804311774461028,0.08689883913764511,Cairo,0,12663,3902.0
Cairo_y2020.tif,1575,0.0,0.04914603174603175,Cairo,0,12727,3902.0
Cairo_y2020.tif,2269,0.0,0.021663728514764214,Cairo,0,12797,3902.0
Cairo_y2020.tif,1638,0.0,0.07086996336996337,Cairo,0,12747,3902.0
Cairo_y2020.tif,2530,0.0,0.02385177865612648,Cairo,0,12822,3902.0
Cairo_y2020.tif,1068,0.0,0.033679775280898876,Cairo,0,12440,3902.0
Cairo_y2020.tif,5845,0.014884516680923866,0.0786655260906758,Cairo,0,12529,3902.0
Cairo_y2020.tif,2313,0.009511456982274102,0.08331387808041504,Cairo,0,12640,3902.0
Cairo_y2020.tif,2617,0.0,0.0496025983951089,Cairo,0,12635,3902.0
Cairo_y2020.tif,2261,0.0,0.06535824856258292,Cairo,0,12690,3902.0
Cairo_y2020.tif,1456,0.0,0.04178914835164836,Cairo,0,12707,3902.0
Cairo_y2020.tif,3424,0.02453271028037383,0.037462032710280375,Cairo,0,12739,3902.0
Cairo_y2020.tif,1728,0.12210648148148148,0.1165769675925926,Cairo,0,12731,3902.0
Cairo_y2020.tif,1150,0.0,0.0307695652173913,Cairo,0,12758,3902.0
Cairo_y2020.tif,1477,0.0,0.029834123222748813,Cairo,0,12829,3902.0
Cairo_y2020.tif,2218,0.0,0.03134129846708747,Cairo,0,12390,3902.0
Cairo_y2020.tif,2885,0.0,0.028615251299826693,Cairo,0,12575,3902.0
Cairo_y2020.tif,1590,0.0,0.02066037735849056,Cairo,0,12638,3902.0
Cairo_y2020.tif,995,0.0,0.01906532663316583,Cairo,0,12680,3902.0
Cairo_y2020.tif,1089,0.0,0.02108815426997245,Cairo,0,12718,3902.0
Cairo_y2020.tif,1937,0.0,0.026313887454827056,Cairo,0,12802,3902.0
Cairo_y2020.tif,2204,0.0,0.039859346642468235,Cairo,0,12987,3902.0
Cairo_y2020.tif,1314,0.0,0.06132039573820396,Cairo,0,12980,3902.0
Cairo_y2020.tif,3238,0.004323656578134651,0.05293699814700433,Cairo,0,13071,3902.0
Cairo_y2020.tif,2982,0.01039570757880617,0.0841297786720322,Cairo,0,13162,3902.0
Cairo_y2020.tif,1774,0.037767756482525366,0.06308906426155582,Cairo,0,12425,3902.0
Cairo_y2020.tif,2481,0.0,0.040237807335751705,Cairo,0,12534,3902.0
Cairo_y2020.tif,1320,0.0,0.040965909090909094,Cairo,0,12544,3902.0
Cairo_y2020.tif,9581,0.0,0.030069408203736565,Cairo,0,12775,3902.0
Cairo_y2020.tif,1829,0.0,0.07251503553854564,Cairo,0,12668,3902.0
Cairo_y2020.tif,2198,0.0,0.03944267515923567,Cairo,0,12692,3902.0
Cairo_y2020.tif,81774,0.018502213417467654,0.04015665125834617,Cairo,0,13339,3902.0
Cairo_y2020.tif,4022,0.0,0.027455246146195926,Cairo,0,12889,3902.0
Cairo_y2020.tif,2105,0.0,0.035315914489311165,Cairo,0,13222,3902.0
Cairo_y2020.tif,1787,0.0,0.049728595411303866,Cairo,0,13326,3902.0
Cairo_y2020.tif,2155,0.027842227378190254,0.07988399071925754,Cairo,0,12787,3902.0
Cairo_y2020.tif,1834,0.0,0.062298255179934585,Cairo,0,12882,3902.0
Cairo_y2020.tif,1779,0.017987633501967398,0.09293423271500843,Cairo,0,12879,3902.0
Cairo_y2020.tif,526,0.0,0.04672053231939164,Cairo,0,12865,3902.0
Cairo_y2020.tif,2776,0.023054755043227664,0.09982528818443805,Cairo,0,12931,3902.0
Cairo_y2020.tif,356,0.0,0.039466292134831465,Cairo,0,12894,3902.0
Cairo_y2020.tif,268,0.0,0.04132462686567164,Cairo,0,12901,3902.0
Cairo_y2020.tif,794,0.610831234256927,0.2226007556675063,Cairo,0,12934,3902.0
Cairo_y2020.tif,598,0.06521739130434782,0.16384615384615384,Cairo,0,12985,3902.0
Cairo_y2020.tif,1191,0.0,0.06083963056255248,Cairo,0,12953,3902.0
Cairo_y2020.tif,825,0.14666666666666667,0.18466060606060605,Cairo,1,12658,3902.0
Cairo_y2020.tif,449,0.289532293986637,0.2241759465478842,Cairo,1,12674,3902.0
Cairo_y2020.tif,1206,0.0,0.04540630182421227,Cairo,0,12699,3902.0
Cairo_y2020.tif,956,0.05439330543933055,0.13255753138075313,Cairo,0,12701,3902.0
Cairo_y2020.tif,971,0.02265705458290422,0.1299794026776519,Cairo,0,12740,3902.0
Cairo_y2020.tif,647,0.010819165378670788,0.1195517774343122,Cairo,1,12752,3902.0
Cairo_y2020.tif,539,0.0,0.11236549165120595,Cairo,0,12763,3902.0
Cairo_y2020.tif,200,0.0,0.10662500000000001,Cairo,1,12744,3902.0
Cairo_y2020.tif,275,0.0,0.12738181818181818,Cairo,1,12768,3902.0
Cairo_y2020.tif,279,0.0,0.07974910394265233,Cairo,0,12792,3902.0
Cairo_y2020.tif,655,0.035114503816793895,0.1186793893129771,Cairo,0,12698,3902.0
Cairo_y2020.tif,1246,0.07704654895666131,0.10553370786516854,Cairo,0,12759,3902.0
Cairo_y2020.tif,1281,0.3286494925839188,0.17302107728337235,Cairo,0,12772,3902.0
Cairo_y2020.tif,770,0.0,0.0505,Cairo,1,12766,3902.0
Cairo_y2020.tif,426,0.24178403755868544,0.1848943661971831,Cairo,1,12779,3902.0
Cairo_y2020.tif,716,0.4371508379888268,0.21164804469273746,Cairo,1,12805,3902.0
Cairo_y2020.tif,208,0.0,0.09358173076923076,Cairo,1,12794,3902.0
Cairo_y2020.tif,379,0.0,0.09315303430079155,Cairo,0,12816,3902.0
Cairo_y2020.tif,1328,0.07003012048192771,0.10373117469879518,Cairo,1,12863,3902.0
Cairo_y2020.tif,280,0.0,0.12042857142857143,Cairo,0,12860,3902.0
Cairo_y2020.tif,522,0.0,0.08956896551724139,Cairo,0,12778,3902.0
Cairo_y2020.tif,587,0.0,0.06201022146507667,Cairo,0,12821,3902.0
Cairo_y2020.tif,745,0.0,0.06839597315436242,Cairo,0,12838,3902.0
Cairo_y2020.tif,360,0.0,0.13220833333333332,Cairo,1,12832,3902.0
Cairo_y2020.tif,387,0.7803617571059431,0.288062015503876,Cairo,1,12848,3902.0
Cairo_y2020.tif,635,0.0,0.0861023622047244,Cairo,0,12857,3902.0
Cairo_y2020.tif,2061,0.008248423095584668,0.09314410480349346,Cairo,0,13054,3902.0
Cairo_y2020.tif,305,0.0,0.11437704918032789,Cairo,1,12880,3902.0
Cairo_y2020.tif,737,0.010854816824966078,0.09885345997286295,Cairo,0,12872,3902.0
Cairo_y2020.tif,383,0.0,0.052180156657963446,Cairo,0,12907,3902.0
Cairo_y2020.tif,1801,0.0555247084952804,0.13546085508051084,Cairo,0,12915,3902.0
Cairo_y2020.tif,352,0.0,0.1372159090909091,Cairo,1,12884,3902.0
Cairo_y2020.tif,880,0.0,0.029761363636363638,Cairo,0,12903,3902.0
Cairo_y2020.tif,439,0.0,0.16355353075170845,Cairo,1,12930,3902.0
Cairo_y2020.tif,505,0.0,0.043524752475247536,Cairo,0,12939,3902.0
Cairo_y2020.tif,351,0.0,0.10252136752136752,Cairo,1,12950,3902.0
Cairo_y2020.tif,864,0.013888888888888888,0.12969907407407408,Cairo,1,12923,3902.0
Cairo_y2020.tif,845,0.4035502958579882,0.21160946745562131,Cairo,0,12992,3902.0
Cairo_y2020.tif,1734,0.157439446366782,0.17265282583621683,Cairo,0,13035,3902.0
Cairo_y2020.tif,257,0.0,0.0995330739299611,Cairo,0,13032,3902.0
Cairo_y2020.tif,679,0.8262150220913107,0.3214948453608248,Cairo,1,12904,3902.0
Cairo_y2020.tif,500,0.346,0.18079000000000003,Cairo,1,12945,3902.0
Cairo_y2020.tif,472,0.0,0.0585063559322034,Cairo,1,12954,3902.0
Cairo_y2020.tif,1008,0.5615079365079365,0.24599206349206348,Cairo,0,12990,3902.0
Cairo_y2020.tif,1377,0.9949164851125636,0.38859477124183006,Cairo,1,12997,3902.0
Cairo_y2020.tif,716,0.0,0.07129888268156426,Cairo,0,13001,3902.0
Cairo_y2020.tif,405,0.05185185185185185,0.146679012345679,Cairo,1,13029,3902.0
Cairo_y2020.tif,316,0.0,0.0544620253164557,Cairo,1,13056,3902.0
Cairo_y2020.tif,393,0.7302798982188295,0.3233078880407125,Cairo,1,13069,3902.0
Cairo_y2020.tif,271,0.5313653136531366,0.28278597785977855,Cairo,1,13065,3902.0
Cairo_y2020.tif,328,0.0,0.08946646341463414,Cairo,0,12820,3902.0
Cairo_y2020.tif,319,0.0,0.09148902821316614,Cairo,1,12845,3902.0
Cairo_y2020.tif,1092,0.0,0.06053571428571429,Cairo,0,12935,3902.0
Cairo_y2020.tif,896,0.6127232142857143,0.2233314732142857,Cairo,0,13000,3902.0
Cairo_y2020.tif,521,0.026871401151631478,0.06816698656429943,Cairo,0,12982,3902.0
Cairo_y2020.tif,20717,0.11372302939614809,0.08355070714871844,Cairo,0,13387,3902.0
Cairo_y2020.tif,1181,0.13124470787468248,0.08856477561388655,Cairo,0,13041,3902.0
Cairo_y2020.tif,658,0.0,0.03199848024316109,Cairo,0,13073,3902.0
Cairo_y2020.tif,765,0.0,0.021758169934640522,Cairo,0,13118,3902.0
Cairo_y2020.tif,1183,0.7878275570583263,0.26608199492814877,Cairo,0,13127,3902.0
Cairo_y2020.tif,728,0.09203296703296704,0.15258928571428573,Cairo,0,13059,3902.0
Cairo_y2020.tif,1447,0.05736005528680028,0.1287733241188666,Cairo,0,13126,3902.0
Cairo_y2020.tif,370,0.0,0.04518918918918918,Cairo,0,13117,3902.0
Cairo_y2020.tif,346,0.0,0.05728323699421965,Cairo,0,13142,3902.0
Cairo_y2020.tif,409,0.0,0.05711491442542787,Cairo,0,13159,3902.0
Cairo_y2020.tif,422,0.0,0.09137440758293838,Cairo,0,13155,3902.0
Cairo_y2020.tif,331,0.0,0.05418429003021149,Cairo,0,13163,3902.0
Cairo_y2020.tif,667,0.0,0.05143178410794603,Cairo,0,13181,3902.0
Cairo_y2020.tif,126,0.0,0.035952380952380944,Cairo,0,13180,3902.0
Cairo_y2020.tif,442,0.0,0.053891402714932125,Cairo,0,13196,3902.0
Cairo_y2020.tif,464,0.0,0.04342672413793104,Cairo,0,13089,3902.0
Cairo_y2020.tif,395,0.010126582278481013,0.12853164556962024,Cairo,1,13097,3902.0
Cairo_y2020.tif,472,0.0847457627118644,0.19779661016949152,Cairo,0,13134,3902.0
Cairo_y2020.tif,558,0.41397849462365593,0.2745519713261649,Cairo,1,13120,3902.0
Cairo_y2020.tif,2567,0.1472536034281262,0.13369887027658747,Cairo,0,13172,3902.0
Cairo_y2020.tif,239,0.0041841004184100415,0.16849372384937236,Cairo,0,13132,3902.0
Cairo_y2020.tif,151,0.7152317880794702,0.27360927152317877,Cairo,0,13141,3902.0
Cairo_y2020.tif,104,0.0,0.15942307692307695,Cairo,0,13147,3902.0
Cairo_y2020.tif,367,0.9836512261580381,0.35431880108991826,Cairo,1,13168,3902.0
Cairo_y2020.tif,209,0.5550239234449761,0.28138755980861246,Cairo,1,13160,3902.0
Cairo_y2020.tif,319,1.0,0.4052978056426332,Cairo,0,13190,3902.0
Cairo_y2020.tif,548,1.0,0.40564781021897806,Cairo,1,13193,3902.0
Cairo_y2020.tif,304,0.10197368421052631,0.1895230263157895,Cairo,0,13207,3902.0
Cairo_y2020.tif,472,0.7754237288135594,0.29429025423728816,Cairo,0,13220,3902.0
Cairo_y2020.tif,203,0.8669950738916257,0.3027586206896552,Cairo,0,13216,3902.0
Cairo_y2020.tif,406,1.0,0.3529310344827587,Cairo,0,13232,3902.0
Cairo_y2020.tif,213,1.0,0.43596244131455403,Cairo,1,13229,3902.0
Cairo_y2020.tif,406,1.0,0.4027216748768473,Cairo,1,13257,3902.0
Cairo_y2020.tif,359,1.0,0.41608635097493035,Cairo,1,13286,3902.0
Cairo_y2020.tif,145,1.0,0.43851724137931036,Cairo,1,13267,3902.0
Cairo_y2020.tif,14630,0.09733424470266576,0.1002652084757348,Cairo,0,13498,3902.0
Cairo_y2020.tif,714,0.0,0.04084733893557423,Cairo,0,13397,3902.0
Cairo_y2020.tif,526,0.0,0.03149239543726236,Cairo,1,13382,3902.0
Cairo_y2020.tif,451,0.0,0.03382483370288249,Cairo,0,13404,3902.0
Cairo_y2020.tif,493,0.0,0.027555780933062886,Cairo,0,13455,3902.0
Cairo_y2020.tif,786,0.5368956743002544,0.2015267175572519,Cairo,0,13522,3902.0
Cairo_y2020.tif,294,0.0,0.04727891156462586,Cairo,1,13503,3902.0
Cairo_y2020.tif,430,0.0,0.03456976744186047,Cairo,0,13533,3902.0
Cairo_y2020.tif,642,0.0,0.0445404984423676,Cairo,0,13561,3902.0
Cairo_y2020.tif,2057,0.007778317938745746,0.05136120563928051,Cairo,0,13672,3902.0
Cairo_y2020.tif,1760,0.0,0.02411363636363636,Cairo,0,12833,3902.0
Cairo_y2020.tif,4278,0.0,0.034518466573165034,Cairo,0,12866,3902.0
Cairo_y2020.tif,2256,0.0,0.05020168439716312,Cairo,0,12887,3902.0
Cairo_y2020.tif,2769,0.0,0.04051643192488263,Cairo,0,12912,3902.0
Cairo_y2020.tif,1699,0.0,0.03415538552089465,Cairo,0,12967,3902.0
Cairo_y2020.tif,1367,0.0,0.02177761521580102,Cairo,0,12968,3902.0
Cairo_y2020.tif,2375,0.0,0.02322315789473684,Cairo,0,12963,3902.0
Cairo_y2020.tif,3028,0.06704095112285337,0.07464167767503303,Cairo,0,13058,3902.0
Cairo_y2020.tif,2967,0.0,0.05673407482305359,Cairo,0,13079,3902.0
Cairo_y2020.tif,3318,0.0,0.03668776371308017,Cairo,0,13119,3902.0
Cairo_y2020.tif,1521,0.0,0.07102564102564103,Cairo,0,13037,3902.0
Cairo_y2020.tif,170,0.047058823529411764,0.2063235294117647,Cairo,1,13011,3902.0
Cairo_y2020.tif,260,0.3230769230769231,0.2245,Cairo,1,13063,3902.0
Cairo_y2020.tif,865,0.0,0.0726936416184971,Cairo,0,13084,3902.0
Cairo_y2020.tif,201,0.0,0.16875621890547265,Cairo,0,13077,3902.0
Cairo_y2020.tif,1341,0.12229679343773303,0.12689410887397465,Cairo,0,13098,3902.0
Cairo_y2020.tif,220,0.004545454545454545,0.18511363636363634,Cairo,1,13107,3902.0
Cairo_y2020.tif,4097,0.49743714913351234,0.18956675616304614,Cairo,0,13263,3902.0
Cairo_y2020.tif,307,0.43322475570032576,0.22457654723127032,Cairo,1,13179,3902.0
Cairo_y2020.tif,1144,0.6459790209790209,0.23633304195804197,Cairo,0,13255,3902.0
Cairo_y2020.tif,3221,0.0,0.057016454517230676,Cairo,0,13151,3902.0
Cairo_y2020.tif,3436,0.0,0.05488649592549477,Cairo,0,13088,3902.0
Cairo_y2020.tif,1833,0.0,0.05868248772504093,Cairo,0,13167,3902.0
Cairo_y2020.tif,1904,0.0021008403361344537,0.0404779411764706,Cairo,0,13292,3902.0
Cairo_y2020.tif,1818,0.0,0.06575082508250825,Cairo,0,13308,3902.0
Cairo_y2020.tif,2139,0.12482468443197756,0.10807386629266012,Cairo,0,13251,3902.0
Cairo_y2020.tif,1599,0.0,0.039690431519699816,Cairo,0,13332,3902.0
Cairo_y2020.tif,1043,0.0,0.12062799616490892,Cairo,0,13368,3902.0
Cairo_y2020.tif,1788,0.012304250559284116,0.05912192393736018,Cairo,0,13426,3902.0
Cairo_y2020.tif,1538,0.0,0.03730494148244473,Cairo,0,13437,3902.0
Cairo_y2020.tif,2249,0.0,0.03231658514895509,Cairo,0,13164,3902.0
Cairo_y2020.tif,1754,0.0,0.06748859749144813,Cairo,0,13223,3902.0
Cairo_y2020.tif,1927,0.006227296315516347,0.06766735858847953,Cairo,0,13194,3902.0
Cairo_y2020.tif,3088,0.06703367875647669,0.07520077720207255,Cairo,0,13260,3902.0
Cairo_y2020.tif,1166,0.0,0.02657804459691252,Cairo,0,13320,3902.0
Cairo_y2020.tif,348,0.13218390804597702,0.13471264367816094,Cairo,0,13302,3902.0
Cairo_y2020.tif,4762,0.0,0.03917891642167157,Cairo,0,13459,3902.0
Cairo_y2020.tif,305,0.0,0.06259016393442624,Cairo,0,13352,3902.0
Cairo_y2020.tif,569,0.0,0.10696836555360281,Cairo,0,13358,3902.0
Cairo_y2020.tif,1039,0.0,0.054076034648700685,Cairo,0,13436,3902.0
Cairo_y2020.tif,331,0.7643504531722054,0.27356495468277947,Cairo,0,13246,3902.0
Cairo_y2020.tif,290,0.6137931034482759,0.25758620689655176,Cairo,0,13226,3902.0
Cairo_y2020.tif,842,0.21852731591448932,0.18143705463182896,Cairo,1,13301,3902.0
Cairo_y2020.tif,264,0.36363636363636365,0.23001893939393941,Cairo,0,13304,3902.0
Cairo_y2020.tif,800,0.4925,0.24135624999999997,Cairo,1,13287,3902.0
Cairo_y2020.tif,392,0.08163265306122448,0.12450255102040816,Cairo,0,13340,3902.0
Cairo_y2020.tif,384,0.8567708333333334,0.2640364583333333,Cairo,1,13360,3902.0
Cairo_y2020.tif,1434,0.001394700139470014,0.1477370990237099,Cairo,0,13350,3902.0
Cairo_y2020.tif,729,0.0,0.11495884773662553,Cairo,0,13338,3902.0
Cairo_y2020.tif,633,0.04107424960505529,0.11736176935229067,Cairo,0,13409,3902.0
Cairo_y2020.tif,520,0.0,0.10518269230769231,Cairo,1,13412,3902.0
Cairo_y2020.tif,328,0.0,0.08015243902439025,Cairo,1,13401,3902.0
Cairo_y2020.tif,465,0.3010752688172043,0.14758064516129035,Cairo,0,13417,3902.0
Cairo_y2020.tif,755,0.0,0.09841059602649006,Cairo,0,13452,3902.0
Cairo_y2020.tif,291,0.0,0.06792096219931272,Cairo,1,13465,3902.0
Cairo_y2020.tif,268,0.0,0.075205223880597,Cairo,0,13479,3902.0
Cairo_y2020.tif,503,0.0,0.07105367793240557,Cairo,0,13525,3902.0
Cairo_y2020.tif,509,0.0,0.08051080550098233,Cairo,1,13443,3902.0
Cairo_y2020.tif,455,0.0,0.09732967032967033,Cairo,1,13500,3902.0
Cairo_y2020.tif,259,0.0,0.06366795366795368,Cairo,0,13504,3902.0
Cairo_y2020.tif,860,0.0,0.09388953488372091,Cairo,1,13467,3902.0
Cairo_y2020.tif,420,0.0,0.1168452380952381,Cairo,0,13496,3902.0
Cairo_y2020.tif,1679,0.004764740917212627,0.07272185824895772,Cairo,0,13630,3902.0
Cairo_y2020.tif,229,0.0,0.11248908296943232,Cairo,1,13549,3902.0
Cairo_y2020.tif,440,0.0,0.13996590909090909,Cairo,1,13587,3902.0
Cairo_y2020.tif,366,0.0,0.059972677595628424,Cairo,1,13555,3902.0
Cairo_y2020.tif,285,0.0,0.10198245614035087,Cairo,1,13589,3902.0
Cairo_y2020.tif,290,0.0,0.11093103448275862,Cairo,1,13598,3902.0
Cairo_y2020.tif,247,0.5141700404858299,0.23736842105263162,Cairo,0,13624,3902.0
Cairo_y2020.tif,258,0.0,0.09377906976744187,Cairo,1,13637,3902.0
Cairo_y2020.tif,1435,0.0,0.073602787456446,Cairo,0,13650,3902.0
Cairo_y2020.tif,301,0.0,0.040946843853820594,Cairo,0,13543,3902.0
Cairo_y2020.tif,342,0.0,0.046549707602339174,Cairo,0,13564,3902.0
Cairo_y2020.tif,294,0.0,0.060357142857142845,Cairo,0,13570,3902.0
Cairo_y2020.tif,1304,0.0,0.049620398773006134,Cairo,0,13686,3902.0
Cairo_y2020.tif,818,0.0,0.057530562347188265,Cairo,1,13714,3902.0
Cairo_y2020.tif,531,0.0,0.08448210922787194,Cairo,0,13639,3902.0
Cairo_y2020.tif,447,0.0,0.06281879194630872,Cairo,0,13655,3902.0
Cairo_y2020.tif,303,0.0,0.05402640264026402,Cairo,0,13683,3902.0
Cairo_y2020.tif,443,0.0,0.11449209932279909,Cairo,0,13648,3902.0
Cairo_y2020.tif,297,0.0,0.14690235690235692,Cairo,0,13638,3902.0
Cairo_y2020.tif,281,0.0,0.0750355871886121,Cairo,1,13667,3902.0
Cairo_y2020.tif,601,0.0,0.08915141430948419,Cairo,0,13676,3902.0
Cairo_y2020.tif,622,0.01929260450160772,0.12806270096463024,Cairo,0,13731,3902.0
Cairo_y2020.tif,264,0.42424242424242425,0.2743939393939394,Cairo,0,13709,3902.0
Cairo_y2020.tif,478,0.0,0.056820083682008374,Cairo,1,13688,3902.0
Cairo_y2020.tif,272,0.0,0.12049632352941175,Cairo,1,13689,3902.0
Cairo_y2020.tif,290,0.0,0.08932758620689656,Cairo,1,13723,3902.0
Cairo_y2020.tif,456,0.0,0.12254385964912282,Cairo,0,13737,3902.0
Cairo_y2020.tif,332,0.0,0.09893072289156626,Cairo,1,13771,3902.0
Cairo_y2020.tif,1409,0.0,0.02127750177430802,Cairo,0,13351,3902.0
Cairo_y2020.tif,4309,0.0,0.04095961940125319,Cairo,0,13456,3902.0
Cairo_y2020.tif,7531,0.00809985393706015,0.03327512946487851,Cairo,0,13786,3902.0
Cairo_y2020.tif,2325,0.0,0.040406451612903224,Cairo,0,13573,3902.0
Cairo_y2020.tif,1524,0.001968503937007874,0.08057414698162729,Cairo,0,13694,3902.0
Cairo_y2020.tif,17712,0.015356820234869015,0.04047961833785005,Cairo,0,14231,3902.0
Cairo_y2020.tif,14747,0.05248525123753984,0.054416830541805114,Cairo,0,14133,3902.0
Cairo_y2020.tif,4040,0.008415841584158416,0.07458787128712872,Cairo,0,13978,3902.0
Cairo_y2020.tif,1653,0.0,0.04576830006049607,Cairo,0,14111,3902.0
Cairo_y2020.tif,2690,0.002973977695167286,0.08589591078066915,Cairo,0,14274,3902.0
Cairo_y2020.tif,1306,0.0,0.10071209800918834,Cairo,0,13277,3902.0
Cairo_y2020.tif,413,0.0,0.04699757869249395,Cairo,0,13253,3902.0
Cairo_y2020.tif,182,0.03296703296703297,0.16527472527472525,Cairo,0,13237,3902.0
Cairo_y2020.tif,140,0.0,0.1185,Cairo,1,13241,3902.0
Cairo_y2020.tif,304,0.0,0.05572368421052631,Cairo,0,13274,3902.0
Cairo_y2020.tif,130,0.0,0.11142307692307692,Cairo,0,13258,3902.0
Cairo_y2020.tif,128,0.0,0.1391015625,Cairo,0,13278,3902.0
Cairo_y2020.tif,187,0.0,0.15227272727272728,Cairo,1,13297,3902.0
Cairo_y2020.tif,223,0.0,0.07771300448430495,Cairo,0,13298,3902.0
Cairo_y2020.tif,1374,0.0,0.13382096069868996,Cairo,0,13374,3902.0
Cairo_y2020.tif,223,0.0,0.06668161434977579,Cairo,0,13323,3902.0
Cairo_y2020.tif,736,0.0,0.12744565217391307,Cairo,0,13373,3902.0
Cairo_y2020.tif,144,0.0,0.10545138888888889,Cairo,0,13330,3902.0
Cairo_y2020.tif,251,0.0,0.10834661354581673,Cairo,0,13342,3902.0
Cairo_y2020.tif,673,0.0,0.04851411589895988,Cairo,0,13512,3902.0
Cairo_y2020.tif,459,0.0,0.05050108932461874,Cairo,0,13377,3902.0
Cairo_y2020.tif,413,0.0,0.10762711864406779,Cairo,0,13396,3902.0
Cairo_y2020.tif,869,0.0023014959723820483,0.11149597238204834,Cairo,1,13485,3902.0
Cairo_y2020.tif,338,0.0,0.08918639053254436,Cairo,0,13490,3902.0
Cairo_y2020.tif,705,0.0,0.07792198581560283,Cairo,0,13516,3902.0
Cairo_y2020.tif,178,1.0,0.38323033707865173,Cairo,1,13282,3902.0
Cairo_y2020.tif,677,0.6750369276218612,0.27447562776957163,Cairo,1,13280,3902.0
Cairo_y2020.tif,355,1.0,0.43714084507042256,Cairo,1,13310,3902.0
Cairo_y2020.tif,140,0.4,0.20114285714285715,Cairo,1,13295,3902.0
Cairo_y2020.tif,582,1.0,0.4446048109965637,Cairo,1,13309,3902.0
Cairo_y2020.tif,370,1.0,0.44802702702702707,Cairo,1,13354,3902.0
Cairo_y2020.tif,1265,1.0,0.426596837944664,Cairo,1,13379,3902.0
Cairo_y2020.tif,210,1.0,0.45550000000000007,Cairo,1,13429,3902.0
Cairo_y2020.tif,837,1.0,0.44340501792114695,Cairo,1,13484,3902.0
Cairo_y2020.tif,4861,0.2301995474182267,0.12239559761365974,Cairo,0,13725,3902.0
Cairo_y2020.tif,608,0.0,0.1209375,Cairo,1,13606,3902.0
Cairo_y2020.tif,653,0.8943338437978561,0.26339203675344564,Cairo,1,13633,3902.0
Cairo_y2020.tif,192,0.0,0.05335937500000001,Cairo,0,13576,3902.0
Cairo_y2020.tif,1144,0.043706293706293704,0.13104895104895106,Cairo,0,13704,3902.0
Cairo_y2020.tif,232,0.0,0.09127155172413792,Cairo,1,13652,3902.0
Cairo_y2020.tif,313,0.0,0.062444089456869,Cairo,0,13685,3902.0
Cairo_y2020.tif,209,0.0861244019138756,0.17562200956937798,Cairo,1,13681,3902.0
Cairo_y2020.tif,429,0.0,0.0662004662004662,Cairo,0,13715,3902.0
Cairo_y2020.tif,294,0.0,0.08576530612244897,Cairo,0,13699,3902.0
Cairo_y2020.tif,198,0.3838383838383838,0.19984848484848486,Cairo,1,13716,3902.0
Cairo_y2020.tif,402,1.0,0.41643034825870645,Cairo,1,13482,3902.0
Cairo_y2020.tif,421,1.0,0.4413776722090262,Cairo,1,13600,3902.0
Cairo_y2020.tif,217,1.0,0.43354838709677423,Cairo,1,13594,3902.0
Cairo_y2020.tif,441,1.0,0.39274376417233564,Cairo,1,13581,3902.0
Cairo_y2020.tif,590,0.964406779661017,0.36907627118644065,Cairo,1,13677,3902.0
Cairo_y2020.tif,224,1.0,0.3018526785714286,Cairo,1,13634,3902.0
Cairo_y2020.tif,169,1.0,0.370828402366864,Cairo,1,13645,3902.0
Cairo_y2020.tif,170,1.0,0.3488235294117647,Cairo,0,13673,3902.0
Cairo_y2020.tif,358,0.7932960893854749,0.2375977653631285,Cairo,0,13745,3902.0
Cairo_y2020.tif,1348,0.8152818991097923,0.24640578635014834,Cairo,0,13801,3902.0
Cairo_y2020.tif,300,0.0,0.11356666666666666,Cairo,0,13510,3902.0
Cairo_y2020.tif,383,0.0,0.0891906005221932,Cairo,0,13514,3902.0
Cairo_y2020.tif,163,0.0,0.07417177914110429,Cairo,1,13513,3902.0
Cairo_y2020.tif,372,0.005376344086021506,0.1523252688172043,Cairo,1,13511,3902.0
Cairo_y2020.tif,320,0.1625,0.196734375,Cairo,0,13591,3902.0
Cairo_y2020.tif,232,0.0,0.06935344827586208,Cairo,0,13558,3902.0
Cairo_y2020.tif,200,0.0,0.05935000000000001,Cairo,0,13592,3902.0
Cairo_y2020.tif,346,0.1907514450867052,0.21089595375722542,Cairo,0,13646,3902.0
Cairo_y2020.tif,299,0.0,0.14145484949832776,Cairo,0,13680,3902.0
Cairo_y2020.tif,3504,0.0,0.09576198630136987,Cairo,1,13845,3902.0
Cairo_y2020.tif,551,0.0,0.08659709618874772,Cairo,0,13755,3902.0
Cairo_y2020.tif,157,0.0,0.06464968152866242,Cairo,0,13730,3902.0
Cairo_y2020.tif,218,0.0,0.1293807339449541,Cairo,0,13744,3902.0
Cairo_y2020.tif,235,0.05106382978723404,0.15248936170212762,Cairo,0,13758,3902.0
Cairo_y2020.tif,1252,0.426517571884984,0.23049121405750803,Cairo,0,13839,3902.0
Cairo_y2020.tif,401,0.0,0.05677057356608479,Cairo,0,13785,3902.0
Cairo_y2020.tif,276,0.0,0.09581521739130433,Cairo,0,13793,3902.0
Cairo_y2020.tif,519,0.0,0.045789980732177264,Cairo,0,13847,3902.0
Cairo_y2020.tif,362,0.0,0.1158011049723757,Cairo,0,13787,3902.0
Cairo_y2020.tif,243,0.0,0.038641975308641975,Cairo,0,13828,3902.0
Cairo_y2020.tif,462,0.0,0.10622294372294373,Cairo,1,13779,3902.0
Cairo_y2020.tif,398,0.0,0.11304020100502511,Cairo,0,13770,3902.0
Cairo_y2020.tif,234,0.042735042735042736,0.11632478632478632,Cairo,0,13769,3902.0
Cairo_y2020.tif,299,0.0,0.08006688963210702,Cairo,0,13810,3902.0
Cairo_y2020.tif,267,0.0,0.0890262172284644,Cairo,0,13840,3902.0
Cairo_y2020.tif,447,0.0,0.04815436241610738,Cairo,0,13872,3902.0
Cairo_y2020.tif,223,0.03139013452914798,0.1325784753363229,Cairo,1,13860,3902.0
Cairo_y2020.tif,662,0.0,0.05756797583081571,Cairo,0,13902,3902.0
Cairo_y2020.tif,405,0.0,0.06103703703703704,Cairo,0,13900,3902.0
Cairo_y2020.tif,264,0.0,0.03244318181818182,Cairo,1,13923,3902.0
Cairo_y2020.tif,325,0.9569230769230769,0.37198461538461536,Cairo,1,13762,3902.0
Cairo_y2020.tif,637,0.8069073783359497,0.26076138147566724,Cairo,1,13805,3902.0
Cairo_y2020.tif,331,0.49244712990936557,0.2290634441087613,Cairo,0,13816,3902.0
Cairo_y2020.tif,485,1.0,0.4384845360824743,Cairo,1,13819,3902.0
Cairo_y2020.tif,235,0.1829787234042553,0.19704255319148936,Cairo,0,13826,3902.0
Cairo_y2020.tif,399,0.2982456140350877,0.17090225563909775,Cairo,0,13868,3902.0
Cairo_y2020.tif,631,0.2551505546751189,0.18840729001584786,Cairo,1,13895,3902.0
Cairo_y2020.tif,529,0.9111531190926276,0.3518431001890359,Cairo,0,13914,3902.0
Cairo_y2020.tif,396,0.012626262626262626,0.06482323232323232,Cairo,0,13950,3902.0
Cairo_y2020.tif,106,0.0,0.12250000000000001,Cairo,1,13915,3902.0
Cairo_y2020.tif,433,0.0,0.05778290993071594,Cairo,0,13848,3902.0
Cairo_y2020.tif,244,0.0,0.06252049180327869,Cairo,0,13879,3902.0
Cairo_y2020.tif,454,0.0,0.04374449339207048,Cairo,0,13881,3902.0
Cairo_y2020.tif,447,0.0,0.08036912751677852,Cairo,0,13945,3902.0
Cairo_y2020.tif,436,0.0,0.0456651376146789,Cairo,0,13904,3902.0
Cairo_y2020.tif,509,0.0,0.11305500982318271,Cairo,0,13964,3902.0
Cairo_y2020.tif,2840,0.3588028169014085,0.1821637323943662,Cairo,0,14087,3902.0
Cairo_y2020.tif,246,0.0,0.051219512195121955,Cairo,0,13962,3902.0
Cairo_y2020.tif,174,0.0,0.0810632183908046,Cairo,0,13989,3902.0
Cairo_y2020.tif,230,0.0,0.1432608695652174,Cairo,0,14002,3902.0
Cairo_y2020.tif,1265,0.0,0.07256126482213437,Cairo,0,13507,3902.0
Cairo_y2020.tif,2302,0.3062554300608167,0.15390312771503042,Cairo,0,13572,3902.0
Cairo_y2020.tif,37165,0.007749226422709539,0.03701385712363784,Cairo,0,14385,3902.0
Cairo_y2020.tif,242,0.0,0.06931818181818182,Cairo,0,14137,3902.0
Cairo_y2020.tif,427,0.0,0.0387704918032787,Cairo,0,14216,3902.0
Cairo_y2020.tif,1279,0.0,0.07364738076622362,Cairo,0,14346,3902.0
Cairo_y2020.tif,592,0.0,0.08024493243243243,Cairo,1,14331,3902.0
Cairo_y2020.tif,404,0.0,0.04258663366336634,Cairo,0,14292,3902.0
Cairo_y2020.tif,162,0.0,0.11790123456790125,Cairo,0,14312,3902.0
Cairo_y2020.tif,388,0.0,0.04840206185567011,Cairo,0,14367,3902.0
Cairo_y2020.tif,236,0.0,0.09243644067796612,Cairo,1,13772,3902.0
Cairo_y2020.tif,331,0.25075528700906347,0.17445619335347431,Cairo,1,13791,3902.0
Cairo_y2020.tif,491,0.014256619144602852,0.10970468431771893,Cairo,0,13817,3902.0
Cairo_y2020.tif,1369,0.1570489408327246,0.188290723155588,Cairo,1,13919,3902.0
Cairo_y2020.tif,483,0.0,0.057639751552795035,Cairo,1,13820,3902.0
Cairo_y2020.tif,509,0.0,0.08840864440078586,Cairo,0,13794,3902.0
Cairo_y2020.tif,171,0.32748538011695905,0.21464912280701753,Cairo,0,13811,3902.0
Cairo_y2020.tif,343,0.0,0.11269679300291545,Cairo,1,13844,3902.0
Cairo_y2020.tif,300,0.0,0.051933333333333324,Cairo,0,13874,3902.0
Cairo_y2020.tif,492,0.7703252032520326,0.2538313008130081,Cairo,0,13886,3902.0
Cairo_y2020.tif,283,0.0,0.07270318021201413,Cairo,0,13765,3902.0
Cairo_y2020.tif,238,0.0,0.08199579831932774,Cairo,1,13760,3902.0
Cairo_y2020.tif,806,0.0,0.06039081885856079,Cairo,0,13838,3902.0
Cairo_y2020.tif,344,0.0,0.09526162790697673,Cairo,1,13795,3902.0
Cairo_y2020.tif,525,0.007619047619047619,0.11153333333333332,Cairo,0,13802,3902.0
Cairo_y2020.tif,252,0.0,0.11246031746031745,Cairo,1,13790,3902.0
Cairo_y2020.tif,886,0.0,0.05444695259593681,Cairo,0,13856,3902.0
Cairo_y2020.tif,718,0.0,0.08467966573816156,Cairo,0,13812,3902.0
Cairo_y2020.tif,306,0.0,0.10450980392156861,Cairo,1,13861,3902.0
Cairo_y2020.tif,615,0.0,0.151869918699187,Cairo,0,13882,3902.0
Cairo_y2020.tif,178,0.0,0.08963483146067416,Cairo,0,13851,3902.0
Cairo_y2020.tif,281,0.46619217081850534,0.24487544483985765,Cairo,1,13880,3902.0
Cairo_y2020.tif,316,0.0,0.11591772151898735,Cairo,0,13896,3902.0
Cairo_y2020.tif,183,0.0,0.08590163934426229,Cairo,1,13898,3902.0
Cairo_y2020.tif,399,0.0,0.09364661654135337,Cairo,1,13917,3902.0
Cairo_y2020.tif,415,0.0,0.15214457831325304,Cairo,1,13929,3902.0
Cairo_y2020.tif,167,0.10179640718562874,0.23224550898203591,Cairo,1,13912,3902.0
Cairo_y2020.tif,176,0.0,0.16210227272727273,Cairo,0,13928,3902.0
Cairo_y2020.tif,251,0.0,0.07737051792828686,Cairo,0,13948,3902.0
Cairo_y2020.tif,235,0.0,0.1961276595744681,Cairo,0,13953,3902.0
Cairo_y2020.tif,424,0.0,0.1822995283018868,Cairo,1,13911,3902.0
Cairo_y2020.tif,252,0.0,0.07023809523809524,Cairo,0,13901,3902.0
Cairo_y2020.tif,553,0.0,0.050542495479204336,Cairo,1,13934,3902.0
Cairo_y2020.tif,431,0.0,0.08375870069605569,Cairo,1,13960,3902.0
Cairo_y2020.tif,236,0.0,0.06036016949152542,Cairo,0,13926,3902.0
Cairo_y2020.tif,505,0.0,0.12055445544554455,Cairo,1,13930,3902.0
Cairo_y2020.tif,263,0.0,0.190361216730038,Cairo,0,13969,3902.0
Cairo_y2020.tif,328,0.0,0.08519817073170732,Cairo,1,13990,3902.0
Cairo_y2020.tif,524,0.0,0.09297709923664121,Cairo,1,13987,3902.0
Cairo_y2020.tif,241,0.0,0.059128630705394196,Cairo,1,14007,3902.0
Cairo_y2020.tif,428,0.0,0.07866822429906542,Cairo,1,13986,3902.0
Cairo_y2020.tif,250,0.0,0.07764,Cairo,0,13954,3902.0
Cairo_y2020.tif,183,0.0,0.21639344262295088,Cairo,0,13944,3902.0
Cairo_y2020.tif,281,0.021352313167259787,0.15720640569395017,Cairo,1,13976,3902.0
Cairo_y2020.tif,321,0.0,0.12218068535825545,Cairo,0,13979,3902.0
Cairo_y2020.tif,318,0.0,0.08154088050314465,Cairo,0,14015,3902.0
Cairo_y2020.tif,310,0.0,0.07216129032258065,Cairo,0,14014,3902.0
Cairo_y2020.tif,351,0.0,0.15695156695156695,Cairo,0,14016,3902.0
Cairo_y2020.tif,349,0.0,0.0835243553008596,Cairo,1,14030,3902.0
Cairo_y2020.tif,506,0.0,0.1375296442687747,Cairo,1,14046,3902.0
Cairo_y2020.tif,417,0.0,0.07149880095923261,Cairo,0,14034,3902.0
Cairo_y2020.tif,374,0.0,0.1498395721925134,Cairo,1,14048,3902.0
Cairo_y2020.tif,542,0.0,0.11112546125461255,Cairo,1,14028,3902.0
Cairo_y2020.tif,326,0.0,0.10789877300613496,Cairo,1,14070,3902.0
Cairo_y2020.tif,396,0.0,0.10733585858585858,Cairo,1,14095,3902.0
Cairo_y2020.tif,300,0.0,0.09836666666666666,Cairo,1,14097,3902.0
Cairo_y2020.tif,188,0.0,0.09117021276595745,Cairo,1,14098,3902.0
Cairo_y2020.tif,262,0.0,0.13393129770992368,Cairo,1,14117,3902.0
Cairo_y2020.tif,487,0.0,0.0899075975359343,Cairo,0,14155,3902.0
Cairo_y2020.tif,817,0.0,0.19262545899632802,Cairo,1,14162,3902.0
Cairo_y2020.tif,521,0.0,0.08587332053742802,Cairo,0,14168,3902.0
Cairo_y2020.tif,184,0.0,0.07209239130434783,Cairo,0,14178,3902.0
Cairo_y2020.tif,353,0.0,0.11308781869688386,Cairo,1,14134,3902.0
Cairo_y2020.tif,265,0.0830188679245283,0.19907547169811324,Cairo,0,14204,3902.0
Cairo_y2020.tif,199,0.0,0.10032663316582914,Cairo,1,14196,3902.0
Cairo_y2020.tif,253,0.0,0.1349209486166008,Cairo,1,14192,3902.0
Cairo_y2020.tif,406,0.0,0.1681650246305419,Cairo,0,14238,3902.0
Cairo_y2020.tif,181,0.0,0.06814917127071823,Cairo,1,14218,3902.0
Cairo_y2020.tif,389,0.0,0.10836760925449872,Cairo,1,14265,3902.0
Cairo_y2020.tif,753,0.0,0.16873173970783534,Cairo,0,14313,3902.0
Cairo_y2020.tif,599,0.021702838063439065,0.13298831385642737,Cairo,0,14037,3902.0
Cairo_y2020.tif,261,0.01532567049808429,0.19379310344827586,Cairo,1,14020,3902.0
Cairo_y2020.tif,315,0.025396825396825397,0.13544444444444445,Cairo,0,14055,3902.0
Cairo_y2020.tif,280,0.0,0.16876785714285714,Cairo,0,14109,3902.0
Cairo_y2020.tif,400,0.0,0.1186125,Cairo,0,14085,3902.0
Cairo_y2020.tif,430,0.0,0.0878953488372093,Cairo,0,14241,3902.0
Cairo_y2020.tif,496,0.0,0.08309475806451613,Cairo,1,14317,3902.0
Cairo_y2020.tif,18020,0.06897891231964484,0.0781015538290788,Cairo,1,14637,3902.0
Cairo_y2020.tif,285,0.0,0.034403508771929825,Cairo,0,14447,3902.0
Cairo_y2020.tif,232,0.2629310344827586,0.19670258620689657,Cairo,1,14405,3902.0
Cairo_y2020.tif,459,0.0,0.10794117647058823,Cairo,1,14270,3902.0
Cairo_y2020.tif,1082,0.0,0.13536044362292052,Cairo,1,14362,3902.0
Cairo_y2020.tif,212,0.0,0.07773584905660376,Cairo,1,14286,3902.0
Cairo_y2020.tif,372,0.051075268817204304,0.18407258064516127,Cairo,0,14293,3902.0
Cairo_y2020.tif,193,0.0,0.15090673575129535,Cairo,0,14338,3902.0
Cairo_y2020.tif,268,0.0,0.13315298507462686,Cairo,0,14350,3902.0
Cairo_y2020.tif,211,0.0,0.05817535545023697,Cairo,1,14341,3902.0
Cairo_y2020.tif,454,0.10792951541850221,0.21143171806167402,Cairo,0,14387,3902.0
Cairo_y2020.tif,264,0.0,0.0818560606060606,Cairo,0,14368,3902.0
Cairo_y2020.tif,481,0.002079002079002079,0.13681912681912684,Cairo,0,14428,3902.0
Cairo_y2020.tif,313,0.0,0.0420926517571885,Cairo,0,13965,3902.0
Cairo_y2020.tif,396,0.06818181818181818,0.18385101010101013,Cairo,0,13973,3902.0
Cairo_y2020.tif,131,0.9847328244274809,0.3554198473282443,Cairo,0,13946,3902.0
Cairo_y2020.tif,199,0.1507537688442211,0.2135678391959799,Cairo,1,13972,3902.0
Cairo_y2020.tif,355,0.0,0.06304225352112676,Cairo,1,14024,3902.0
Cairo_y2020.tif,131,0.9770992366412213,0.3483969465648855,Cairo,1,13993,3902.0
Cairo_y2020.tif,136,0.0661764705882353,0.19698529411764706,Cairo,0,14008,3902.0
Cairo_y2020.tif,336,0.0,0.13022321428571426,Cairo,0,14026,3902.0
Cairo_y2020.tif,219,0.8082191780821918,0.329337899543379,Cairo,1,14042,3902.0
Cairo_y2020.tif,428,0.0,0.04307242990654206,Cairo,0,14084,3902.0
Cairo_y2020.tif,383,0.0,0.05813315926892951,Cairo,1,13938,3902.0
Cairo_y2020.tif,417,0.0,0.036522781774580335,Cairo,1,13966,3902.0
Cairo_y2020.tif,204,0.0,0.07590686274509803,Cairo,0,13991,3902.0
Cairo_y2020.tif,127,0.0,0.07732283464566927,Cairo,0,14001,3902.0
Cairo_y2020.tif,626,0.003194888178913738,0.10428913738019169,Cairo,0,14059,3902.0
Cairo_y2020.tif,186,0.0,0.061935483870967756,Cairo,0,14044,3902.0
Cairo_y2020.tif,428,0.0,0.05176401869158879,Cairo,0,14080,3902.0
Cairo_y2020.tif,2527,0.043134151167392165,0.07829837752275426,Cairo,0,14239,3902.0
Cairo_y2020.tif,248,0.0,0.07012096774193549,Cairo,0,14066,3902.0
Cairo_y2020.tif,143,0.0,0.06632867132867135,Cairo,1,14079,3902.0
Cairo_y2020.tif,168,0.13095238095238096,0.20395833333333332,Cairo,0,14039,3902.0
Cairo_y2020.tif,642,0.028037383177570093,0.15561526479750779,Cairo,0,14011,3902.0
Cairo_y2020.tif,216,0.0,0.11784722222222223,Cairo,0,14040,3902.0
Cairo_y2020.tif,300,0.3333333333333333,0.24061666666666667,Cairo,0,14065,3902.0
Cairo_y2020.tif,470,0.0,0.15226595744680851,Cairo,1,14073,3902.0
Cairo_y2020.tif,290,0.4241379310344828,0.27698275862068966,Cairo,0,14120,3902.0
Cairo_y2020.tif,579,0.06390328151986183,0.1528756476683938,Cairo,1,14189,3902.0
Cairo_y2020.tif,297,0.050505050505050504,0.21838383838383837,Cairo,0,14107,3902.0
Cairo_y2020.tif,437,0.13729977116704806,0.19306636155606408,Cairo,0,14157,3902.0
Cairo_y2020.tif,505,0.24158415841584158,0.19641584158415842,Cairo,0,14139,3902.0
Cairo_y2020.tif,185,0.010810810810810811,0.20127027027027028,Cairo,0,14090,3902.0
Cairo_y2020.tif,236,0.0,0.0744915254237288,Cairo,0,14116,3902.0
Cairo_y2020.tif,396,0.6186868686868687,0.27713383838383837,Cairo,1,14112,3902.0
Cairo_y2020.tif,266,0.0,0.06780075187969926,Cairo,0,14127,3902.0
Cairo_y2020.tif,145,0.0,0.0612758620689655,Cairo,0,14114,3902.0
Cairo_y2020.tif,222,0.0,0.0696846846846847,Cairo,0,14170,3902.0
Cairo_y2020.tif,141,0.0,0.07687943262411348,Cairo,0,14169,3902.0
Cairo_y2020.tif,222,0.0,0.07542792792792793,Cairo,0,14187,3902.0
Cairo_y2020.tif,154,0.0,0.05996753246753246,Cairo,0,14183,3902.0
Cairo_y2020.tif,150,0.0,0.05003333333333333,Cairo,1,14182,3902.0
Cairo_y2020.tif,347,0.0,0.0688184438040346,Cairo,0,14092,3902.0
Cairo_y2020.tif,127,1.0,0.36696850393700786,Cairo,1,14076,3902.0
Cairo_y2020.tif,707,0.10325318246110325,0.13231258840169732,Cairo,1,14113,3902.0
Cairo_y2020.tif,266,1.0,0.4443045112781955,Cairo,1,14078,3902.0
Cairo_y2020.tif,121,1.0,0.3811157024793388,Cairo,1,14122,3902.0
Cairo_y2020.tif,652,0.8113496932515337,0.28279141104294475,Cairo,1,14254,3902.0
Cairo_y2020.tif,131,1.0,0.4394274809160305,Cairo,1,14144,3902.0
Cairo_y2020.tif,377,0.0,0.14946949602122017,Cairo,1,14166,3902.0
Cairo_y2020.tif,175,0.0,0.17659999999999998,Cairo,0,14201,3902.0
Cairo_y2020.tif,333,0.003003003003003003,0.19214714714714715,Cairo,0,14209,3902.0
Cairo_y2020.tif,160,0.8375,0.32546875000000003,Cairo,1,14147,3902.0
Cairo_y2020.tif,415,0.0,0.16443373493975902,Cairo,1,14197,3902.0
Cairo_y2020.tif,355,0.4422535211267606,0.21476056338028168,Cairo,0,14195,3902.0
Cairo_y2020.tif,215,0.0,0.1303720930232558,Cairo,1,14194,3902.0
Cairo_y2020.tif,754,0.7944297082228117,0.2926790450928382,Cairo,1,14232,3902.0
Cairo_y2020.tif,428,0.9953271028037384,0.35311915887850465,Cairo,0,14191,3902.0
Cairo_y2020.tif,250,0.164,0.19306,Cairo,1,14224,3902.0
Cairo_y2020.tif,218,0.0,0.08557339449541283,Cairo,1,14240,3902.0
Cairo_y2020.tif,393,0.0,0.12001272264631042,Cairo,0,14287,3902.0
Cairo_y2020.tif,476,0.1407563025210084,0.193140756302521,Cairo,1,14324,3902.0
Cairo_y2020.tif,257,1.0,0.34048638132295717,Cairo,0,14214,3902.0
Cairo_y2020.tif,119,0.0,0.07075630252100842,Cairo,0,14206,3902.0
Cairo_y2020.tif,160,0.0,0.12740625,Cairo,1,14217,3902.0
Cairo_y2020.tif,103,0.0,0.04752427184466018,Cairo,1,14210,3902.0
Cairo_y2020.tif,154,0.0,0.0628896103896104,Cairo,0,14228,3902.0
Cairo_y2020.tif,173,0.0,0.12806358381502891,Cairo,1,14262,3902.0
Cairo_y2020.tif,88,0.0,0.07738636363636364,Cairo,0,14255,3902.0
Cairo_y2020.tif,95,0.0,0.06078947368421052,Cairo,0,14261,3902.0
Cairo_y2020.tif,143,0.7062937062937062,0.27475524475524477,Cairo,0,14288,3902.0
Cairo_y2020.tif,132,0.42424242424242425,0.24136363636363636,Cairo,0,14296,3902.0
Cairo_y2020.tif,384,0.2838541666666667,0.22423177083333334,Cairo,1,14230,3902.0
Cairo_y2020.tif,103,0.0,0.1296116504854369,Cairo,0,14203,3902.0
Cairo_y2020.tif,168,1.0,0.3670833333333333,Cairo,0,14253,3902.0
Cairo_y2020.tif,299,0.0,0.0854515050167224,Cairo,1,14275,3902.0
Cairo_y2020.tif,290,1.0,0.3992413793103448,Cairo,1,14250,3902.0
Cairo_y2020.tif,519,0.09633911368015415,0.13900770712909444,Cairo,0,14295,3902.0
Cairo_y2020.tif,317,0.580441640378549,0.27411671924290226,Cairo,1,14335,3902.0
Cairo_y2020.tif,153,1.0,0.35754901960784313,Cairo,1,14308,3902.0
Cairo_y2020.tif,133,0.5939849624060151,0.28447368421052627,Cairo,0,14342,3902.0
Cairo_y2020.tif,199,0.9597989949748744,0.32530150753768844,Cairo,1,14351,3902.0
Cairo_y2020.tif,461,0.5357917570498916,0.21660520607375272,Cairo,1,14354,3902.0
Cairo_y2020.tif,250,0.004,0.12106,Cairo,1,14323,3902.0
Cairo_y2020.tif,249,0.3815261044176707,0.23785140562248994,Cairo,0,14360,3902.0
Cairo_y2020.tif,285,0.14385964912280702,0.17454385964912283,Cairo,1,14378,3902.0
Cairo_y2020.tif,1314,0.0882800608828006,0.11393835616438357,Cairo,0,14452,3902.0
Cairo_y2020.tif,374,0.0,0.10542780748663101,Cairo,1,14380,3902.0
Cairo_y2020.tif,278,0.046762589928057555,0.17043165467625898,Cairo,1,14386,3902.0
Cairo_y2020.tif,258,0.0,0.08432170542635657,Cairo,0,14408,3902.0
Cairo_y2020.tif,232,0.008620689655172414,0.138125,Cairo,0,14434,3902.0
Cairo_y2020.tif,418,0.0,0.06913875598086124,Cairo,1,14442,3902.0
Cairo_y2020.tif,71,0.0,0.13035211267605631,Cairo,1,14294,3902.0
Cairo_y2020.tif,66,0.0,0.08674242424242425,Cairo,1,14298,3902.0
Cairo_y2020.tif,128,0.015625,0.1775,Cairo,1,14297,3902.0
Cairo_y2020.tif,182,0.0,0.04914835164835164,Cairo,0,14319,3902.0
Cairo_y2020.tif,94,0.0,0.10457446808510637,Cairo,1,14339,3902.0
Cairo_y2020.tif,238,0.16806722689075632,0.18972689075630253,Cairo,0,14372,3902.0
Cairo_y2020.tif,238,0.0,0.05752100840336135,Cairo,0,14382,3902.0
Cairo_y2020.tif,315,0.0761904761904762,0.18588888888888885,Cairo,0,14389,3902.0
Cairo_y2020.tif,127,0.0,0.12082677165354332,Cairo,0,14379,3902.0
Cairo_y2020.tif,218,0.0,0.05841743119266055,Cairo,0,14392,3902.0
Cairo_y2020.tif,348,0.9942528735632183,0.34824712643678163,Cairo,1,14355,3902.0
Cairo_y2020.tif,420,0.0,0.08276190476190477,Cairo,0,14419,3902.0
Cairo_y2020.tif,160,1.0,0.36396875,Cairo,0,14371,3902.0
Cairo_y2020.tif,210,1.0,0.3908571428571429,Cairo,1,14417,3902.0
Cairo_y2020.tif,348,0.8936781609195402,0.30204022988505747,Cairo,0,14430,3902.0
Cairo_y2020.tif,128,0.0,0.148203125,Cairo,1,14429,3902.0
Cairo_y2020.tif,1185,0.5831223628691983,0.27285232067510545,Cairo,1,14556,3902.0
Cairo_y2020.tif,167,1.0,0.38215568862275456,Cairo,0,14490,3902.0
Cairo_y2020.tif,324,0.8981481481481481,0.3442746913580247,Cairo,1,14508,3902.0
Cairo_y2020.tif,536,0.1791044776119403,0.20409514925373137,Cairo,1,14498,3902.0
Cairo_y2020.tif,154,0.0,0.15175324675324672,Cairo,0,14402,3902.0
Cairo_y2020.tif,504,0.08333333333333333,0.16555555555555554,Cairo,0,14441,3902.0
Cairo_y2020.tif,97,0.0,0.10134020618556701,Cairo,1,14426,3902.0
Cairo_y2020.tif,175,0.5142857142857142,0.2699714285714286,Cairo,1,14460,3902.0
Cairo_y2020.tif,350,0.005714285714285714,0.12004285714285715,Cairo,0,14468,3902.0
Cairo_y2020.tif,3406,0.03464474456840869,0.08661039342337053,Cairo,0,15078,3902.0
Cairo_y2020.tif,181,0.3314917127071823,0.1964364640883978,Cairo,0,14486,3902.0
Cairo_y2020.tif,247,0.8421052631578947,0.30441295546558705,Cairo,0,14489,3902.0
Cairo_y2020.tif,125,0.736,0.2928,Cairo,0,14536,3902.0
Cairo_y2020.tif,135,1.0,0.3511481481481481,Cairo,0,14522,3902.0
Cairo_y2020.tif,497,0.0,0.10497987927565391,Cairo,1,14495,3902.0
Cairo_y2020.tif,359,0.0,0.07061281337047354,Cairo,0,14465,3902.0
Cairo_y2020.tif,243,0.0,0.08084362139917696,Cairo,1,14469,3902.0
Cairo_y2020.tif,253,0.0,0.07274703557312254,Cairo,0,14493,3902.0
Cairo_y2020.tif,240,0.0,0.06702083333333334,Cairo,0,14518,3902.0
Cairo_y2020.tif,233,0.0,0.0713090128755365,Cairo,0,14516,3902.0
Cairo_y2020.tif,251,0.0,0.05683266932270917,Cairo,0,14545,3902.0
Cairo_y2020.tif,355,0.4309859154929577,0.23119718309859155,Cairo,0,14559,3902.0
Cairo_y2020.tif,506,0.6976284584980237,0.2614822134387351,Cairo,1,14572,3902.0
Cairo_y2020.tif,230,0.0,0.04519565217391304,Cairo,0,14566,3902.0
Cairo_y2020.tif,502,0.5378486055776892,0.2930179282868526,Cairo,0,14582,3902.0
Cairo_y2020.tif,183,1.0,0.3665300546448088,Cairo,1,14552,3902.0
Cairo_y2020.tif,186,0.8494623655913979,0.3416666666666667,Cairo,0,14534,3902.0
Cairo_y2020.tif,902,0.19623059866962306,0.1292128603104213,Cairo,0,14708,3902.0
Cairo_y2020.tif,412,0.7427184466019418,0.3104490291262136,Cairo,0,14561,3902.0
Cairo_y2020.tif,186,1.0,0.3988440860215054,Cairo,1,14579,3902.0
Cairo_y2020.tif,370,0.672972972972973,0.300472972972973,Cairo,1,14654,3902.0
Cairo_y2020.tif,150,1.0,0.42616666666666664,Cairo,1,14639,3902.0
Cairo_y2020.tif,264,0.9886363636363636,0.3480681818181818,Cairo,1,14619,3902.0
Cairo_y2020.tif,125,1.0,0.41247999999999996,Cairo,0,14618,3902.0
Cairo_y2020.tif,678,0.0,0.06617256637168141,Cairo,0,14644,3902.0
Cairo_y2020.tif,226,0.0,0.051681415929203556,Cairo,1,14569,3902.0
Cairo_y2020.tif,221,0.02262443438914027,0.14918552036199095,Cairo,0,14627,3902.0
Cairo_y2020.tif,2210,0.0665158371040724,0.09397285067873302,Cairo,0,14715,3902.0
Cairo_y2020.tif,237,0.0,0.05251054852320675,Cairo,0,14611,3902.0
Cairo_y2020.tif,153,0.0,0.19571895424836602,Cairo,1,14636,3902.0
Cairo_y2020.tif,333,0.0,0.09711711711711711,Cairo,0,14655,3902.0
Cairo_y2020.tif,406,0.0,0.11864532019704432,Cairo,0,14679,3902.0
Cairo_y2020.tif,312,0.0,0.059407051282051274,Cairo,0,14682,3902.0
Cairo_y2020.tif,438,0.2945205479452055,0.22367579908675805,Cairo,1,14748,3902.0
Cairo_y2020.tif,282,0.0,0.16906028368794326,Cairo,0,14599,3902.0
Cairo_y2020.tif,345,0.936231884057971,0.32685507246376816,Cairo,1,14558,3902.0
Cairo_y2020.tif,300,0.05333333333333334,0.19210000000000002,Cairo,1,14653,3902.0
Cairo_y2020.tif,454,0.775330396475771,0.2703193832599119,Cairo,0,14711,3902.0
Cairo_y2020.tif,244,0.25,0.23092213114754098,Cairo,1,14695,3902.0
Cairo_y2020.tif,634,0.011041009463722398,0.15209779179810726,Cairo,0,14779,3902.0
Cairo_y2020.tif,379,0.9366754617414248,0.3361609498680739,Cairo,1,14702,3902.0
Cairo_y2020.tif,230,0.02608695652173913,0.21058695652173914,Cairo,1,14782,3902.0
Cairo_y2020.tif,609,1.0,0.3885796387520526,Cairo,0,14800,3902.0
Cairo_y2020.tif,338,0.7692307692307693,0.29875739644970417,Cairo,1,14837,3902.0
Cairo_y2020.tif,194,0.9536082474226805,0.37206185567010314,Cairo,1,14669,3902.0
Cairo_y2020.tif,251,1.0,0.42555776892430275,Cairo,1,14734,3902.0
Cairo_y2020.tif,160,1.0,0.41237500000000005,Cairo,1,14681,3902.0
Cairo_y2020.tif,216,1.0,0.43106481481481473,Cairo,1,14712,3902.0
Cairo_y2020.tif,312,1.0,0.3968108974358975,Cairo,1,14699,3902.0
Cairo_y2020.tif,405,0.1259259259259259,0.21177777777777781,Cairo,1,14753,3902.0
Cairo_y2020.tif,395,1.0,0.38588607594936714,Cairo,1,14797,3902.0
Cairo_y2020.tif,289,0.0,0.10088235294117648,Cairo,1,14781,3902.0
Cairo_y2020.tif,221,1.0,0.4017194570135746,Cairo,1,14813,3902.0
Cairo_y2020.tif,311,1.0,0.3810128617363344,Cairo,0,14830,3902.0
Cairo_y2020.tif,450,0.24888888888888888,0.26010000000000005,Cairo,1,14737,3902.0
Cairo_y2020.tif,254,0.0,0.07092519685039372,Cairo,0,14741,3902.0
Cairo_y2020.tif,779,0.0,0.10985237483953786,Cairo,0,14767,3902.0
Cairo_y2020.tif,250,0.0,0.1521,Cairo,0,14755,3902.0
Cairo_y2020.tif,683,0.0,0.12852855051244508,Cairo,0,14824,3902.0
Cairo_y2020.tif,274,0.0,0.062390510948905104,Cairo,1,14795,3902.0
Cairo_y2020.tif,139,0.0,0.10611510791366907,Cairo,1,14784,3902.0
Cairo_y2020.tif,126,0.0,0.04325396825396826,Cairo,0,14807,3902.0
Cairo_y2020.tif,216,0.0,0.055624999999999994,Cairo,0,14812,3902.0
Cairo_y2020.tif,151,0.0,0.08347682119205298,Cairo,0,14819,3902.0
Cairo_y2020.tif,187,0.0,0.1063903743315508,Cairo,1,14826,3902.0
Cairo_y2020.tif,343,0.0,0.10048104956268221,Cairo,0,14869,3902.0
Cairo_y2020.tif,136,0.0,0.07919117647058824,Cairo,0,14845,3902.0
Cairo_y2020.tif,426,0.0,0.055950704225352116,Cairo,0,14866,3902.0
Cairo_y2020.tif,481,0.0,0.03892931392931393,Cairo,1,14882,3902.0
Cairo_y2020.tif,249,0.0,0.06612449799196789,Cairo,1,14888,3902.0
Cairo_y2020.tif,525,0.0,0.12940000000000002,Cairo,1,14922,3902.0
Cairo_y2020.tif,325,0.0,0.058892307692307695,Cairo,0,14946,3902.0
Cairo_y2020.tif,216,0.0,0.150787037037037,Cairo,0,14956,3902.0
Cairo_y2020.tif,542,0.0,0.08113468634686347,Cairo,1,14955,3902.0
Cairo_y2020.tif,459,0.8366013071895425,0.33554466230936825,Cairo,1,14849,3902.0
Cairo_y2020.tif,855,0.005847953216374269,0.11236842105263158,Cairo,0,14971,3902.0
Cairo_y2020.tif,914,0.06783369803063458,0.1553993435448578,Cairo,0,15002,3902.0
Cairo_y2020.tif,154,0.0,0.1400974025974026,Cairo,1,14931,3902.0
Cairo_y2020.tif,565,0.13805309734513274,0.1877787610619469,Cairo,0,15013,3902.0
Cairo_y2020.tif,542,0.16051660516605165,0.22751845018450187,Cairo,0,14964,3902.0
Cairo_y2020.tif,424,0.6273584905660378,0.30043632075471705,Cairo,1,14973,3902.0
Cairo_y2020.tif,191,0.0,0.08222513089005236,Cairo,1,14996,3902.0
Cairo_y2020.tif,176,0.9715909090909091,0.3303977272727272,Cairo,0,14998,3902.0
Cairo_y2020.tif,187,0.0,0.06288770053475935,Cairo,1,15006,3902.0
Cairo_y2020.tif,238,0.7941176470588235,0.31932773109243695,Cairo,1,12191,3902.0
Cairo_y2020.tif,330,1.0,0.4028030303030303,Cairo,1,12201,3902.0
Cairo_y2020.tif,328,0.0,0.08608231707317072,Cairo,1,12218,3902.0
Cairo_y2020.tif,271,0.0,0.05154981549815498,Cairo,0,12241,3902.0
Cairo_y2020.tif,478,0.0,0.05488493723849372,Cairo,0,12268,3902.0
Cairo_y2020.tif,1256,0.9386942675159236,0.39228503184713376,Cairo,1,12259,3902.0
Cairo_y2020.tif,274,0.0,0.0325,Cairo,1,12291,3902.0
Cairo_y2020.tif,983,0.866734486266531,0.3587385554425229,Cairo,1,12379,3902.0
Cairo_y2020.tif,410,0.973170731707317,0.38769512195121947,Cairo,1,12434,3902.0
Cairo_y2020.tif,344,0.997093023255814,0.4115697674418604,Cairo,1,12401,3902.0
Cairo_y2020.tif,293,1.0,0.41617747440273034,Cairo,1,12292,3902.0
Cairo_y2020.tif,1588,1.0,0.44457178841309825,Cairo,1,12382,3902.0
Cairo_y2020.tif,511,1.0,0.43784735812133074,Cairo,0,12322,3902.0
Cairo_y2020.tif,730,1.0,0.4187054794520548,Cairo,0,12342,3902.0
Cairo_y2020.tif,441,1.0,0.4225850340136054,Cairo,0,12355,3902.0
Cairo_y2020.tif,765,1.0,0.45732679738562093,Cairo,1,12392,3902.0
Cairo_y2020.tif,534,0.5749063670411985,0.30213483146067416,Cairo,0,12386,3902.0
Cairo_y2020.tif,844,1.0,0.40517772511848343,Cairo,0,12443,3902.0
Cairo_y2020.tif,1352,1.0,0.4422448224852071,Cairo,1,12472,3902.0
Cairo_y2020.tif,935,0.9336898395721925,0.3602673796791444,Cairo,0,12459,3902.0
Cairo_y2020.tif,642,0.0,0.03946261682242991,Cairo,0,12232,3902.0
Cairo_y2020.tif,260,0.0,0.034192307692307695,Cairo,0,12333,3902.0
Cairo_y2020.tif,450,0.0,0.027877777777777786,Cairo,0,12361,3902.0
Cairo_y2020.tif,4816,0.0,0.032926702657807304,Cairo,0,12510,3902.0
Cairo_y2020.tif,371,0.0,0.08328840970350404,Cairo,0,12415,3902.0
Cairo_y2020.tif,536,0.0,0.026072761194029855,Cairo,0,12453,3902.0
Cairo_y2020.tif,1720,0.0,0.04610174418604652,Cairo,1,12493,3902.0
Cairo_y2020.tif,229,0.0,0.08707423580786025,Cairo,1,12477,3902.0
Cairo_y2020.tif,227,0.0,0.06898678414096916,Cairo,1,12539,3902.0
Cairo_y2020.tif,392,0.0,0.08025510204081633,Cairo,0,12549,3902.0
Cairo_y2020.tif,558,0.18458781362007168,0.19714157706093188,Cairo,0,12421,3902.0
Cairo_y2020.tif,735,1.0,0.43887755102040815,Cairo,1,12454,3902.0
Cairo_y2020.tif,432,0.06944444444444445,0.180625,Cairo,0,12485,3902.0
Cairo_y2020.tif,650,1.0,0.39849230769230765,Cairo,1,12489,3902.0
Cairo_y2020.tif,688,1.0,0.3865188953488372,Cairo,0,12509,3902.0
Cairo_y2020.tif,821,1.0,0.4253045066991473,Cairo,1,12538,3902.0
Cairo_y2020.tif,680,0.7,0.3335514705882353,Cairo,1,12554,3902.0
Cairo_y2020.tif,695,0.27913669064748203,0.23450359712230218,Cairo,0,12541,3902.0
Cairo_y2020.tif,685,1.0,0.41978102189781025,Cairo,1,12579,3902.0
Cairo_y2020.tif,552,1.0,0.4519746376811594,Cairo,1,12594,3902.0
Cairo_y2020.tif,8991,0.0022244466688911132,0.03878934490045602,Cairo,0,12567,3902.0
Cairo_y2020.tif,7352,0.2611534276387378,0.13440492383025027,Cairo,0,12672,3902.0
Cairo_y2020.tif,646,0.5356037151702786,0.20993034055727555,Cairo,1,12643,3902.0
Cairo_y2020.tif,3873,0.046733798089336434,0.0699444874774077,Cairo,0,12754,3902.0
Cairo_y2020.tif,1213,0.29348722176422093,0.17859439406430339,Cairo,0,12713,3902.0
Cairo_y2020.tif,1204,0.526578073089701,0.18864202657807308,Cairo,0,12760,3902.0
Cairo_y2020.tif,1234,0.6304700162074555,0.23382090761750407,Cairo,0,12810,3902.0
Cairo_y2020.tif,1206,0.9270315091210614,0.3268076285240465,Cairo,0,12814,3902.0
Cairo_y2020.tif,3151,0.06442399238337036,0.08143922564265313,Cairo,0,12867,3902.0
Cairo_y2020.tif,1263,0.4679334916864608,0.18556611243072052,Cairo,0,12881,3902.0
Cairo_y2020.tif,4518,0.0,0.014166666666666666,Cairo,0,12691,3902.0
Cairo_y2020.tif,1055,0.0,0.03718957345971564,Cairo,0,12655,3902.0
Cairo_y2020.tif,467,0.0,0.07244111349036404,Cairo,0,12619,3902.0
Cairo_y2020.tif,8409,0.0,0.03780473302414081,Cairo,0,12709,3902.0
Cairo_y2020.tif,644,0.0,0.08796583850931677,Cairo,1,12671,3902.0
Cairo_y2020.tif,2867,0.008371119637251482,0.07792291594000698,Cairo,0,12751,3902.0
Cairo_y2020.tif,938,0.0,0.0511727078891258,Cairo,0,12738,3902.0
Cairo_y2020.tif,630,0.0,0.06482539682539683,Cairo,0,12737,3902.0
Cairo_y2020.tif,599,0.01335559265442404,0.11135225375626044,Cairo,0,12748,3902.0
Cairo_y2020.tif,1272,0.1509433962264151,0.16211477987421385,Cairo,0,12796,3902.0
Cairo_y2020.tif,2696,0.20289317507418397,0.15780229970326407,Cairo,0,12743,3902.0
Cairo_y2020.tif,2694,0.5037119524870082,0.24060319227913882,Cairo,0,12714,3902.0
Cairo_y2020.tif,3676,0.3207290533188248,0.16576033732317738,Cairo,0,12831,3902.0
Cairo_y2020.tif,450,0.9733333333333334,0.3527111111111111,Cairo,1,12888,3902.0
Cairo_y2020.tif,458,0.0,0.042521834061135376,Cairo,0,12948,3902.0
Cairo_y2020.tif,175,0.7942857142857143,0.2578571428571429,Cairo,1,12925,3902.0
Cairo_y2020.tif,5444,0.5236958119030125,0.21833027185892726,Cairo,0,13021,3902.0
Cairo_y2020.tif,175,0.05142857142857143,0.08708571428571431,Cairo,1,12983,3902.0
Cairo_y2020.tif,479,1.0,0.4153549060542797,Cairo,1,13034,3902.0
Cairo_y2020.tif,717,0.100418410041841,0.1315899581589958,Cairo,0,13070,3902.0
Cairo_y2020.tif,344,0.0,0.07734011627906975,Cairo,1,12788,3902.0
Cairo_y2020.tif,1179,0.0,0.03983884648006785,Cairo,0,12811,3902.0
Cairo_y2020.tif,1661,0.0,0.11684527393136664,Cairo,0,12849,3902.0
Cairo_y2020.tif,884,0.0,0.10515271493212672,Cairo,1,12844,3902.0
Cairo_y2020.tif,931,0.0,0.05721804511278195,Cairo,0,12877,3902.0
Cairo_y2020.tif,3891,0.317142122847597,0.1553173991261886,Cairo,0,12943,3902.0
Cairo_y2020.tif,774,0.0,0.07040051679586563,Cairo,0,12895,3902.0
Cairo_y2020.tif,599,0.0,0.07154424040066777,Cairo,0,12970,3902.0
Cairo_y2020.tif,892,0.9876681614349776,0.3647645739910314,Cairo,1,12979,3902.0
Cairo_y2020.tif,8169,0.06328804015179336,0.06423797282409109,Cairo,0,13103,3902.0
Cairo_y2020.tif,2527,0.5738029283735655,0.2478868223189553,Cairo,1,12960,3902.0
Cairo_y2020.tif,1702,0.9970622796709753,0.3329700352526439,Cairo,0,12905,3902.0
Cairo_y2020.tif,377,0.8753315649867374,0.2327055702917772,Cairo,1,12938,3902.0
Cairo_y2020.tif,1988,0.13229376257545272,0.09198189134808854,Cairo,0,12961,3902.0
Cairo_y2020.tif,1875,0.9669333333333333,0.359696,Cairo,1,13017,3902.0
Cairo_y2020.tif,531,0.2711864406779661,0.16927495291902073,Cairo,0,13052,3902.0
Cairo_y2020.tif,837,0.27001194743130225,0.18958781362007168,Cairo,0,13007,3902.0
Cairo_y2020.tif,618,1.0,0.4317880258899677,Cairo,1,13023,3902.0
Cairo_y2020.tif,1089,0.0,0.0662534435261708,Cairo,0,13095,3902.0
Cairo_y2020.tif,399,0.9548872180451128,0.3675689223057645,Cairo,1,13050,3902.0
Cairo_y2020.tif,528,0.2916666666666667,0.22869318181818185,Cairo,1,13006,3902.0
Cairo_y2020.tif,426,0.7863849765258216,0.2903521126760564,Cairo,1,13045,3902.0
Cairo_y2020.tif,887,0.6583990980834273,0.28970124013528753,Cairo,0,13026,3902.0
Cairo_y2020.tif,828,0.678743961352657,0.2717995169082126,Cairo,1,13049,3902.0
Cairo_y2020.tif,525,0.17333333333333334,0.20056190476190477,Cairo,0,13081,3902.0
Cairo_y2020.tif,489,0.0,0.06724948875255625,Cairo,0,13101,3902.0
Cairo_y2020.tif,1485,0.25252525252525254,0.16576767676767679,Cairo,0,13145,3902.0
Cairo_y2020.tif,285,0.09824561403508772,0.14064912280701752,Cairo,1,13136,3902.0
Cairo_y2020.tif,383,0.4046997389033943,0.22494778067885118,Cairo,1,13152,3902.0
Cairo_y2020.tif,1358,0.8122238586156112,0.2734904270986745,Cairo,1,13192,3902.0
Cairo_y2020.tif,342,1.0,0.4026900584795321,Cairo,1,12167,3902.0
Cairo_y2020.tif,295,0.7220338983050848,0.330864406779661,Cairo,1,12227,3902.0
Cairo_y2020.tif,344,0.16569767441860464,0.17767441860465116,Cairo,0,12202,3902.0
Cairo_y2020.tif,236,1.0,0.3629449152542373,Cairo,1,12200,3902.0
Cairo_y2020.tif,357,0.9943977591036415,0.379733893557423,Cairo,1,12239,3902.0
Cairo_y2020.tif,397,0.3602015113350126,0.19877833753148613,Cairo,1,12247,3902.0
Cairo_y2020.tif,212,0.7169811320754716,0.27349056603773586,Cairo,0,12246,3902.0
Cairo_y2020.tif,339,0.6283185840707964,0.19551622418879055,Cairo,0,12260,3902.0
Cairo_y2020.tif,117,0.0,0.13910256410256408,Cairo,0,12284,3902.0
Cairo_y2020.tif,192,0.109375,0.17533854166666665,Cairo,0,12275,3902.0
Cairo_y2020.tif,817,0.15422276621787026,0.16498164014687883,Cairo,0,12244,3902.0
Cairo_y2020.tif,338,0.15680473372781065,0.2337130177514793,Cairo,1,12217,3902.0
Cairo_y2020.tif,341,0.9530791788856305,0.36611436950146625,Cairo,1,12251,3902.0
Cairo_y2020.tif,272,0.8860294117647058,0.3367647058823529,Cairo,1,12225,3902.0
Cairo_y2020.tif,212,0.5801886792452831,0.2966981132075472,Cairo,1,12270,3902.0
Cairo_y2020.tif,421,0.04275534441805225,0.1208313539192399,Cairo,1,12293,3902.0
Cairo_y2020.tif,230,0.0,0.1802391304347826,Cairo,1,12280,3902.0
Cairo_y2020.tif,516,0.6298449612403101,0.2564825581395349,Cairo,1,12324,3902.0
Cairo_y2020.tif,655,0.9786259541984733,0.35725190839694654,Cairo,1,12278,3902.0
Cairo_y2020.tif,771,0.17639429312581065,0.10097924773022048,Cairo,1,12380,3902.0
Cairo_y2020.tif,432,0.9259259259259259,0.22664351851851852,Cairo,0,12224,3902.0
Cairo_y2020.tif,636,0.809748427672956,0.2805738993710692,Cairo,0,12340,3902.0
Cairo_y2020.tif,515,0.5902912621359223,0.19702912621359223,Cairo,1,12279,3902.0
Cairo_y2020.tif,479,0.7139874739039666,0.2043006263048017,Cairo,0,12283,3902.0
Cairo_y2020.tif,556,0.9406474820143885,0.30728417266187047,Cairo,1,12303,3902.0
Cairo_y2020.tif,395,0.9063291139240506,0.24907594936708863,Cairo,0,12311,3902.0
Cairo_y2020.tif,362,0.9337016574585635,0.27932320441988945,Cairo,1,12367,3902.0
Cairo_y2020.tif,456,0.23684210526315788,0.1986622807017544,Cairo,1,12384,3902.0
Cairo_y2020.tif,326,0.9969325153374233,0.3440644171779141,Cairo,1,12424,3902.0
Cairo_y2020.tif,204,0.1568627450980392,0.18740196078431373,Cairo,1,12436,3902.0
Cairo_y2020.tif,185,0.04864864864864865,0.1891081081081081,Cairo,0,12354,3902.0
Cairo_y2020.tif,139,0.0,0.17557553956834535,Cairo,1,12359,3902.0
Cairo_y2020.tif,145,0.0,0.14855172413793102,Cairo,1,12362,3902.0
Cairo_y2020.tif,154,0.0,0.12655844155844156,Cairo,0,12368,3902.0
Cairo_y2020.tif,584,0.4777397260273973,0.24613013698630137,Cairo,1,12388,3902.0
Cairo_y2020.tif,866,0.13625866050808313,0.15581986143187065,Cairo,0,12407,3902.0
Cairo_y2020.tif,153,0.16993464052287582,0.22617647058823528,Cairo,1,12402,3902.0
Cairo_y2020.tif,138,0.050724637681159424,0.2107246376811594,Cairo,0,12405,3902.0
Cairo_y2020.tif,380,0.8,0.30286842105263156,Cairo,0,12432,3902.0
Cairo_y2020.tif,259,0.9613899613899614,0.3289189189189189,Cairo,0,12448,3902.0
Cairo_y2020.tif,389,0.0,0.12568123393316197,Cairo,1,12302,3902.0
Cairo_y2020.tif,235,0.0,0.1222340425531915,Cairo,1,12319,3902.0
Cairo_y2020.tif,22232,0.040527168046059735,0.05249235336451962,Cairo,0,12660,3902.0
Cairo_y2020.tif,213,1.0,0.2876525821596244,Cairo,1,12706,3902.0
Cairo_y2020.tif,436,0.8876146788990825,0.2709747706422019,Cairo,1,12711,3902.0
Cairo_y2020.tif,383,1.0,0.35731070496083545,Cairo,0,12720,3902.0
Cairo_y2020.tif,201,1.0,0.3947761194029852,Cairo,1,12728,3902.0
Cairo_y2020.tif,168,1.0,0.3595833333333333,Cairo,1,12732,3902.0
Cairo_y2020.tif,170,0.9705882352941176,0.29517647058823526,Cairo,1,12736,3902.0
Cairo_y2020.tif,304,1.0,0.3607236842105263,Cairo,0,12765,3902.0
Cairo_y2020.tif,200,0.655,0.286275,Cairo,0,12441,3902.0
Cairo_y2020.tif,144,0.9861111111111112,0.30628472222222225,Cairo,0,12451,3902.0
Cairo_y2020.tif,858,0.16433566433566432,0.14751165501165503,Cairo,0,12503,3902.0
Cairo_y2020.tif,259,0.9382239382239382,0.31530888030888027,Cairo,1,12470,3902.0
Cairo_y2020.tif,186,0.9408602150537635,0.33293010752688174,Cairo,0,12476,3902.0
Cairo_y2020.tif,368,0.9646739130434783,0.34349184782608694,Cairo,0,12482,3902.0
Cairo_y2020.tif,1226,0.2137030995106036,0.15793230016313214,Cairo,0,12560,3902.0
Cairo_y2020.tif,764,0.10471204188481675,0.1526374345549738,Cairo,0,12573,3902.0
Cairo_y2020.tif,843,0.0011862396204033216,0.086067615658363,Cairo,0,12615,3902.0
Cairo_y2020.tif,4980,0.004819277108433735,0.02872690763052209,Cairo,0,12695,3902.0
Cairo_y2020.tif,520,0.9365384615384615,0.30191346153846155,Cairo,0,12473,3902.0
Cairo_y2020.tif,180,0.49444444444444446,0.24297222222222223,Cairo,0,12461,3902.0
Cairo_y2020.tif,324,0.9351851851851852,0.3020679012345679,Cairo,1,12569,3902.0
Cairo_y2020.tif,224,1.0,0.3494642857142857,Cairo,1,12566,3902.0
Cairo_y2020.tif,204,1.0,0.3500245098039216,Cairo,1,12571,3902.0
Cairo_y2020.tif,186,1.0,0.3493548387096774,Cairo,1,12568,3902.0
Cairo_y2020.tif,187,0.12834224598930483,0.145,Cairo,1,12654,3902.0
Cairo_y2020.tif,249,0.21285140562248997,0.1801004016064257,Cairo,1,12661,3902.0
Cairo_y2020.tif,199,0.1658291457286432,0.1663065326633166,Cairo,1,12666,3902.0
Cairo_y2020.tif,298,0.0,0.038120805369127514,Cairo,0,12704,3902.0
Cairo_y2020.tif,311,0.6270096463022508,0.2720418006430868,Cairo,1,12708,3902.0
Cairo_y2020.tif,773,0.03492884864165589,0.0910608020698577,Cairo,1,12914,3902.0
Cairo_y2020.tif,3099,0.025492094223943208,0.04913681832849306,Cairo,0,12965,3902.0
Cairo_y2020.tif,255,0.2627450980392157,0.18113725490196078,Cairo,0,12951,3902.0
Cairo_y2020.tif,441,0.1292517006802721,0.143140589569161,Cairo,1,12964,3902.0
Cairo_y2020.tif,218,0.8348623853211009,0.3366284403669725,Cairo,1,12981,3902.0
Cairo_y2020.tif,207,0.855072463768116,0.3310869565217392,Cairo,1,12986,3902.0
Cairo_y2020.tif,242,0.44214876033057854,0.211900826446281,Cairo,1,12999,3902.0
Cairo_y2020.tif,284,1.0,0.41853873239436623,Cairo,1,13002,3902.0
Cairo_y2020.tif,234,1.0,0.4390811965811966,Cairo,0,13012,3902.0
Cairo_y2020.tif,15216,0.19597791798107256,0.10403555467928496,Cairo,0,12911,3902.0
Cairo_y2020.tif,8135,0.014136447449293177,0.03406637984019669,Cairo,0,13027,3902.0
Cairo_y2020.tif,7066,0.0,0.019702802151146333,Cairo,0,13047,3902.0
Cairo_y2020.tif,355,0.0,0.06318309859154929,Cairo,0,12946,3902.0
Cairo_y2020.tif,173,0.0,0.06242774566473989,Cairo,0,12962,3902.0
Cairo_y2020.tif,584,0.0,0.061943493150684925,Cairo,1,12989,3902.0
Cairo_y2020.tif,873,0.09621993127147767,0.1325315005727377,Cairo,1,12996,3902.0
Cairo_y2020.tif,461,0.3644251626898048,0.18908893709327546,Cairo,1,13048,3902.0
Cairo_y2020.tif,3039,0.0036196117143797303,0.09811286607436656,Cairo,0,13198,3902.0
Cairo_y2020.tif,246,0.0,0.11195121951219512,Cairo,0,13085,3902.0
Cairo_y2020.tif,875,0.6011428571428571,0.1928228571428571,Cairo,0,12799,3902.0
Cairo_y2020.tif,393,0.9567430025445293,0.291234096692112,Cairo,0,12807,3902.0
Cairo_y2020.tif,380,0.6026315789473684,0.1821842105263158,Cairo,0,12791,3902.0
Cairo_y2020.tif,672,0.3482142857142857,0.14176339285714284,Cairo,0,12836,3902.0
Cairo_y2020.tif,318,0.03459119496855346,0.11193396226415094,Cairo,0,12870,3902.0
Cairo_y2020.tif,674,0.3545994065281899,0.1640578635014837,Cairo,1,13031,3902.0
Cairo_y2020.tif,1343,0.6150409530900968,0.25091958302308265,Cairo,1,13068,3902.0
Cairo_y2020.tif,648,0.22530864197530864,0.20722222222222222,Cairo,1,13108,3902.0
Cairo_y2020.tif,13186,0.02912179584407705,0.0408228424086152,Cairo,0,13283,3902.0
Cairo_y2020.tif,906,0.004415011037527594,0.14810154525386315,Cairo,0,13158,3902.0
Cairo_y2020.tif,652,0.0,0.02005368098159509,Cairo,0,12155,3902.0
Cairo_y2020.tif,1239,0.0,0.09510088781275224,Cairo,1,12195,3902.0
Cairo_y2020.tif,1167,0.0,0.04530848329048843,Cairo,0,12189,3902.0
Cairo_y2020.tif,428,0.0,0.07946261682242992,Cairo,0,12193,3902.0
Cairo_y2020.tif,1136,0.0,0.020897887323943664,Cairo,0,12237,3902.0
Cairo_y2020.tif,4258,0.0,0.0552829967120714,Cairo,0,12506,3902.0
Cairo_y2020.tif,204,0.4411764705882353,0.2691176470588236,Cairo,1,12393,3902.0
Cairo_y2020.tif,198,0.8333333333333334,0.3237373737373737,Cairo,1,12427,3902.0
Cairo_y2020.tif,207,0.7971014492753623,0.29181159420289854,Cairo,1,12449,3902.0
Cairo_y2020.tif,204,0.3284313725490196,0.20894607843137256,Cairo,0,12464,3902.0
Cairo_y2020.tif,158,0.9810126582278481,0.364493670886076,Cairo,1,12352,3902.0
Cairo_y2020.tif,418,0.9808612440191388,0.36549043062200964,Cairo,1,12373,3902.0
Cairo_y2020.tif,438,0.9885844748858448,0.40518264840182644,Cairo,1,12398,3902.0
Cairo_y2020.tif,335,1.0,0.3939850746268656,Cairo,1,12406,3902.0
Cairo_y2020.tif,356,1.0,0.42164325842696626,Cairo,1,12412,3902.0
Cairo_y2020.tif,281,1.0,0.42272241992882564,Cairo,1,12420,3902.0
Cairo_y2020.tif,498,1.0,0.43344377510040166,Cairo,1,12423,3902.0
Cairo_y2020.tif,517,1.0,0.44048355899419733,Cairo,1,12431,3902.0
Cairo_y2020.tif,411,1.0,0.41763990267639894,Cairo,1,12438,3902.0
Cairo_y2020.tif,455,1.0,0.43938461538461543,Cairo,1,12469,3902.0
Cairo_y2020.tif,239,1.0,0.3892468619246863,Cairo,1,12413,3902.0
Cairo_y2020.tif,657,0.6818873668188736,0.23222983257229832,Cairo,1,12445,3902.0
Cairo_y2020.tif,334,1.0,0.4498802395209581,Cairo,1,12450,3902.0
Cairo_y2020.tif,282,0.2198581560283688,0.1494503546099291,Cairo,0,12465,3902.0
Cairo_y2020.tif,509,0.9548133595284872,0.3654223968565815,Cairo,1,12501,3902.0
Cairo_y2020.tif,644,0.0,0.023059006211180122,Cairo,0,12548,3902.0
Cairo_y2020.tif,320,0.6375,0.296078125,Cairo,1,12552,3902.0
Cairo_y2020.tif,463,0.0,0.0258207343412527,Cairo,0,12581,3902.0
Cairo_y2020.tif,277,0.5523465703971119,0.29110108303249094,Cairo,1,12596,3902.0
Cairo_y2020.tif,397,0.6196473551637279,0.24468513853904278,Cairo,1,12605,3902.0
Cairo_y2020.tif,598,1.0,0.42888795986622075,Cairo,1,12495,3902.0
Cairo_y2020.tif,805,1.0,0.4301490683229814,Cairo,1,12498,3902.0
Cairo_y2020.tif,253,0.8853754940711462,0.3708102766798419,Cairo,1,12516,3902.0
Cairo_y2020.tif,395,1.0,0.43756962025316465,Cairo,1,12518,3902.0
Cairo_y2020.tif,267,1.0,0.42204119850187266,Cairo,1,12536,3902.0
Cairo_y2020.tif,399,0.9899749373433584,0.401265664160401,Cairo,1,12550,3902.0
Cairo_y2020.tif,369,0.9512195121951219,0.37967479674796745,Cairo,1,12558,3902.0
Cairo_y2020.tif,679,0.7157584683357879,0.32478645066273926,Cairo,1,12582,3902.0
Cairo_y2020.tif,214,1.0,0.41186915887850467,Cairo,1,12588,3902.0
Cairo_y2020.tif,541,0.5378927911275416,0.22945471349353047,Cairo,0,12612,3902.0
Cairo_y2020.tif,4517,0.05468231126854107,0.05586561877352225,Cairo,0,12700,3902.0
Cairo_y2020.tif,228,1.0,0.4094736842105264,Cairo,0,12614,3902.0
Cairo_y2020.tif,179,1.0,0.40631284916201127,Cairo,1,12633,3902.0
Cairo_y2020.tif,371,0.9757412398921833,0.3817654986522911,Cairo,1,12652,3902.0
Cairo_y2020.tif,809,0.09765142150803462,0.12317058096415329,Cairo,0,12733,3902.0
Cairo_y2020.tif,405,0.9975308641975309,0.3765308641975309,Cairo,0,12670,3902.0
Cairo_y2020.tif,209,0.9234449760765551,0.33899521531100474,Cairo,1,12688,3902.0
Cairo_y2020.tif,493,0.9371196754563894,0.3342190669371196,Cairo,1,12684,3902.0
Cairo_y2020.tif,211,0.8199052132701422,0.32225118483412324,Cairo,1,12697,3902.0
Cairo_y2020.tif,126,0.3412698412698413,0.21055555555555552,Cairo,1,12686,3902.0
Cairo_y2020.tif,251,0.0,0.095597609561753,Cairo,0,12526,3902.0
Cairo_y2020.tif,11102,0.08223743469645109,0.07475454872995857,Cairo,0,12703,3902.0
Cairo_y2020.tif,2142,0.0,0.0253968253968254,Cairo,0,12753,3902.0
Cairo_y2020.tif,2456,0.13477198697068404,0.0729051302931596,Cairo,0,12785,3902.0
Cairo_y2020.tif,207,0.2898550724637681,0.18427536231884056,Cairo,1,12734,3902.0
Cairo_y2020.tif,557,0.5008976660682226,0.2121903052064632,Cairo,0,12771,3902.0
Cairo_y2020.tif,519,0.9229287090558767,0.298140655105973,Cairo,0,12781,3902.0
Cairo_y2020.tif,406,0.8103448275862069,0.2520320197044335,Cairo,0,12795,3902.0
Cairo_y2020.tif,606,0.3712871287128713,0.22438118811881186,Cairo,1,12813,3902.0
Cairo_y2020.tif,303,0.1353135313531353,0.21034653465346534,Cairo,1,12830,3902.0
Cairo_y2020.tif,418,0.2703349282296651,0.155311004784689,Cairo,0,15454,3902.0
Cairo_y2020.tif,416,0.46153846153846156,0.23542067307692308,Cairo,0,12710,3902.0
Cairo_y2020.tif,426,0.9413145539906104,0.2860211267605634,Cairo,0,12729,3902.0
Cairo_y2020.tif,1050,0.4780952380952381,0.17696666666666666,Cairo,0,12825,3902.0
Cairo_y2020.tif,1032,0.7441860465116279,0.2707267441860465,Cairo,1,12776,3902.0
Cairo_y2020.tif,1122,0.012477718360071301,0.1326426024955437,Cairo,0,12885,3902.0
Cairo_y2020.tif,388,0.6211340206185567,0.2574226804123711,Cairo,1,12852,3902.0
Cairo_y2020.tif,898,0.0,0.07748886414253899,Cairo,0,12891,3902.0
Cairo_y2020.tif,535,0.0,0.11386915887850467,Cairo,1,12886,3902.0
Cairo_y2020.tif,260,0.47307692307692306,0.24115384615384616,Cairo,1,12858,3902.0
Cairo_y2020.tif,2666,0.0,0.04633908477119281,Cairo,0,12721,3902.0
Cairo_y2020.tif,280,0.40714285714285714,0.2430892857142857,Cairo,1,12623,3902.0
Cairo_y2020.tif,235,0.3659574468085106,0.2230851063829787,Cairo,1,12656,3902.0
Cairo_y2020.tif,3044,0.001314060446780552,0.03807654402102497,Cairo,0,12789,3902.0
Cairo_y2020.tif,320,0.5875,0.21110937500000002,Cairo,0,12972,3902.0
Cairo_y2020.tif,441,0.6485260770975056,0.26351473922902496,Cairo,1,12988,3902.0
Cairo_y2020.tif,197,0.8934010152284264,0.3123857868020305,Cairo,1,13043,3902.0
Cairo_y2020.tif,228,0.9649122807017544,0.3447368421052632,Cairo,0,13075,3902.0
Cairo_y2020.tif,23048,0.03436306837903506,0.04666955918083999,Cairo,0,13400,3902.0
Cairo_y2020.tif,235,0.44680851063829785,0.22127659574468084,Cairo,1,13204,3902.0
Cairo_y2020.tif,212,1.0,0.4196462264150943,Cairo,1,13022,3902.0
Cairo_y2020.tif,261,1.0,0.4382567049808429,Cairo,1,13030,3902.0
Cairo_y2020.tif,240,1.0,0.4579166666666667,Cairo,1,13040,3902.0
Cairo_y2020.tif,257,1.0,0.43536964980544746,Cairo,1,13055,3902.0
Cairo_y2020.tif,484,0.993801652892562,0.433202479338843,Cairo,1,13094,3902.0
Cairo_y2020.tif,352,1.0,0.45313920454545453,Cairo,1,13087,3902.0
Cairo_y2020.tif,258,1.0,0.4369961240310078,Cairo,1,13080,3902.0
Cairo_y2020.tif,212,0.9858490566037735,0.35837264150943393,Cairo,0,13105,3902.0
Cairo_y2020.tif,210,1.0,0.4473095238095238,Cairo,1,13099,3902.0
Cairo_y2020.tif,208,1.0,0.454735576923077,Cairo,1,13115,3902.0
Cairo_y2020.tif,8248,0.06522793404461688,0.07553346265761397,Cairo,0,13044,3902.0
Cairo_y2020.tif,719,0.0,0.13353963838664812,Cairo,0,13076,3902.0
Cairo_y2020.tif,609,0.0,0.10513136288998359,Cairo,0,13215,3902.0
Cairo_y2020.tif,349,0.0028653295128939827,0.1365759312320917,Cairo,1,13106,3902.0
Cairo_y2020.tif,598,0.015050167224080268,0.09445652173913044,Cairo,0,13114,3902.0
Cairo_y2020.tif,581,0.0,0.05561962134251291,Cairo,0,13171,3902.0
Cairo_y2020.tif,214,0.7476635514018691,0.24081775700934577,Cairo,0,13316,3902.0
Cairo_y2020.tif,523,0.0,0.043279158699808806,Cairo,0,13442,3902.0
Cairo_y2020.tif,607,0.044481054365733116,0.07040362438220758,Cairo,1,13453,3902.0
Cairo_y2020.tif,291,0.003436426116838488,0.09970790378006872,Cairo,0,13492,3902.0
Cairo_y2020.tif,422,0.11374407582938388,0.17672985781990516,Cairo,1,13057,3902.0
Cairo_y2020.tif,323,0.5541795665634675,0.24526315789473688,Cairo,1,13060,3902.0
Cairo_y2020.tif,532,0.0,0.07358082706766918,Cairo,0,13067,3902.0
Cairo_y2020.tif,798,0.8283208020050126,0.3081829573934837,Cairo,1,13082,3902.0
Cairo_y2020.tif,882,0.47845804988662133,0.23386054421768707,Cairo,0,13100,3902.0
Cairo_y2020.tif,830,0.6421686746987951,0.24836746987951805,Cairo,0,13116,3902.0
Cairo_y2020.tif,446,0.6883408071748879,0.30066143497757847,Cairo,0,13137,3902.0
Cairo_y2020.tif,303,0.7194719471947195,0.25240924092409245,Cairo,0,13165,3902.0
Cairo_y2020.tif,363,1.0,0.39447658402203856,Cairo,1,13184,3902.0
Cairo_y2020.tif,188,1.0,0.4030585106382979,Cairo,1,13146,3902.0
Cairo_y2020.tif,332,0.8403614457831325,0.352183734939759,Cairo,1,13036,3902.0
Cairo_y2020.tif,337,0.17507418397626112,0.20210682492581603,Cairo,1,13062,3902.0
Cairo_y2020.tif,372,0.01881720430107527,0.1201478494623656,Cairo,1,13074,3902.0
Cairo_y2020.tif,1698,0.22791519434628976,0.18562131919905772,Cairo,1,13150,3902.0
Cairo_y2020.tif,676,0.13757396449704143,0.16070266272189349,Cairo,0,13156,3902.0
Cairo_y2020.tif,164,0.8475609756097561,0.2483536585365854,Cairo,1,13161,3902.0
Cairo_y2020.tif,173,0.8786127167630058,0.2585260115606937,Cairo,0,13169,3902.0
Cairo_y2020.tif,228,0.6622807017543859,0.2564035087719298,Cairo,1,13189,3902.0
Cairo_y2020.tif,319,0.3072100313479624,0.205141065830721,Cairo,1,13212,3902.0
Cairo_y2020.tif,518,0.08494208494208494,0.09971042471042472,Cairo,0,13247,3902.0
Cairo_y2020.tif,352,0.23011363636363635,0.18505681818181818,Cairo,1,13174,3902.0
Cairo_y2020.tif,345,0.9507246376811594,0.34702898550724637,Cairo,1,13176,3902.0
Cairo_y2020.tif,957,0.04911180773249739,0.10191222570532915,Cairo,0,13178,3902.0
Cairo_y2020.tif,194,0.17525773195876287,0.19461340206185568,Cairo,1,13188,3902.0
Cairo_y2020.tif,243,0.9300411522633745,0.28512345679012346,Cairo,1,13219,3902.0
Cairo_y2020.tif,300,0.99,0.32431666666666664,Cairo,0,13234,3902.0
Cairo_y2020.tif,543,0.9539594843462247,0.3452025782688766,Cairo,1,13264,3902.0
Cairo_y2020.tif,390,0.36153846153846153,0.18382051282051282,Cairo,1,13245,3902.0
Cairo_y2020.tif,227,0.3832599118942731,0.2607929515418502,Cairo,1,13210,3902.0
Cairo_y2020.tif,419,1.0,0.34426014319809073,Cairo,1,13240,3902.0
Cairo_y2020.tif,1006,0.007952286282306162,0.09473161033797216,Cairo,0,12756,3902.0
Cairo_y2020.tif,10497,0.04001143183766791,0.04281509002572163,Cairo,0,12941,3902.0
Cairo_y2020.tif,166,0.5120481927710844,0.24132530120481924,Cairo,1,12839,3902.0
Cairo_y2020.tif,311,0.7781350482315113,0.27919614147909966,Cairo,1,12883,3902.0
Cairo_y2020.tif,9046,0.010833517576829538,0.05167035153659076,Cairo,0,13307,3902.0
Cairo_y2020.tif,402,0.21144278606965175,0.16039800995024872,Cairo,1,13311,3902.0
Cairo_y2020.tif,402,1.0,0.365497512437811,Cairo,0,13318,3902.0
Cairo_y2020.tif,30971,0.019857285848051402,0.04456330115269123,Cairo,0,14146,3902.0
Cairo_y2020.tif,547,0.696526508226691,0.17831809872029253,Cairo,0,13956,3902.0
Cairo_y2020.tif,503,0.8409542743538767,0.20284294234592445,Cairo,0,13975,3902.0
Cairo_y2020.tif,410,0.8121951219512196,0.30285365853658536,Cairo,1,13201,3902.0
Cairo_y2020.tif,953,0.03672612801678909,0.0823189926547744,Cairo,0,13285,3902.0
Cairo_y2020.tif,615,1.0,0.41324390243902437,Cairo,1,13259,3902.0
Cairo_y2020.tif,1403,0.0,0.04889522451888809,Cairo,0,13305,3902.0
Cairo_y2020.tif,324,1.0,0.358395061728395,Cairo,1,13239,3902.0
Cairo_y2020.tif,320,1.0,0.4154375,Cairo,1,13228,3902.0
Cairo_y2020.tif,353,0.8611898016997167,0.3328895184135977,Cairo,1,13262,3902.0
Cairo_y2020.tif,7783,0.09777720673262238,0.0942400102788128,Cairo,0,13458,3902.0
Cairo_y2020.tif,245,1.0,0.3470408163265305,Cairo,1,13300,3902.0
Cairo_y2020.tif,818,0.988997555012225,0.35587408312958435,Cairo,1,13266,3902.0
Cairo_y2020.tif,212,1.0,0.36174528301886794,Cairo,0,13256,3902.0
Cairo_y2020.tif,410,0.2926829268292683,0.17373170731707316,Cairo,0,13290,3902.0
Cairo_y2020.tif,644,0.922360248447205,0.3544409937888199,Cairo,1,13275,3902.0
Cairo_y2020.tif,386,1.0,0.3647538860103627,Cairo,0,13331,3902.0
Cairo_y2020.tif,298,0.5469798657718121,0.2531208053691275,Cairo,1,13355,3902.0
Cairo_y2020.tif,3411,0.5271181471709177,0.18670477865728527,Cairo,0,13416,3902.0
Cairo_y2020.tif,287,0.445993031358885,0.25916376306620215,Cairo,1,13345,3902.0
Cairo_y2020.tif,407,1.0,0.37518427518427516,Cairo,0,13349,3902.0
Cairo_y2020.tif,310,1.0,0.3713225806451613,Cairo,1,13328,3902.0
Cairo_y2020.tif,499,0.5470941883767535,0.2474448897795591,Cairo,1,13370,3902.0
Cairo_y2020.tif,268,1.0,0.4133768656716418,Cairo,1,13315,3902.0
Cairo_y2020.tif,630,0.9650793650793651,0.3265634920634921,Cairo,1,13293,3902.0
Cairo_y2020.tif,562,1.0,0.41101423487544486,Cairo,1,13367,3902.0
Cairo_y2020.tif,485,0.016494845360824743,0.09923711340206186,Cairo,0,13384,3902.0
Cairo_y2020.tif,331,0.24773413897280966,0.2560574018126888,Cairo,1,13361,3902.0
Cairo_y2020.tif,906,1.0,0.40645143487858726,Cairo,1,13413,3902.0
Cairo_y2020.tif,216,0.6064814814814815,0.27870370370370373,Cairo,1,13398,3902.0
Cairo_y2020.tif,308,0.9675324675324676,0.3450324675324675,Cairo,1,13447,3902.0
Cairo_y2020.tif,177,1.0,0.39228813559322034,Cairo,0,13439,3902.0
Cairo_y2020.tif,147,0.8095238095238095,0.2423809523809524,Cairo,0,13470,3902.0
Cairo_y2020.tif,559,0.012522361359570662,0.09372987477638639,Cairo,0,13279,3902.0
Cairo_y2020.tif,297,0.5151515151515151,0.21409090909090908,Cairo,1,13268,3902.0
Cairo_y2020.tif,728,0.5137362637362637,0.24092719780219782,Cairo,1,13306,3902.0
Cairo_y2020.tif,195,0.40512820512820513,0.24564102564102563,Cairo,1,13327,3902.0
Cairo_y2020.tif,219,0.4337899543378995,0.24878995433789955,Cairo,0,13353,3902.0
Cairo_y2020.tif,555,0.8900900900900901,0.3587297297297297,Cairo,1,13393,3902.0
Cairo_y2020.tif,128,0.3984375,0.250234375,Cairo,1,13369,3902.0
Cairo_y2020.tif,241,0.5684647302904564,0.2646265560165975,Cairo,0,13433,3902.0
Cairo_y2020.tif,564,0.9521276595744681,0.368572695035461,Cairo,0,13480,3902.0
Cairo_y2020.tif,593,1.0,0.3845025295109612,Cairo,1,13528,3902.0
Cairo_y2020.tif,311,1.0,0.34565916398713825,Cairo,1,13394,3902.0
Cairo_y2020.tif,320,0.934375,0.29928125,Cairo,1,13405,3902.0
Cairo_y2020.tif,800,0.9975,0.37488125000000005,Cairo,1,13441,3902.0
Cairo_y2020.tif,1748,0.5795194508009154,0.2273312356979405,Cairo,0,13520,3902.0
Cairo_y2020.tif,361,0.9778393351800554,0.3588365650969529,Cairo,1,13446,3902.0
Cairo_y2020.tif,249,1.0,0.345140562248996,Cairo,1,13471,3902.0
Cairo_y2020.tif,176,1.0,0.3488636363636364,Cairo,0,13481,3902.0
Cairo_y2020.tif,382,0.9973821989528796,0.36976439790575916,Cairo,1,13477,3902.0
Cairo_y2020.tif,184,0.9184782608695652,0.3818478260869565,Cairo,0,13493,3902.0
Cairo_y2020.tif,440,1.0,0.4163409090909091,Cairo,1,13534,3902.0
Cairo_y2020.tif,133,0.3533834586466165,0.21285714285714288,Cairo,1,13475,3902.0
Cairo_y2020.tif,351,1.0,0.4403418803418803,Cairo,1,13474,3902.0
Cairo_y2020.tif,188,1.0,0.44949468085106387,Cairo,0,13491,3902.0
Cairo_y2020.tif,160,0.59375,0.28078125,Cairo,1,13464,3902.0
Cairo_y2020.tif,152,1.0,0.4394407894736842,Cairo,1,13486,3902.0
Cairo_y2020.tif,283,1.0,0.3501766784452297,Cairo,0,13502,3902.0
Cairo_y2020.tif,312,1.0,0.44963141025641035,Cairo,1,13521,3902.0
Cairo_y2020.tif,209,1.0,0.385622009569378,Cairo,1,13497,3902.0
Cairo_y2020.tif,474,1.0,0.35010548523206747,Cairo,0,13535,3902.0
Cairo_y2020.tif,228,0.3815789473684211,0.2474780701754386,Cairo,1,13499,3902.0
Cairo_y2020.tif,2407,0.4117158288325717,0.16269630245118405,Cairo,1,12984,3902.0
Cairo_y2020.tif,274,0.0,0.10377737226277373,Cairo,1,12920,3902.0
Cairo_y2020.tif,300,0.22666666666666666,0.19866666666666669,Cairo,1,12908,3902.0
Cairo_y2020.tif,456,0.0,0.15097587719298244,Cairo,1,12974,3902.0
Cairo_y2020.tif,15321,0.2706089680830233,0.13446184974871092,Cairo,0,13418,3902.0
Cairo_y2020.tif,1194,0.3936348408710218,0.17476549413735346,Cairo,0,13344,3902.0
Cairo_y2020.tif,269,0.8587360594795539,0.27399628252788105,Cairo,1,13348,3902.0
Cairo_y2020.tif,357,0.7759103641456583,0.26633053221288516,Cairo,1,13415,3902.0
Cairo_y2020.tif,225,0.4533333333333333,0.2733555555555555,Cairo,1,13390,3902.0
Cairo_y2020.tif,323,0.35294117647058826,0.19422600619195046,Cairo,1,13419,3902.0
Cairo_y2020.tif,239,1.0,0.4019874476987447,Cairo,1,13135,3902.0
Cairo_y2020.tif,214,1.0,0.4507009345794393,Cairo,1,13140,3902.0
Cairo_y2020.tif,1239,1.0,0.4320056497175141,Cairo,1,13170,3902.0
Cairo_y2020.tif,272,1.0,0.40957720588235297,Cairo,1,13166,3902.0
Cairo_y2020.tif,366,1.0,0.45259562841530054,Cairo,1,13191,3902.0
Cairo_y2020.tif,288,1.0,0.43552083333333336,Cairo,1,13202,3902.0
Cairo_y2020.tif,523,1.0,0.4326290630975143,Cairo,1,13209,3902.0
Cairo_y2020.tif,388,0.9458762886597938,0.33362113402061855,Cairo,1,13252,3902.0
Cairo_y2020.tif,330,1.0,0.4521060606060607,Cairo,1,13230,3902.0
Cairo_y2020.tif,326,1.0,0.4282668711656442,Cairo,1,13243,3902.0
Cairo_y2020.tif,335,1.0,0.4278358208955224,Cairo,1,13248,3902.0
Cairo_y2020.tif,331,1.0,0.45067975830815715,Cairo,1,13284,3902.0
Cairo_y2020.tif,436,1.0,0.42346330275229355,Cairo,1,13294,3902.0
Cairo_y2020.tif,969,1.0,0.4376986584107327,Cairo,1,13291,3902.0
Cairo_y2020.tif,548,1.0,0.4226459854014598,Cairo,1,13314,3902.0
Cairo_y2020.tif,338,1.0,0.41649408284023665,Cairo,1,13324,3902.0
Cairo_y2020.tif,255,1.0,0.4429411764705883,Cairo,1,13356,3902.0
Cairo_y2020.tif,409,1.0,0.4095232273838631,Cairo,0,13388,3902.0
Cairo_y2020.tif,480,1.0,0.4193020833333333,Cairo,1,13410,3902.0
Cairo_y2020.tif,391,0.989769820971867,0.3767263427109975,Cairo,1,13363,3902.0
Cairo_y2020.tif,1281,0.9531615925058547,0.37815378610460576,Cairo,1,13375,3902.0
Cairo_y2020.tif,817,1.0,0.41424112607099145,Cairo,0,13392,3902.0
Cairo_y2020.tif,335,1.0,0.3603880597014925,Cairo,1,13432,3902.0
Cairo_y2020.tif,720,1.0,0.42752083333333324,Cairo,1,13406,3902.0
Cairo_y2020.tif,628,0.9920382165605095,0.3813853503184713,Cairo,1,13385,3902.0
Cairo_y2020.tif,259,1.0,0.4376254826254827,Cairo,1,13451,3902.0
Cairo_y2020.tif,365,1.0,0.4193835616438356,Cairo,1,13468,3902.0
Cairo_y2020.tif,447,0.9776286353467561,0.3931208053691275,Cairo,1,13463,3902.0
Cairo_y2020.tif,286,0.7482517482517482,0.2991083916083916,Cairo,1,13559,3902.0
Cairo_y2020.tif,244,0.9877049180327869,0.3396311475409836,Cairo,1,13515,3902.0
Cairo_y2020.tif,255,1.0,0.39250980392156865,Cairo,0,13435,3902.0
Cairo_y2020.tif,375,1.0,0.3245333333333333,Cairo,1,13501,3902.0
Cairo_y2020.tif,531,0.8606403013182674,0.3174764595103578,Cairo,1,13526,3902.0
Cairo_y2020.tif,1497,0.5657982631930528,0.221686706746827,Cairo,0,13623,3902.0
Cairo_y2020.tif,261,1.0,0.3177969348659004,Cairo,0,13542,3902.0
Cairo_y2020.tif,515,0.9766990291262136,0.3330873786407767,Cairo,0,13551,3902.0
Cairo_y2020.tif,225,1.0,0.4467777777777779,Cairo,1,13607,3902.0
Cairo_y2020.tif,727,0.9807427785419532,0.4107359009628611,Cairo,1,13604,3902.0
Cairo_y2020.tif,308,0.3409090909090909,0.21775974025974024,Cairo,0,13710,3902.0
Cairo_y2020.tif,539,0.0,0.07941558441558443,Cairo,0,13717,3902.0
Cairo_y2020.tif,349,0.0057306590257879654,0.07553008595988539,Cairo,1,13495,3902.0
Cairo_y2020.tif,527,0.8747628083491461,0.3284819734345351,Cairo,1,13574,3902.0
Cairo_y2020.tif,528,0.005681818181818182,0.08976325757575758,Cairo,0,13571,3902.0
Cairo_y2020.tif,252,0.8650793650793651,0.3045436507936508,Cairo,1,13590,3902.0
Cairo_y2020.tif,371,0.3477088948787062,0.1870754716981132,Cairo,0,13508,3902.0
Cairo_y2020.tif,218,1.0,0.37444954128440366,Cairo,1,13595,3902.0
Cairo_y2020.tif,252,1.0,0.3864087301587301,Cairo,0,13619,3902.0
Cairo_y2020.tif,267,0.03745318352059925,0.1299812734082397,Cairo,0,13612,3902.0
Cairo_y2020.tif,969,0.40144478844169246,0.1847574819401445,Cairo,0,13632,3902.0
Cairo_y2020.tif,264,0.946969696969697,0.3460037878787879,Cairo,1,13649,3902.0
Cairo_y2020.tif,264,0.16287878787878787,0.23736742424242427,Cairo,1,13674,3902.0
Cairo_y2020.tif,501,0.716566866267465,0.22541916167664672,Cairo,1,13720,3902.0
Cairo_y2020.tif,349,0.05157593123209169,0.18961318051575932,Cairo,0,13757,3902.0
Cairo_y2020.tif,399,0.06516290726817042,0.10706766917293233,Cairo,0,13813,3902.0
Cairo_y2020.tif,326,0.006134969325153374,0.19780674846625768,Cairo,1,13777,3902.0
Cairo_y2020.tif,580,0.022413793103448276,0.1641465517241379,Cairo,1,13823,3902.0
Cairo_y2020.tif,842,0.4477434679334917,0.1893349168646081,Cairo,0,13803,3902.0
Cairo_y2020.tif,289,0.1453287197231834,0.20534602076124567,Cairo,0,13836,3902.0
Cairo_y2020.tif,264,0.29924242424242425,0.247594696969697,Cairo,0,13862,3902.0
Cairo_y2020.tif,386,0.8264248704663213,0.31887305699481866,Cairo,1,13885,3902.0
Cairo_y2020.tif,683,1.0,0.450190336749634,Cairo,1,13750,3902.0
Cairo_y2020.tif,540,0.9944444444444445,0.41456481481481483,Cairo,0,13635,3902.0
Cairo_y2020.tif,408,1.0,0.45589460784313723,Cairo,1,13722,3902.0
Cairo_y2020.tif,411,1.0,0.44625304136253047,Cairo,1,13719,3902.0
Cairo_y2020.tif,500,0.296,0.1691,Cairo,0,13774,3902.0
Cairo_y2020.tif,561,1.0,0.45634581105169336,Cairo,1,13864,3902.0
Cairo_y2020.tif,442,1.0,0.45527149321266974,Cairo,1,13876,3902.0
Cairo_y2020.tif,691,0.8060781476121563,0.3221997105643994,Cairo,1,13854,3902.0
Cairo_y2020.tif,391,1.0,0.45379795396419437,Cairo,1,13884,3902.0
Cairo_y2020.tif,379,1.0,0.42238786279683377,Cairo,1,13875,3902.0
Cairo_y2020.tif,116,1.0,0.37663793103448273,Cairo,1,13529,3902.0
Cairo_y2020.tif,318,1.0,0.4075786163522012,Cairo,1,13568,3902.0
Cairo_y2020.tif,646,1.0,0.3780495356037152,Cairo,1,13506,3902.0
Cairo_y2020.tif,313,0.9840255591054313,0.30436102236421725,Cairo,1,13605,3902.0
Cairo_y2020.tif,166,0.8192771084337349,0.2706024096385542,Cairo,0,13636,3902.0
Cairo_y2020.tif,380,0.6552631578947369,0.2850394736842105,Cairo,1,13640,3902.0
Cairo_y2020.tif,282,0.7659574468085106,0.2874645390070922,Cairo,1,13684,3902.0
Cairo_y2020.tif,604,0.793046357615894,0.30934602649006626,Cairo,1,13703,3902.0
Cairo_y2020.tif,806,0.8548387096774194,0.2986786600496278,Cairo,0,13705,3902.0
Cairo_y2020.tif,5889,0.10341314314824249,0.08765240278485313,Cairo,0,14054,3902.0
Cairo_y2020.tif,237,1.0,0.4134177215189873,Cairo,1,13924,3902.0
Cairo_y2020.tif,6788,0.18120212139068945,0.10555539186800238,Cairo,0,14100,3902.0
Cairo_y2020.tif,263,1.0,0.43891634980988586,Cairo,1,13988,3902.0
Cairo_y2020.tif,265,0.8490566037735849,0.3676226415094339,Cairo,1,14081,3902.0
Cairo_y2020.tif,584,0.9332191780821918,0.37853595890410957,Cairo,1,14063,3902.0
Cairo_y2020.tif,344,1.0,0.4590552325581395,Cairo,1,14071,3902.0
Cairo_y2020.tif,266,1.0,0.4164661654135338,Cairo,1,14143,3902.0
Cairo_y2020.tif,545,1.0,0.4071467889908257,Cairo,1,14179,3902.0
Cairo_y2020.tif,263,1.0,0.44385931558935365,Cairo,1,14186,3902.0
Cairo_y2020.tif,241,0.995850622406639,0.37846473029045646,Cairo,1,14220,3902.0
Cairo_y2020.tif,3475,0.08633093525179857,0.07488633093525181,Cairo,0,13173,3902.0
Cairo_y2020.tif,251,0.01195219123505976,0.1563346613545817,Cairo,1,13102,3902.0
Cairo_y2020.tif,569,0.0,0.11565905096660808,Cairo,1,13148,3902.0
Cairo_y2020.tif,378,0.1455026455026455,0.1898015873015873,Cairo,1,13183,3902.0
Cairo_y2020.tif,441,0.7936507936507936,0.26736961451247165,Cairo,0,13224,3902.0
Cairo_y2020.tif,231,0.0,0.08164502164502165,Cairo,0,13445,3902.0
Cairo_y2020.tif,1439,0.12439193884642112,0.12930507296733842,Cairo,0,13289,3902.0
Cairo_y2020.tif,409,0.9926650366748166,0.32370415647921763,Cairo,1,13273,3902.0
Cairo_y2020.tif,1998,0.5615615615615616,0.21723723723723726,Cairo,0,13399,3902.0
Cairo_y2020.tif,457,0.7549234135667396,0.2996827133479212,Cairo,1,13333,3902.0
Cairo_y2020.tif,242,0.024793388429752067,0.19330578512396696,Cairo,1,13197,3902.0
Cairo_y2020.tif,754,0.06896551724137931,0.12080238726790452,Cairo,0,13235,3902.0
Cairo_y2020.tif,1367,0.5245062179956108,0.26984272128749087,Cairo,1,13288,3902.0
Cairo_y2020.tif,177,0.8022598870056498,0.3122033898305085,Cairo,1,13276,3902.0
Cairo_y2020.tif,196,0.8877551020408163,0.29390306122448984,Cairo,0,13296,3902.0
Cairo_y2020.tif,216,1.0,0.4205324074074074,Cairo,1,13317,3902.0
Cairo_y2020.tif,269,1.0,0.3825278810408922,Cairo,1,13322,3902.0
Cairo_y2020.tif,314,0.7898089171974523,0.2763375796178344,Cairo,0,13303,3902.0
Cairo_y2020.tif,212,0.8773584905660378,0.3014858490566038,Cairo,1,13319,3902.0
Cairo_y2020.tif,225,1.0,0.4129111111111111,Cairo,0,13346,3902.0
Cairo_y2020.tif,311,0.9710610932475884,0.2762700964630226,Cairo,0,13313,3902.0
Cairo_y2020.tif,245,0.0,0.12557142857142858,Cairo,1,13334,3902.0
Cairo_y2020.tif,228,0.0,0.08217105263157895,Cairo,0,13343,3902.0
Cairo_y2020.tif,486,0.9917695473251029,0.35605967078189305,Cairo,1,13389,3902.0
Cairo_y2020.tif,405,0.9308641975308642,0.3351851851851852,Cairo,1,13407,3902.0
Cairo_y2020.tif,447,0.18344519015659955,0.16959731543624162,Cairo,1,13380,3902.0
Cairo_y2020.tif,257,0.0,0.17638132295719844,Cairo,1,13411,3902.0
Cairo_y2020.tif,298,1.0,0.38587248322147655,Cairo,1,13444,3902.0
Cairo_y2020.tif,226,0.7787610619469026,0.2757522123893805,Cairo,1,13461,3902.0
Cairo_y2020.tif,216,0.1111111111111111,0.16652777777777777,Cairo,0,13450,3902.0
Cairo_y2020.tif,268,1.0,0.40097014925373137,Cairo,1,13359,3902.0
Cairo_y2020.tif,451,0.811529933481153,0.30751662971175164,Cairo,1,13381,3902.0
Cairo_y2020.tif,354,1.0,0.43580508474576274,Cairo,1,13383,3902.0
Cairo_y2020.tif,269,0.2379182156133829,0.23665427509293685,Cairo,0,13391,3902.0
Cairo_y2020.tif,237,0.8059071729957806,0.3091350210970464,Cairo,1,13395,3902.0
Cairo_y2020.tif,242,1.0,0.38545454545454544,Cairo,1,13376,3902.0
Cairo_y2020.tif,344,1.0,0.3950145348837209,Cairo,1,13427,3902.0
Cairo_y2020.tif,189,0.9682539682539683,0.34026455026455027,Cairo,1,13431,3902.0
Cairo_y2020.tif,187,0.9946524064171123,0.3920053475935829,Cairo,1,13430,3902.0
Cairo_y2020.tif,941,1.0,0.37717853347502656,Cairo,1,13494,3902.0
Cairo_y2020.tif,255,1.0,0.41543137254901963,Cairo,1,13462,3902.0
Cairo_y2020.tif,449,0.977728285077951,0.3038752783964365,Cairo,1,13466,3902.0
Cairo_y2020.tif,318,0.789308176100629,0.2758018867924528,Cairo,1,13460,3902.0
Cairo_y2020.tif,263,0.5665399239543726,0.2364828897338403,Cairo,0,13509,3902.0
Cairo_y2020.tif,477,0.790356394129979,0.3222955974842768,Cairo,1,13541,3902.0
Cairo_y2020.tif,905,0.8795580110497238,0.309878453038674,Cairo,1,13556,3902.0
Cairo_y2020.tif,205,1.0,0.3923170731707318,Cairo,1,13566,3902.0
Cairo_y2020.tif,849,0.4793875147232038,0.20696113074204944,Cairo,0,13616,3902.0
Cairo_y2020.tif,325,0.683076923076923,0.2643384615384615,Cairo,1,13599,3902.0
Cairo_y2020.tif,281,0.4306049822064057,0.19749110320284693,Cairo,1,13643,3902.0
Cairo_y2020.tif,512,0.86328125,0.332470703125,Cairo,1,13421,3902.0
Cairo_y2020.tif,481,0.9937629937629938,0.41232848232848235,Cairo,1,13457,3902.0
Cairo_y2020.tif,528,1.0,0.3866950757575758,Cairo,1,13524,3902.0
Cairo_y2020.tif,165,1.0,0.39739393939393935,Cairo,1,13544,3902.0
Cairo_y2020.tif,332,1.0,0.418855421686747,Cairo,1,13553,3902.0
Cairo_y2020.tif,507,0.6804733727810651,0.292603550295858,Cairo,1,13557,3902.0
Cairo_y2020.tif,211,1.0,0.3905450236966825,Cairo,1,13569,3902.0
Cairo_y2020.tif,205,1.0,0.41485365853658546,Cairo,1,13578,3902.0
Cairo_y2020.tif,174,1.0,0.4237356321839081,Cairo,1,13611,3902.0
Cairo_y2020.tif,744,0.8830645161290323,0.34835349462365583,Cairo,1,13651,3902.0
Cairo_y2020.tif,588,1.0,0.40255952380952376,Cairo,1,13675,3902.0
Cairo_y2020.tif,318,1.0,0.425314465408805,Cairo,1,13701,3902.0
Cairo_y2020.tif,215,0.9674418604651163,0.3557209302325581,Cairo,1,13695,3902.0
Cairo_y2020.tif,271,1.0,0.42040590405904055,Cairo,1,13721,3902.0
Cairo_y2020.tif,359,1.0,0.3987743732590529,Cairo,1,13752,3902.0
Cairo_y2020.tif,158,0.9556962025316456,0.3367088607594937,Cairo,1,13773,3902.0
Cairo_y2020.tif,246,0.7317073170731707,0.3084552845528455,Cairo,1,13748,3902.0
Cairo_y2020.tif,1853,0.3140852671343767,0.1766378845116028,Cairo,0,13834,3902.0
Cairo_y2020.tif,211,0.8104265402843602,0.3504976303317536,Cairo,1,13759,3902.0
Cairo_y2020.tif,202,0.8267326732673267,0.3424009900990099,Cairo,1,13796,3902.0
Cairo_y2020.tif,1029,1.0,0.414310009718173,Cairo,1,13631,3902.0
Cairo_y2020.tif,183,0.9344262295081968,0.33,Cairo,1,13664,3902.0
Cairo_y2020.tif,616,0.5941558441558441,0.24715097402597402,Cairo,1,13718,3902.0
Cairo_y2020.tif,1280,0.26015625,0.15673828125,Cairo,0,13778,3902.0
Cairo_y2020.tif,622,0.24437299035369775,0.1672749196141479,Cairo,0,13804,3902.0
Cairo_y2020.tif,652,1.0,0.456180981595092,Cairo,1,13814,3902.0
Cairo_y2020.tif,531,1.0,0.4224011299435028,Cairo,1,13831,3902.0
Cairo_y2020.tif,203,1.0,0.3754926108374384,Cairo,1,13818,3902.0
Cairo_y2020.tif,280,0.125,0.1665,Cairo,0,13849,3902.0
Cairo_y2020.tif,398,1.0,0.43618090452261304,Cairo,1,13858,3902.0
Cairo_y2020.tif,232,0.9913793103448276,0.3818534482758621,Cairo,1,13863,3902.0
Cairo_y2020.tif,223,1.0,0.39636771300448426,Cairo,1,13892,3902.0
Cairo_y2020.tif,284,1.0,0.4356338028169014,Cairo,0,13913,3902.0
Cairo_y2020.tif,498,0.020080321285140562,0.14833333333333334,Cairo,0,13932,3902.0
Cairo_y2020.tif,262,0.9580152671755725,0.3995992366412213,Cairo,1,13921,3902.0
Cairo_y2020.tif,316,1.0,0.45212025316455695,Cairo,1,13936,3902.0
Cairo_y2020.tif,360,0.5722222222222222,0.2745833333333333,Cairo,1,13893,3902.0
Cairo_y2020.tif,191,0.8429319371727748,0.3690052356020942,Cairo,1,13935,3902.0
Cairo_y2020.tif,221,0.7013574660633484,0.34380090497737553,Cairo,1,13974,3902.0
Cairo_y2020.tif,216,0.1527777777777778,0.11206018518518518,Cairo,1,13983,3902.0
Cairo_y2020.tif,706,0.5084985835694051,0.2642776203966005,Cairo,1,13842,3902.0
Cairo_y2020.tif,146,1.0,0.37746575342465755,Cairo,1,13841,3902.0
Cairo_y2020.tif,124,0.1693548387096774,0.19943548387096774,Cairo,0,13870,3902.0
Cairo_y2020.tif,507,0.0019723865877712033,0.13955621301775148,Cairo,0,13899,3902.0
Cairo_y2020.tif,435,0.7264367816091954,0.32325287356321836,Cairo,1,13937,3902.0
Cairo_y2020.tif,202,0.054455445544554455,0.20841584158415838,Cairo,0,13897,3902.0
Cairo_y2020.tif,190,1.0,0.3816052631578947,Cairo,1,13952,3902.0
Cairo_y2020.tif,128,1.0,0.36996093750000003,Cairo,1,13957,3902.0
Cairo_y2020.tif,1450,0.3041379310344828,0.14705172413793102,Cairo,0,13992,3902.0
Cairo_y2020.tif,194,0.9072164948453608,0.34159793814432987,Cairo,1,13997,3902.0
Cairo_y2020.tif,1051,0.5394862036156042,0.24639391056137017,Cairo,0,13567,3902.0
Cairo_y2020.tif,189,1.0,0.4356084656084655,Cairo,1,13527,3902.0
Cairo_y2020.tif,210,0.9095238095238095,0.34738095238095246,Cairo,1,13601,3902.0
Cairo_y2020.tif,206,1.0,0.37822815533980586,Cairo,0,13614,3902.0
Cairo_y2020.tif,396,1.0,0.4068434343434344,Cairo,1,13602,3902.0
Cairo_y2020.tif,412,1.0,0.4006674757281553,Cairo,0,13622,3902.0
Cairo_y2020.tif,309,1.0,0.4340453074433656,Cairo,1,13582,3902.0
Cairo_y2020.tif,575,1.0,0.42721739130434777,Cairo,1,13545,3902.0
Cairo_y2020.tif,273,1.0,0.4486446886446887,Cairo,1,13563,3902.0
Cairo_y2020.tif,640,1.0,0.41303125000000007,Cairo,1,13663,3902.0
Cairo_y2020.tif,8715,0.07389558232931727,0.08066838783706254,Cairo,0,14766,3902.0
Cairo_y2020.tif,478,0.9686192468619247,0.3701882845188285,Cairo,1,13713,3902.0
Cairo_y2020.tif,5306,0.005653976630229929,0.03223897474557105,Cairo,0,14792,3902.0
Cairo_y2020.tif,5038,0.14847161572052403,0.1252233028979754,Cairo,1,14396,3902.0
Cairo_y2020.tif,386,0.5362694300518135,0.23308290155440414,Cairo,1,14347,3902.0
Cairo_y2020.tif,300,1.0,0.38659999999999994,Cairo,0,14423,3902.0
Cairo_y2020.tif,316,0.06645569620253164,0.1296993670886076,Cairo,1,14431,3902.0
Cairo_y2020.tif,557,0.9748653500897666,0.34339317773788147,Cairo,0,14470,3902.0
Cairo_y2020.tif,157,0.01910828025477707,0.1629936305732484,Cairo,0,14450,3902.0
Cairo_y2020.tif,189,0.0,0.08486772486772487,Cairo,0,14461,3902.0
Cairo_y2020.tif,388,0.5876288659793815,0.23490979381443297,Cairo,0,13537,3902.0
Cairo_y2020.tif,343,0.8279883381924198,0.2732361516034985,Cairo,0,13584,3902.0
Cairo_y2020.tif,453,1.0,0.42293598233995594,Cairo,1,13586,3902.0
Cairo_y2020.tif,326,1.0,0.4015644171779141,Cairo,1,13588,3902.0
Cairo_y2020.tif,515,1.0,0.3622038834951457,Cairo,0,13613,3902.0
Cairo_y2020.tif,178,1.0,0.38662921348314605,Cairo,0,13560,3902.0
Cairo_y2020.tif,130,0.7384615384615385,0.26865384615384613,Cairo,0,13596,3902.0
Cairo_y2020.tif,178,1.0,0.40876404494382024,Cairo,1,13615,3902.0
Cairo_y2020.tif,1219,0.8236259228876128,0.30021328958162424,Cairo,1,13660,3902.0
Cairo_y2020.tif,169,1.0,0.43967455621301776,Cairo,1,13626,3902.0
Cairo_y2020.tif,227,1.0,0.4067180616740088,Cairo,1,13653,3902.0
Cairo_y2020.tif,417,1.0,0.45476019184652283,Cairo,1,13670,3902.0
Cairo_y2020.tif,372,1.0,0.4306720430107526,Cairo,0,13693,3902.0
Cairo_y2020.tif,470,1.0,0.4432765957446809,Cairo,1,13678,3902.0
Cairo_y2020.tif,170,1.0,0.41967647058823526,Cairo,1,13654,3902.0
Cairo_y2020.tif,304,1.0,0.442516447368421,Cairo,1,13617,3902.0
Cairo_y2020.tif,314,0.9936305732484076,0.3938375796178344,Cairo,1,13690,3902.0
Cairo_y2020.tif,305,0.819672131147541,0.3337868852459016,Cairo,0,13712,3902.0
Cairo_y2020.tif,325,1.0,0.4376923076923077,Cairo,1,13734,3902.0
Cairo_y2020.tif,315,0.9428571428571428,0.3658571428571428,Cairo,0,13747,3902.0
Cairo_y2020.tif,175,0.9771428571428571,0.31605714285714287,Cairo,1,13627,3902.0
Cairo_y2020.tif,340,1.0,0.3430588235294118,Cairo,1,13657,3902.0
Cairo_y2020.tif,241,1.0,0.4308713692946058,Cairo,1,13647,3902.0
Cairo_y2020.tif,208,1.0,0.42540865384615384,Cairo,1,13669,3902.0
Cairo_y2020.tif,227,0.9691629955947136,0.35837004405286343,Cairo,0,13658,3902.0
Cairo_y2020.tif,206,1.0,0.4459466019417476,Cairo,1,13696,3902.0
Cairo_y2020.tif,468,0.9423076923076923,0.3545192307692308,Cairo,0,13687,3902.0
Cairo_y2020.tif,226,1.0,0.4429424778761063,Cairo,1,13736,3902.0
Cairo_y2020.tif,859,1.0,0.4219441210710128,Cairo,1,13763,3902.0
Cairo_y2020.tif,293,1.0,0.38479522184300335,Cairo,0,13729,3902.0
Cairo_y2020.tif,278,1.0,0.4333273381294964,Cairo,1,13735,3902.0
Cairo_y2020.tif,252,1.0,0.40507936507936515,Cairo,0,13743,3902.0
Cairo_y2020.tif,485,1.0,0.45470103092783504,Cairo,1,13707,3902.0
Cairo_y2020.tif,211,1.0,0.41836492890995247,Cairo,0,13749,3902.0
Cairo_y2020.tif,302,1.0,0.44443708609271515,Cairo,1,13751,3902.0
Cairo_y2020.tif,223,0.9955156950672646,0.3849775784753363,Cairo,1,13764,3902.0
Cairo_y2020.tif,177,1.0,0.4082768361581921,Cairo,1,13767,3902.0
Cairo_y2020.tif,179,1.0,0.40776536312849165,Cairo,0,13782,3902.0
Cairo_y2020.tif,198,1.0,0.4454040404040405,Cairo,1,13754,3902.0
Cairo_y2020.tif,210,0.9904761904761905,0.38145238095238104,Cairo,0,13766,3902.0
Cairo_y2020.tif,606,0.9141914191419142,0.36662541254125414,Cairo,1,13724,3902.0
Cairo_y2020.tif,222,1.0,0.4263738738738739,Cairo,0,13756,3902.0
Cairo_y2020.tif,262,1.0,0.39652671755725194,Cairo,1,13768,3902.0
Cairo_y2020.tif,391,1.0,0.40722506393861896,Cairo,1,13733,3902.0
Cairo_y2020.tif,305,1.0,0.42737704918032793,Cairo,1,13775,3902.0
Cairo_y2020.tif,477,1.0,0.43447589098532496,Cairo,1,13788,3902.0
Cairo_y2020.tif,212,1.0,0.4449528301886793,Cairo,1,13789,3902.0
Cairo_y2020.tif,229,0.9606986899563319,0.39781659388646284,Cairo,1,13799,3902.0
Cairo_y2020.tif,428,1.0,0.43063084112149536,Cairo,1,13835,3902.0
Cairo_y2020.tif,233,1.0,0.38731759656652365,Cairo,1,13837,3902.0
Cairo_y2020.tif,448,1.0,0.4161383928571429,Cairo,0,13827,3902.0
Cairo_y2020.tif,196,1.0,0.42410714285714285,Cairo,1,13783,3902.0
Cairo_y2020.tif,304,1.0,0.3984375,Cairo,1,13792,3902.0
Cairo_y2020.tif,437,1.0,0.45872997711670477,Cairo,1,13815,3902.0
Cairo_y2020.tif,298,0.9832214765100671,0.38674496644295303,Cairo,0,13843,3902.0
Cairo_y2020.tif,197,1.0,0.45725888324873104,Cairo,1,13821,3902.0
Cairo_y2020.tif,197,1.0,0.4471065989847716,Cairo,1,13822,3902.0
Cairo_y2020.tif,541,0.9907578558225508,0.4130683918669132,Cairo,1,13894,3902.0
Cairo_y2020.tif,476,0.9894957983193278,0.39405462184873946,Cairo,0,13883,3902.0
Cairo_y2020.tif,173,1.0,0.4171676300578034,Cairo,1,13867,3902.0
Cairo_y2020.tif,468,0.9401709401709402,0.360982905982906,Cairo,1,13807,3902.0
Cairo_y2020.tif,484,1.0,0.4424380165289257,Cairo,1,13850,3902.0
Cairo_y2020.tif,855,0.9766081871345029,0.4062573099415205,Cairo,0,13853,3902.0
Cairo_y2020.tif,211,1.0,0.42784360189573456,Cairo,1,13878,3902.0
Cairo_y2020.tif,461,0.93058568329718,0.3858026030368764,Cairo,1,13903,3902.0
Cairo_y2020.tif,467,0.974304068522484,0.4091755888650963,Cairo,1,13918,3902.0
Cairo_y2020.tif,333,1.0,0.4057807807807808,Cairo,1,13959,3902.0
Cairo_y2020.tif,484,1.0,0.43887396694214875,Cairo,1,13916,3902.0
Cairo_y2020.tif,232,1.0,0.43601293103448274,Cairo,1,13961,3902.0
Cairo_y2020.tif,528,0.9564393939393939,0.40264204545454546,Cairo,1,13994,3902.0
Cairo_y2020.tif,194,1.0,0.44951030927835056,Cairo,1,13869,3902.0
Cairo_y2020.tif,446,1.0,0.4574215246636772,Cairo,1,13859,3902.0
Cairo_y2020.tif,370,1.0,0.42945945945945946,Cairo,1,13941,3902.0
Cairo_y2020.tif,263,1.0,0.413574144486692,Cairo,0,13925,3902.0
Cairo_y2020.tif,300,1.0,0.39355000000000007,Cairo,1,13910,3902.0
Cairo_y2020.tif,547,1.0,0.4557586837294333,Cairo,1,13888,3902.0
Cairo_y2020.tif,525,1.0,0.43784761904761904,Cairo,1,13927,3902.0
Cairo_y2020.tif,346,0.976878612716763,0.4251300578034682,Cairo,1,13949,3902.0
Cairo_y2020.tif,164,1.0,0.44524390243902445,Cairo,1,13909,3902.0
Cairo_y2020.tif,177,0.8305084745762712,0.299180790960452,Cairo,0,13947,3902.0
Cairo_y2020.tif,127,1.0,0.42106299212598414,Cairo,1,13958,3902.0
Cairo_y2020.tif,268,1.0,0.4413432835820896,Cairo,1,13984,3902.0
Cairo_y2020.tif,133,1.0,0.41154135338345865,Cairo,1,13981,3902.0
Cairo_y2020.tif,208,1.0,0.4351442307692307,Cairo,0,13980,3902.0
Cairo_y2020.tif,245,1.0,0.4340408163265306,Cairo,1,14009,3902.0
Cairo_y2020.tif,272,1.0,0.4307169117647059,Cairo,1,13943,3902.0
Cairo_y2020.tif,145,1.0,0.3824137931034483,Cairo,0,14004,3902.0
Cairo_y2020.tif,688,1.0,0.44936773255813967,Cairo,1,14021,3902.0
Cairo_y2020.tif,491,0.9511201629327902,0.36255600814663946,Cairo,0,14062,3902.0
Cairo_y2020.tif,435,0.9287356321839081,0.3886206896551724,Cairo,1,14061,3902.0
Cairo_y2020.tif,509,1.0,0.41752455795677795,Cairo,1,14013,3902.0
Cairo_y2020.tif,381,0.9291338582677166,0.37224409448818896,Cairo,1,14012,3902.0
Cairo_y2020.tif,275,1.0,0.42307272727272727,Cairo,1,14005,3902.0
Cairo_y2020.tif,8962,0.3779290336978353,0.17221546529792456,Cairo,0,14375,3902.0
Cairo_y2020.tif,293,0.8122866894197952,0.3081399317406143,Cairo,1,14068,3902.0
Cairo_y2020.tif,146,1.0,0.37527397260273976,Cairo,1,14091,3902.0
Cairo_y2020.tif,1098,0.9872495446265938,0.3524408014571949,Cairo,1,14193,3902.0
Cairo_y2020.tif,485,1.0,0.4070103092783505,Cairo,1,14142,3902.0
Cairo_y2020.tif,146,1.0,0.3724315068493151,Cairo,1,14161,3902.0
Cairo_y2020.tif,309,0.49838187702265374,0.2231391585760518,Cairo,0,14234,3902.0
Cairo_y2020.tif,160,0.9125,0.31615624999999997,Cairo,0,14023,3902.0
Cairo_y2020.tif,179,1.0,0.43927374301675975,Cairo,0,14010,3902.0
Cairo_y2020.tif,280,1.0,0.37575000000000003,Cairo,1,14033,3902.0
Cairo_y2020.tif,350,0.9714285714285714,0.36958571428571424,Cairo,1,14072,3902.0
Cairo_y2020.tif,309,1.0,0.4476375404530744,Cairo,1,14053,3902.0
Cairo_y2020.tif,444,1.0,0.4488963963963964,Cairo,1,14064,3902.0
Cairo_y2020.tif,260,0.9653846153846154,0.37513461538461534,Cairo,0,14104,3902.0
Cairo_y2020.tif,1045,0.9846889952153111,0.3979808612440191,Cairo,0,14163,3902.0
Cairo_y2020.tif,144,0.9930555555555556,0.3771527777777778,Cairo,0,14075,3902.0
Cairo_y2020.tif,467,0.987152034261242,0.4062098501070664,Cairo,0,14105,3902.0
Cairo_y2020.tif,320,1.0,0.39959375,Cairo,1,14128,3902.0
Cairo_y2020.tif,180,1.0,0.43897222222222215,Cairo,1,14115,3902.0
Cairo_y2020.tif,139,1.0,0.44413669064748196,Cairo,1,14141,3902.0
Cairo_y2020.tif,917,1.0,0.36663576881134136,Cairo,1,14200,3902.0
Cairo_y2020.tif,296,1.0,0.392347972972973,Cairo,1,14176,3902.0
Cairo_y2020.tif,177,1.0,0.4392655367231638,Cairo,1,14173,3902.0
Cairo_y2020.tif,230,1.0,0.43260869565217386,Cairo,0,14188,3902.0
Cairo_y2020.tif,382,0.837696335078534,0.3348560209424084,Cairo,0,14229,3902.0
Cairo_y2020.tif,796,1.0,0.4233731155778894,Cairo,1,14221,3902.0
Cairo_y2020.tif,185,1.0,0.3455405405405405,Cairo,1,14211,3902.0
Cairo_y2020.tif,227,1.0,0.4417400881057269,Cairo,1,14237,3902.0
Cairo_y2020.tif,295,1.0,0.3903220338983051,Cairo,1,14248,3902.0
Cairo_y2020.tif,209,0.8277511961722488,0.34538277511961724,Cairo,0,14259,3902.0
Cairo_y2020.tif,253,0.8656126482213439,0.30318181818181816,Cairo,1,14260,3902.0
Cairo_y2020.tif,218,0.908256880733945,0.31623853211009173,Cairo,0,14301,3902.0
Cairo_y2020.tif,442,0.8755656108597285,0.3158823529411764,Cairo,1,14316,3902.0
Cairo_y2020.tif,230,0.34347826086956523,0.2683043478260869,Cairo,1,14307,3902.0
Cairo_y2020.tif,920,0.8021739130434783,0.3267445652173913,Cairo,1,14374,3902.0
Cairo_y2020.tif,391,1.0,0.38732736572890025,Cairo,1,14276,3902.0
Cairo_y2020.tif,225,0.3111111111111111,0.2743555555555555,Cairo,1,14356,3902.0
Cairo_y2020.tif,213,1.0,0.3511032863849765,Cairo,0,14225,3902.0
Cairo_y2020.tif,158,0.36075949367088606,0.24167721518987342,Cairo,0,14245,3902.0
Cairo_y2020.tif,183,0.6557377049180327,0.30975409836065576,Cairo,0,14280,3902.0
Cairo_y2020.tif,167,0.1497005988023952,0.25179640718562873,Cairo,0,14290,3902.0
Cairo_y2020.tif,412,0.9101941747572816,0.3328398058252427,Cairo,1,14361,3902.0
Cairo_y2020.tif,220,0.22727272727272727,0.2001590909090909,Cairo,0,14395,3902.0
Cairo_y2020.tif,1116,0.03136200716845878,0.18931451612903225,Cairo,0,14479,3902.0
Cairo_y2020.tif,278,0.960431654676259,0.3790287769784173,Cairo,1,14406,3902.0
Cairo_y2020.tif,224,0.17857142857142858,0.25821428571428573,Cairo,1,14410,3902.0
Cairo_y2020.tif,197,0.0,0.1487817258883249,Cairo,0,14455,3902.0
Cairo_y2020.tif,330,0.7393939393939394,0.26513636363636367,Cairo,1,14283,3902.0
Cairo_y2020.tif,270,0.32222222222222224,0.20992592592592596,Cairo,0,14418,3902.0
Cairo_y2020.tif,422,0.07345971563981042,0.19355450236966826,Cairo,0,14404,3902.0
Cairo_y2020.tif,329,0.030395136778115502,0.16741641337386018,Cairo,0,14448,3902.0
Cairo_y2020.tif,246,0.491869918699187,0.2572357723577236,Cairo,1,14400,3902.0
Cairo_y2020.tif,166,0.8674698795180723,0.33376506024096386,Cairo,1,14411,3902.0
Cairo_y2020.tif,158,0.9810126582278481,0.34870253164556964,Cairo,1,14432,3902.0
Cairo_y2020.tif,329,0.0790273556231003,0.15682370820668692,Cairo,0,14472,3902.0
Cairo_y2020.tif,304,0.34868421052631576,0.17922697368421053,Cairo,1,14459,3902.0
Cairo_y2020.tif,182,0.0,0.13730769230769233,Cairo,0,14482,3902.0
Cairo_y2020.tif,440,0.0,0.0767840909090909,Cairo,1,14500,3902.0
Cairo_y2020.tif,234,0.7905982905982906,0.32587606837606836,Cairo,0,14507,3902.0
Cairo_y2020.tif,313,0.0,0.045654952076677316,Cairo,0,14539,3902.0
Cairo_y2020.tif,512,0.0234375,0.1117578125,Cairo,1,14546,3902.0
Cairo_y2020.tif,305,0.0,0.1401311475409836,Cairo,0,14532,3902.0
Cairo_y2020.tif,385,0.0,0.057896103896103904,Cairo,0,14533,3902.0
Cairo_y2020.tif,310,0.0,0.04838709677419355,Cairo,1,14588,3902.0
Cairo_y2020.tif,671,0.020864381520119227,0.09411326378539495,Cairo,0,14597,3902.0
Cairo_y2020.tif,185,0.0,0.06397297297297298,Cairo,0,14576,3902.0
Cairo_y2020.tif,342,0.0,0.06507309941520469,Cairo,0,14640,3902.0
Cairo_y2020.tif,317,1.0,0.34701892744479496,Cairo,1,14456,3902.0
Cairo_y2020.tif,121,0.0,0.12045454545454547,Cairo,0,14496,3902.0
Cairo_y2020.tif,174,0.7183908045977011,0.257816091954023,Cairo,1,14497,3902.0
Cairo_y2020.tif,425,0.4682352941176471,0.1885294117647059,Cairo,0,14554,3902.0
Cairo_y2020.tif,11870,0.09814658803706824,0.08366638584667227,Cairo,0,14904,3902.0
Cairo_y2020.tif,249,1.0,0.4020481927710843,Cairo,1,14736,3902.0
Cairo_y2020.tif,1942,0.4407826982492276,0.2049330587023687,Cairo,0,14787,3902.0
Cairo_y2020.tif,2148,0.48743016759776536,0.19506284916201116,Cairo,1,14897,3902.0
Cairo_y2020.tif,397,0.09571788413098237,0.1039420654911839,Cairo,0,14829,3902.0
Cairo_y2020.tif,174,0.9597701149425287,0.39896551724137924,Cairo,1,14835,3902.0
Cairo_y2020.tif,202,0.0,0.06747524752475247,Cairo,1,14623,3902.0
Cairo_y2020.tif,307,0.0,0.07526058631921823,Cairo,1,14658,3902.0
Cairo_y2020.tif,203,0.0,0.07977832512315271,Cairo,0,14662,3902.0
Cairo_y2020.tif,282,0.0,0.06969858156028368,Cairo,0,14663,3902.0
Cairo_y2020.tif,245,0.0,0.13546938775510203,Cairo,1,14673,3902.0
Cairo_y2020.tif,226,0.0,0.09712389380530975,Cairo,0,14684,3902.0
Cairo_y2020.tif,2259,0.0,0.07497786631252766,Cairo,0,14839,3902.0
Cairo_y2020.tif,479,0.0,0.11245302713987476,Cairo,0,14697,3902.0
Cairo_y2020.tif,563,0.13321492007104796,0.19278863232682059,Cairo,0,14756,3902.0
Cairo_y2020.tif,229,0.4017467248908297,0.23034934497816598,Cairo,0,14827,3902.0
Cairo_y2020.tif,322,0.8540372670807453,0.3315527950310559,Cairo,1,14000,3902.0
Cairo_y2020.tif,767,0.9491525423728814,0.3300782268578879,Cairo,0,14017,3902.0
Cairo_y2020.tif,448,0.22991071428571427,0.211171875,Cairo,1,14051,3902.0
Cairo_y2020.tif,214,1.0,0.38563084112149537,Cairo,1,14035,3902.0
Cairo_y2020.tif,427,1.0,0.42749414519906326,Cairo,1,14074,3902.0
Cairo_y2020.tif,351,0.3504273504273504,0.2742735042735043,Cairo,1,14121,3902.0
Cairo_y2020.tif,407,0.9533169533169533,0.34444717444717443,Cairo,1,14125,3902.0
Cairo_y2020.tif,226,0.29646017699115046,0.25371681415929204,Cairo,1,14132,3902.0
Cairo_y2020.tif,439,1.0,0.41334851936218675,Cairo,1,14118,3902.0
Cairo_y2020.tif,272,0.9080882352941176,0.3625551470588235,Cairo,1,14158,3902.0
Cairo_y2020.tif,385,0.4701298701298701,0.2094935064935065,Cairo,1,14038,3902.0
Cairo_y2020.tif,272,0.3125,0.2101470588235294,Cairo,1,14049,3902.0
Cairo_y2020.tif,239,0.6401673640167364,0.2920292887029288,Cairo,1,14082,3902.0
Cairo_y2020.tif,274,0.8248175182481752,0.3179379562043796,Cairo,1,14103,3902.0
Cairo_y2020.tif,254,0.9763779527559056,0.37360236220472437,Cairo,1,14101,3902.0
Cairo_y2020.tif,473,0.9978858350951374,0.3899154334038055,Cairo,1,14135,3902.0
Cairo_y2020.tif,181,1.0,0.36279005524861874,Cairo,1,14159,3902.0
Cairo_y2020.tif,299,1.0,0.427391304347826,Cairo,1,14180,3902.0
Cairo_y2020.tif,946,0.7219873150105708,0.3210993657505286,Cairo,1,14202,3902.0
Cairo_y2020.tif,344,0.9622093023255814,0.36755813953488375,Cairo,1,14199,3902.0
Cairo_y2020.tif,409,1.0,0.41440097799511005,Cairo,1,14041,3902.0
Cairo_y2020.tif,384,0.8776041666666666,0.3317057291666667,Cairo,1,14003,3902.0
Cairo_y2020.tif,487,1.0,0.4362320328542094,Cairo,1,14058,3902.0
Cairo_y2020.tif,191,0.0,0.13146596858638745,Cairo,0,14025,3902.0
Cairo_y2020.tif,432,1.0,0.39243055555555556,Cairo,1,14069,3902.0
Cairo_y2020.tif,275,1.0,0.41074545454545447,Cairo,1,14145,3902.0
Cairo_y2020.tif,874,1.0,0.44142448512585813,Cairo,1,14136,3902.0
Cairo_y2020.tif,480,0.9958333333333333,0.41689583333333335,Cairo,1,14177,3902.0
Cairo_y2020.tif,3838,0.20948410630536737,0.11898124022928608,Cairo,1,14444,3902.0
Cairo_y2020.tif,901,1.0,0.446198668146504,Cairo,1,14272,3902.0
Cairo_y2020.tif,268,0.33955223880597013,0.25307835820895525,Cairo,1,14171,3902.0
Cairo_y2020.tif,231,0.8051948051948052,0.3539177489177489,Cairo,1,14190,3902.0
Cairo_y2020.tif,253,0.7786561264822134,0.3463438735177865,Cairo,1,14212,3902.0
Cairo_y2020.tif,395,0.8936708860759494,0.37229113924050633,Cairo,1,14249,3902.0
Cairo_y2020.tif,394,0.8324873096446701,0.3569543147208121,Cairo,1,14264,3902.0
Cairo_y2020.tif,238,0.6512605042016807,0.3357563025210085,Cairo,1,14258,3902.0
Cairo_y2020.tif,599,0.9165275459098498,0.38429883138564275,Cairo,1,14278,3902.0
Cairo_y2020.tif,255,0.0,0.12205882352941176,Cairo,0,14309,3902.0
Cairo_y2020.tif,434,1.0,0.44078341013824895,Cairo,1,14315,3902.0
Cairo_y2020.tif,210,1.0,0.40019047619047615,Cairo,1,14388,3902.0
Cairo_y2020.tif,321,0.9003115264797508,0.3346728971962617,Cairo,1,14222,3902.0
Cairo_y2020.tif,332,1.0,0.37650602409638556,Cairo,1,14247,3902.0
Cairo_y2020.tif,739,0.9431664411366711,0.3613870094722598,Cairo,1,14277,3902.0
Cairo_y2020.tif,305,0.1180327868852459,0.22624590163934424,Cairo,0,14311,3902.0
Cairo_y2020.tif,289,0.8615916955017301,0.31141868512110726,Cairo,1,14303,3902.0
Cairo_y2020.tif,190,0.26842105263157895,0.2503947368421053,Cairo,1,14326,3902.0
Cairo_y2020.tif,191,0.9214659685863874,0.30130890052356024,Cairo,0,14340,3902.0
Cairo_y2020.tif,376,0.47606382978723405,0.24482712765957448,Cairo,0,14318,3902.0
Cairo_y2020.tif,442,0.7669683257918553,0.306131221719457,Cairo,1,14373,3902.0
Cairo_y2020.tif,405,0.24938271604938272,0.25443209876543205,Cairo,1,14384,3902.0
Cairo_y2020.tif,450,0.0,0.11472222222222223,Cairo,0,14401,3902.0
Cairo_y2020.tif,654,0.44954128440366975,0.2756422018348624,Cairo,1,14440,3902.0
Cairo_y2020.tif,228,1.0,0.4215570175438596,Cairo,1,14454,3902.0
Cairo_y2020.tif,417,0.17985611510791366,0.17655875299760193,Cairo,0,14487,3902.0
Cairo_y2020.tif,167,1.0,0.3835329341317365,Cairo,1,14462,3902.0
Cairo_y2020.tif,153,0.5816993464052288,0.28813725490196074,Cairo,1,14475,3902.0
Cairo_y2020.tif,225,0.04888888888888889,0.1399111111111111,Cairo,1,14503,3902.0
Cairo_y2020.tif,210,0.5952380952380952,0.3147142857142857,Cairo,1,14502,3902.0
Cairo_y2020.tif,289,0.4117647058823529,0.27001730103806226,Cairo,1,14525,3902.0
Cairo_y2020.tif,209,1.0,0.41734449760765546,Cairo,1,14517,3902.0
Cairo_y2020.tif,381,1.0,0.44834645669291345,Cairo,1,14333,3902.0
Cairo_y2020.tif,965,1.0,0.4483626943005182,Cairo,1,14345,3902.0
Cairo_y2020.tif,485,1.0,0.44381443298969075,Cairo,1,14398,3902.0
Cairo_y2020.tif,728,1.0,0.4412362637362638,Cairo,1,14481,3902.0
Cairo_y2020.tif,616,1.0,0.43280844155844156,Cairo,1,14512,3902.0
Cairo_y2020.tif,375,0.096,0.21305333333333337,Cairo,1,14526,3902.0
Cairo_y2020.tif,337,0.9406528189910979,0.378219584569733,Cairo,1,14547,3902.0
Cairo_y2020.tif,387,1.0,0.4152454780361757,Cairo,1,14565,3902.0
Cairo_y2020.tif,377,0.9946949602122016,0.3806498673740053,Cairo,1,14591,3902.0
Cairo_y2020.tif,356,0.9382022471910112,0.3212219101123595,Cairo,1,14613,3902.0
Cairo_y2020.tif,801,0.033707865168539325,0.13032459425717852,Cairo,1,14377,3902.0
Cairo_y2020.tif,520,0.023076923076923078,0.19860576923076925,Cairo,1,14471,3902.0
Cairo_y2020.tif,2060,0.21601941747572814,0.15041747572815534,Cairo,0,14519,3902.0
Cairo_y2020.tif,253,0.007905138339920948,0.08871541501976285,Cairo,0,14463,3902.0
Cairo_y2020.tif,397,0.0,0.0633249370277078,Cairo,1,14540,3902.0
Cairo_y2020.tif,249,0.6104417670682731,0.25465863453815263,Cairo,1,14586,3902.0
Cairo_y2020.tif,508,0.9173228346456693,0.3526673228346457,Cairo,1,14607,3902.0
Cairo_y2020.tif,335,0.9343283582089552,0.35089552238805966,Cairo,1,14614,3902.0
Cairo_y2020.tif,192,0.0,0.070078125,Cairo,1,14570,3902.0
Cairo_y2020.tif,342,0.9415204678362573,0.33652046783625733,Cairo,1,14622,3902.0
Cairo_y2020.tif,681,1.0,0.4508663729809105,Cairo,1,14424,3902.0
Cairo_y2020.tif,348,0.9281609195402298,0.38635057471264367,Cairo,1,14492,3902.0
Cairo_y2020.tif,376,1.0,0.4504654255319149,Cairo,1,14427,3902.0
Cairo_y2020.tif,432,1.0,0.4230555555555555,Cairo,1,14542,3902.0
Cairo_y2020.tif,216,0.9861111111111112,0.4002083333333333,Cairo,1,14555,3902.0
Cairo_y2020.tif,346,0.846820809248555,0.30934971098265895,Cairo,1,14575,3902.0
Cairo_y2020.tif,350,0.8857142857142857,0.31478571428571434,Cairo,1,14632,3902.0
Cairo_y2020.tif,414,0.9251207729468599,0.32555555555555565,Cairo,1,14652,3902.0
Cairo_y2020.tif,590,0.34067796610169493,0.23322033898305083,Cairo,1,14647,3902.0
Cairo_y2020.tif,280,0.9857142857142858,0.362125,Cairo,1,14696,3902.0
Cairo_y2020.tif,814,0.40540540540540543,0.2443857493857494,Cairo,1,14600,3902.0
Cairo_y2020.tif,786,0.0,0.11339694656488551,Cairo,1,14723,3902.0
Cairo_y2020.tif,358,0.5418994413407822,0.2902374301675978,Cairo,1,14724,3902.0
Cairo_y2020.tif,238,0.08403361344537816,0.1938655462184874,Cairo,1,14692,3902.0
Cairo_y2020.tif,283,0.14487632508833923,0.2572791519434629,Cairo,1,14693,3902.0
Cairo_y2020.tif,461,0.5010845986984815,0.28834056399132324,Cairo,1,14732,3902.0
Cairo_y2020.tif,503,0.2882703777335984,0.2587972166998012,Cairo,1,14683,3902.0
Cairo_y2020.tif,554,0.8483754512635379,0.2929512635379062,Cairo,1,14793,3902.0
Cairo_y2020.tif,251,0.28286852589641437,0.22651394422310758,Cairo,1,14769,3902.0
Cairo_y2020.tif,870,0.0,0.05395977011494254,Cairo,0,14789,3902.0
Cairo_y2020.tif,364,1.0,0.4341346153846154,Cairo,1,13939,3902.0
Cairo_y2020.tif,402,1.0,0.4551492537313432,Cairo,1,13985,3902.0
Cairo_y2020.tif,2667,0.2954630671166104,0.16003187101612298,Cairo,1,14119,3902.0
Cairo_y2020.tif,667,1.0,0.45691154422788605,Cairo,1,14154,3902.0
Cairo_y2020.tif,520,1.0,0.4483365384615384,Cairo,1,14149,3902.0
Cairo_y2020.tif,413,1.0,0.44073849878934634,Cairo,1,14129,3902.0
Cairo_y2020.tif,1076,0.9005576208178439,0.3885315985130112,Cairo,1,14223,3902.0
Cairo_y2020.tif,1131,0.0008841732979664014,0.07412466843501327,Cairo,0,14320,3902.0
Cairo_y2020.tif,674,1.0,0.45,Cairo,1,14285,3902.0
Cairo_y2020.tif,345,1.0,0.4473043478260869,Cairo,1,14383,3902.0
Cairo_y2020.tif,284,0.9823943661971831,0.299612676056338,Cairo,1,14036,3902.0
Cairo_y2020.tif,1078,0.05658627087198516,0.07779684601113174,Cairo,0,14138,3902.0
Cairo_y2020.tif,585,0.7982905982905983,0.20994871794871794,Cairo,1,14165,3902.0
Cairo_y2020.tif,366,0.19672131147540983,0.13508196721311475,Cairo,0,14244,3902.0
Cairo_y2020.tif,826,0.7578692493946732,0.21559927360774817,Cairo,0,14252,3902.0
Cairo_y2020.tif,725,0.05517241379310345,0.11955862068965518,Cairo,0,14257,3902.0
Cairo_y2020.tif,391,0.1278772378516624,0.12975703324808183,Cairo,0,14314,3902.0
Cairo_y2020.tif,341,0.0,0.1306598240469208,Cairo,1,14332,3902.0
Cairo_y2020.tif,458,0.9978165938864629,0.36259825327510914,Cairo,1,14381,3902.0
Cairo_y2020.tif,433,0.9976905311778291,0.3480369515011547,Cairo,0,14446,3902.0
Cairo_y2020.tif,981,0.944954128440367,0.37544342507645256,Cairo,0,14205,3902.0
Cairo_y2020.tif,710,1.0,0.42036619718309864,Cairo,1,14256,3902.0
Cairo_y2020.tif,233,1.0,0.35793991416309007,Cairo,1,14282,3902.0
Cairo_y2020.tif,377,1.0,0.40505305039787803,Cairo,1,14370,3902.0
Cairo_y2020.tif,334,1.0,0.3847455089820359,Cairo,1,14365,3902.0
Cairo_y2020.tif,1256,0.9888535031847133,0.4313256369426752,Cairo,1,14299,3902.0
Cairo_y2020.tif,654,1.0,0.434533639143731,Cairo,1,14366,3902.0
Cairo_y2020.tif,350,1.0,0.4416142857142857,Cairo,1,14399,3902.0
Cairo_y2020.tif,278,1.0,0.4199820143884892,Cairo,1,14407,3902.0
Cairo_y2020.tif,274,1.0,0.3837591240875913,Cairo,0,14453,3902.0
Cairo_y2020.tif,4458,0.22005383580080753,0.1295020188425303,Cairo,0,14585,3902.0
Cairo_y2020.tif,486,1.0,0.43569958847736623,Cairo,1,14515,3902.0
Cairo_y2020.tif,460,0.9760869565217392,0.3567717391304348,Cairo,1,14605,3902.0
Cairo_y2020.tif,311,0.17363344051446947,0.23329581993569135,Cairo,1,14571,3902.0
Cairo_y2020.tif,386,1.0,0.42856217616580317,Cairo,1,14624,3902.0
Cairo_y2020.tif,318,1.0,0.4491194968553459,Cairo,1,14638,3902.0
Cairo_y2020.tif,281,0.6441281138790036,0.2911743772241993,Cairo,1,14633,3902.0
Cairo_y2020.tif,400,0.41,0.2448625,Cairo,1,14707,3902.0
Cairo_y2020.tif,161,0.4472049689440994,0.27475155279503105,Cairo,0,14675,3902.0
Cairo_y2020.tif,691,0.9334298118668596,0.32239507959479013,Cairo,0,14698,3902.0
Cairo_y2020.tif,283,1.0,0.45196113074204947,Cairo,1,14505,3902.0
Cairo_y2020.tif,585,0.9897435897435898,0.3878888888888889,Cairo,1,14527,3902.0
Cairo_y2020.tif,459,1.0,0.45,Cairo,1,14529,3902.0
Cairo_y2020.tif,548,1.0,0.4230200729927007,Cairo,1,14538,3902.0
Cairo_y2020.tif,611,0.9476268412438625,0.36129296235679215,Cairo,1,14609,3902.0
Cairo_y2020.tif,257,1.0,0.4472178988326848,Cairo,1,14587,3902.0
Cairo_y2020.tif,339,1.0,0.40454277286135687,Cairo,1,14606,3902.0
Cairo_y2020.tif,544,1.0,0.4518566176470588,Cairo,1,14661,3902.0
Cairo_y2020.tif,364,0.9395604395604396,0.3969642857142857,Cairo,1,14676,3902.0
Cairo_y2020.tif,379,1.0,0.37679419525065966,Cairo,1,14725,3902.0
Cairo_y2020.tif,964,0.9159751037344398,0.3408454356846473,Cairo,1,14744,3902.0
Cairo_y2020.tif,308,1.0,0.3919967532467532,Cairo,1,14752,3902.0
Cairo_y2020.tif,208,0.875,0.3591346153846154,Cairo,1,14763,3902.0
Cairo_y2020.tif,382,0.5680628272251309,0.2646335078534031,Cairo,1,14780,3902.0
Cairo_y2020.tif,386,0.9766839378238342,0.35957253886010365,Cairo,1,14774,3902.0
Cairo_y2020.tif,730,0.9301369863013699,0.35209589041095884,Cairo,1,14822,3902.0
Cairo_y2020.tif,280,1.0,0.43308928571428573,Cairo,1,14862,3902.0
Cairo_y2020.tif,997,0.31795386158475425,0.15697091273821465,Cairo,0,14876,3902.0
Cairo_y2020.tif,261,0.10344827586206896,0.12632183908045977,Cairo,0,14912,3902.0
Cairo_y2020.tif,204,1.0,0.4473039215686276,Cairo,1,14903,3902.0
Cairo_y2020.tif,1514,0.9035667107001321,0.30969947159841477,Cairo,0,14776,3902.0
Cairo_y2020.tif,184,1.0,0.37904891304347826,Cairo,1,14750,3902.0
Cairo_y2020.tif,294,1.0,0.41061224489795917,Cairo,1,14770,3902.0
Cairo_y2020.tif,261,0.7701149425287356,0.3134674329501916,Cairo,1,14729,3902.0
Cairo_y2020.tif,369,0.981029810298103,0.36800813008130084,Cairo,1,14838,3902.0
Cairo_y2020.tif,358,0.7262569832402235,0.28844972067039104,Cairo,1,14865,3902.0
Cairo_y2020.tif,306,0.1111111111111111,0.15049019607843137,Cairo,0,14901,3902.0
Cairo_y2020.tif,495,0.30505050505050507,0.1894242424242424,Cairo,0,14937,3902.0
Cairo_y2020.tif,3822,0.42647828362114076,0.22190737833594978,Cairo,0,15063,3902.0
Cairo_y2020.tif,215,0.0,0.05472093023255814,Cairo,0,14967,3902.0
Cairo_y2020.tif,395,0.9291139240506329,0.3509493670886076,Cairo,1,14731,3902.0
Cairo_y2020.tif,214,1.0,0.40988317757009346,Cairo,1,14743,3902.0
Cairo_y2020.tif,162,0.35185185185185186,0.2616049382716049,Cairo,0,14728,3902.0
Cairo_y2020.tif,143,0.3776223776223776,0.2566083916083916,Cairo,0,14758,3902.0
Cairo_y2020.tif,836,0.43301435406698563,0.18417464114832535,Cairo,0,14820,3902.0
Cairo_y2020.tif,222,0.11261261261261261,0.14885135135135136,Cairo,0,14840,3902.0
Cairo_y2020.tif,482,0.3132780082987552,0.21573651452282158,Cairo,0,14853,3902.0
Cairo_y2020.tif,580,0.6844827586206896,0.25732758620689655,Cairo,1,15010,3902.0
Cairo_y2020.tif,1590,0.820125786163522,0.2893522012578616,Cairo,0,14992,3902.0
Cairo_y2020.tif,548,0.3083941605839416,0.24753649635036498,Cairo,1,14923,3902.0
Cairo_y2020.tif,1085,0.37511520737327186,0.22787557603686637,Cairo,0,14913,3902.0
Cairo_y2020.tif,395,1.0,0.3911392405063291,Cairo,0,14859,3902.0
Cairo_y2020.tif,190,1.0,0.384578947368421,Cairo,1,14911,3902.0
Cairo_y2020.tif,235,1.0,0.3950851063829787,Cairo,0,14899,3902.0
Cairo_y2020.tif,1634,0.7747858017135862,0.27924112607099144,Cairo,1,15051,3902.0
Cairo_y2020.tif,238,0.9537815126050421,0.350609243697479,Cairo,1,15023,3902.0
Cairo_y2020.tif,216,1.0,0.3803472222222222,Cairo,1,15033,3902.0
Cairo_y2020.tif,220,1.0,0.35986363636363644,Cairo,1,15026,3902.0
Cairo_y2020.tif,225,0.9688888888888889,0.3554,Cairo,1,15030,3902.0
Cairo_y2020.tif,577,1.0,0.43157712305025997,Cairo,1,14954,3902.0
Cairo_y2020.tif,258,0.9806201550387597,0.4034108527131783,Cairo,1,14917,3902.0
Cairo_y2020.tif,248,1.0,0.4284879032258065,Cairo,1,14957,3902.0
Cairo_y2020.tif,1116,0.5618279569892473,0.2406720430107527,Cairo,1,15034,3902.0
Cairo_y2020.tif,253,1.0,0.4308102766798419,Cairo,1,14980,3902.0
Cairo_y2020.tif,407,1.0,0.4380958230958231,Cairo,1,15036,3902.0
Cairo_y2020.tif,461,0.7852494577006508,0.32480477223427334,Cairo,1,15062,3902.0
Cairo_y2020.tif,716,1.0,0.42157821229050285,Cairo,1,15054,3902.0
Cairo_y2020.tif,605,0.9636363636363636,0.3982561983471074,Cairo,1,15093,3902.0
Cairo_y2020.tif,287,1.0,0.4211498257839722,Cairo,1,15137,3902.0
Cairo_y2020.tif,210,1.0,0.3997857142857143,Cairo,0,15143,3902.0
Cairo_y2020.tif,142,0.0,0.03264084507042253,Cairo,1,14358,3902.0
Cairo_y2020.tif,622,0.0,0.0732234726688103,Cairo,1,14485,3902.0
Cairo_y2020.tif,411,0.0024330900243309003,0.10809002433090026,Cairo,0,14420,3902.0
Cairo_y2020.tif,378,0.0,0.04560846560846561,Cairo,0,14369,3902.0
Cairo_y2020.tif,249,0.0,0.0641566265060241,Cairo,1,14416,3902.0
Cairo_y2020.tif,271,0.0,0.04387453874538746,Cairo,0,14397,3902.0
Cairo_y2020.tif,609,0.0,0.04871100164203612,Cairo,0,14435,3902.0
Cairo_y2020.tif,312,0.0,0.03766025641025641,Cairo,1,14476,3902.0
Cairo_y2020.tif,210,0.0,0.04169047619047619,Cairo,1,14457,3902.0
Cairo_y2020.tif,284,0.1619718309859155,0.19558098591549297,Cairo,0,14499,3902.0
Cairo_y2020.tif,614,0.34039087947882735,0.2212540716612378,Cairo,1,14376,3902.0
Cairo_y2020.tif,430,0.0,0.06268604651162792,Cairo,1,14422,3902.0
Cairo_y2020.tif,190,0.13157894736842105,0.22739473684210526,Cairo,0,14413,3902.0
Cairo_y2020.tif,395,0.04810126582278481,0.19017721518987343,Cairo,0,14438,3902.0
Cairo_y2020.tif,242,0.3884297520661157,0.22508264462809918,Cairo,1,14466,3902.0
Cairo_y2020.tif,309,0.0,0.08702265372168284,Cairo,0,14473,3902.0
Cairo_y2020.tif,212,0.30660377358490565,0.24632075471698112,Cairo,0,14477,3902.0
Cairo_y2020.tif,245,0.5306122448979592,0.23263265306122452,Cairo,0,14506,3902.0
Cairo_y2020.tif,377,0.6021220159151194,0.25649867374005303,Cairo,1,14488,3902.0
Cairo_y2020.tif,744,0.0,0.13959677419354838,Cairo,1,14520,3902.0
Cairo_y2020.tif,962,0.0,0.049235966735966745,Cairo,0,14530,3902.0
Cairo_y2020.tif,172,0.0,0.05671511627906977,Cairo,1,14510,3902.0
Cairo_y2020.tif,162,0.0,0.06438271604938271,Cairo,0,14514,3902.0
Cairo_y2020.tif,557,0.0,0.10730700179533213,Cairo,0,14568,3902.0
Cairo_y2020.tif,622,0.0,0.0877733118971061,Cairo,1,14543,3902.0
Cairo_y2020.tif,451,0.0,0.0782039911308204,Cairo,0,14595,3902.0
Cairo_y2020.tif,205,0.0,0.056853658536585375,Cairo,0,14548,3902.0
Cairo_y2020.tif,484,0.0,0.06785123966942148,Cairo,0,14578,3902.0
Cairo_y2020.tif,515,0.0,0.06828155339805826,Cairo,0,14608,3902.0
Cairo_y2020.tif,207,0.0,0.05009661835748791,Cairo,0,14580,3902.0
Cairo_y2020.tif,226,0.6283185840707964,0.23097345132743363,Cairo,0,14524,3902.0
Cairo_y2020.tif,650,0.45692307692307693,0.27816153846153846,Cairo,1,14523,3902.0
Cairo_y2020.tif,550,0.0,0.13948181818181818,Cairo,0,14550,3902.0
Cairo_y2020.tif,892,0.9742152466367713,0.34302690582959644,Cairo,0,14592,3902.0
Cairo_y2020.tif,422,0.004739336492890996,0.21950236966824643,Cairo,1,14648,3902.0
Cairo_y2020.tif,381,0.0,0.15973753280839895,Cairo,1,14560,3902.0
Cairo_y2020.tif,188,0.16489361702127658,0.2525265957446809,Cairo,0,14603,3902.0
Cairo_y2020.tif,417,1.0,0.3352517985611511,Cairo,0,14672,3902.0
Cairo_y2020.tif,228,0.8728070175438597,0.3120833333333333,Cairo,1,14617,3902.0
Cairo_y2020.tif,713,0.8162692847124825,0.2940462833099579,Cairo,0,14677,3902.0
Cairo_y2020.tif,283,0.0,0.12206713780918728,Cairo,1,14602,3902.0
Cairo_y2020.tif,652,0.009202453987730062,0.12135736196319018,Cairo,1,14646,3902.0
Cairo_y2020.tif,241,0.0,0.10597510373443984,Cairo,0,14601,3902.0
Cairo_y2020.tif,342,0.0,0.055555555555555566,Cairo,0,14642,3902.0
Cairo_y2020.tif,344,0.0,0.0513953488372093,Cairo,0,14589,3902.0
Cairo_y2020.tif,260,0.0,0.04138461538461538,Cairo,1,14643,3902.0
Cairo_y2020.tif,599,0.0,0.0642237061769616,Cairo,0,14718,3902.0
Cairo_y2020.tif,195,0.0,0.03858974358974358,Cairo,1,14620,3902.0
Cairo_y2020.tif,453,0.0,0.06750551876379692,Cairo,1,14656,3902.0
Cairo_y2020.tif,290,0.0,0.04377586206896552,Cairo,1,14688,3902.0
Cairo_y2020.tif,874,0.988558352402746,0.3758924485125858,Cairo,1,14563,3902.0
Cairo_y2020.tif,775,0.36258064516129035,0.26230322580645166,Cairo,1,14584,3902.0
Cairo_y2020.tif,460,0.5391304347826087,0.27166304347826087,Cairo,0,14594,3902.0
Cairo_y2020.tif,254,1.0,0.35586614173228354,Cairo,1,14615,3902.0
Cairo_y2020.tif,629,0.0047694753577106515,0.18151828298887124,Cairo,1,14709,3902.0
Cairo_y2020.tif,1222,0.6710310965630114,0.28797872340425534,Cairo,1,14686,3902.0
Cairo_y2020.tif,674,0.9020771513353115,0.3276780415430267,Cairo,1,14651,3902.0
Cairo_y2020.tif,542,0.959409594095941,0.3502121771217712,Cairo,1,14665,3902.0
Cairo_y2020.tif,514,0.7509727626459144,0.3030642023346304,Cairo,1,14721,3902.0
Cairo_y2020.tif,489,0.41513292433537835,0.25972392638036806,Cairo,0,14733,3902.0
Cairo_y2020.tif,250,0.0,0.09612000000000001,Cairo,1,14660,3902.0
Cairo_y2020.tif,312,0.0,0.03496794871794872,Cairo,0,14710,3902.0
Cairo_y2020.tif,365,0.0,0.1093150684931507,Cairo,0,14670,3902.0
Cairo_y2020.tif,254,0.0,0.04948818897637795,Cairo,0,14727,3902.0
Cairo_y2020.tif,469,0.0,0.06073560767590619,Cairo,0,14759,3902.0
Cairo_y2020.tif,242,0.0,0.0337603305785124,Cairo,0,14694,3902.0
Cairo_y2020.tif,230,0.0,0.04995652173913044,Cairo,1,14761,3902.0
Cairo_y2020.tif,386,0.0,0.06511658031088083,Cairo,1,14786,3902.0
Cairo_y2020.tif,192,0.0,0.10450520833333334,Cairo,0,14738,3902.0
Cairo_y2020.tif,131,0.0,0.053702290076335875,Cairo,0,14775,3902.0
Cairo_y2020.tif,573,0.008726003490401396,0.13047120418848165,Cairo,0,14735,3902.0
Cairo_y2020.tif,427,0.0,0.1250351288056206,Cairo,0,14666,3902.0
Cairo_y2020.tif,249,0.0,0.15110441767068272,Cairo,0,14689,3902.0
Cairo_y2020.tif,4571,0.05119229927805732,0.11418289214613869,Cairo,0,14925,3902.0
Cairo_y2020.tif,929,0.0,0.12395048439181916,Cairo,1,14814,3902.0
Cairo_y2020.tif,355,0.0028169014084507044,0.156943661971831,Cairo,0,14828,3902.0
Cairo_y2020.tif,1001,0.12487512487512488,0.18781718281718282,Cairo,1,14898,3902.0
Cairo_y2020.tif,613,0.0065252854812398045,0.16448613376835236,Cairo,0,14895,3902.0
Cairo_y2020.tif,236,0.0,0.12213983050847456,Cairo,0,14891,3902.0
Cairo_y2020.tif,202,0.0,0.11601485148514852,Cairo,0,14867,3902.0
Cairo_y2020.tif,729,0.0,0.0605761316872428,Cairo,1,14810,3902.0
Cairo_y2020.tif,239,0.0,0.07317991631799163,Cairo,0,14751,3902.0
Cairo_y2020.tif,283,0.0,0.1118904593639576,Cairo,1,14747,3902.0
Cairo_y2020.tif,383,0.08616187989556136,0.1806005221932115,Cairo,1,14806,3902.0
Cairo_y2020.tif,287,0.0,0.08010452961672473,Cairo,1,14831,3902.0
Cairo_y2020.tif,368,0.0,0.03986413043478261,Cairo,1,14847,3902.0
Cairo_y2020.tif,328,0.0,0.06498475609756099,Cairo,0,14773,3902.0
Cairo_y2020.tif,403,0.0,0.05017369727047147,Cairo,0,14821,3902.0
Cairo_y2020.tif,299,0.0,0.06852842809364548,Cairo,0,14808,3902.0
Cairo_y2020.tif,295,0.0,0.07815254237288136,Cairo,0,14878,3902.0
Cairo_y2020.tif,243,1.0,0.3607201646090535,Cairo,0,14749,3902.0
Cairo_y2020.tif,355,0.8028169014084507,0.33535211267605636,Cairo,1,14746,3902.0
Cairo_y2020.tif,308,0.0,0.1700162337662338,Cairo,0,14740,3902.0
Cairo_y2020.tif,397,0.5264483627204031,0.26792191435768264,Cairo,1,14772,3902.0
Cairo_y2020.tif,222,0.12162162162162163,0.2298873873873874,Cairo,1,14765,3902.0
Cairo_y2020.tif,476,0.7626050420168067,0.29853991596638657,Cairo,1,14809,3902.0
Cairo_y2020.tif,307,0.05537459283387622,0.22899022801302935,Cairo,1,14783,3902.0
Cairo_y2020.tif,636,0.050314465408805034,0.20276729559748424,Cairo,1,14833,3902.0
Cairo_y2020.tif,371,0.40431266846361186,0.29088948787061997,Cairo,1,14842,3902.0
Cairo_y2020.tif,442,0.9253393665158371,0.30919683257918557,Cairo,1,14832,3902.0
Cairo_y2020.tif,218,0.0,0.06961009174311927,Cairo,1,14722,3902.0
Cairo_y2020.tif,4001,0.00024993751562109475,0.03500124968757811,Cairo,0,14858,3902.0
Cairo_y2020.tif,302,0.0,0.1072682119205298,Cairo,0,14794,3902.0
Cairo_y2020.tif,298,0.0,0.07961409395973156,Cairo,0,14816,3902.0
Cairo_y2020.tif,227,0.2907488986784141,0.1459691629955947,Cairo,1,14857,3902.0
Cairo_y2020.tif,404,0.09653465346534654,0.14680693069306933,Cairo,0,14868,3902.0
Cairo_y2020.tif,204,0.2107843137254902,0.1777450980392157,Cairo,0,14875,3902.0
Cairo_y2020.tif,897,0.2329988851727982,0.14051839464882943,Cairo,0,14984,3902.0
Cairo_y2020.tif,4753,0.2377445823690301,0.14978855459709656,Cairo,0,15091,3902.0
Cairo_y2020.tif,254,0.7401574803149606,0.2431299212598425,Cairo,0,14926,3902.0
Cairo_y2020.tif,240,0.0,0.0449375,Cairo,1,14836,3902.0
Cairo_y2020.tif,254,0.0,0.08618110236220472,Cairo,0,14887,3902.0
Cairo_y2020.tif,412,0.0,0.07566747572815534,Cairo,0,14886,3902.0
Cairo_y2020.tif,466,0.0,0.11094420600858369,Cairo,1,14883,3902.0
Cairo_y2020.tif,265,0.0,0.11790566037735849,Cairo,1,14910,3902.0
Cairo_y2020.tif,369,0.0,0.05422764227642278,Cairo,0,14938,3902.0
Cairo_y2020.tif,188,0.0,0.08058510638297872,Cairo,1,14909,3902.0
Cairo_y2020.tif,147,0.0,0.10095238095238095,Cairo,0,14915,3902.0
Cairo_y2020.tif,186,0.0,0.053763440860215055,Cairo,0,14921,3902.0
Cairo_y2020.tif,144,0.0,0.04729166666666666,Cairo,0,14896,3902.0
Cairo_y2020.tif,838,0.0,0.15211217183770884,Cairo,1,14844,3902.0
Cairo_y2020.tif,297,0.67003367003367,0.30590909090909085,Cairo,0,14870,3902.0
Cairo_y2020.tif,747,0.19544846050870146,0.22943105756358767,Cairo,0,14841,3902.0
Cairo_y2020.tif,239,0.8451882845188284,0.3147071129707113,Cairo,1,14892,3902.0
Cairo_y2020.tif,375,0.9546666666666667,0.32652,Cairo,1,14927,3902.0
Cairo_y2020.tif,252,0.4444444444444444,0.2694642857142857,Cairo,0,14905,3902.0
Cairo_y2020.tif,433,0.0,0.1141570438799076,Cairo,0,14885,3902.0
Cairo_y2020.tif,693,0.06782106782106782,0.18349206349206348,Cairo,1,14945,3902.0
Cairo_y2020.tif,397,0.5289672544080605,0.2803526448362721,Cairo,1,14953,3902.0
Cairo_y2020.tif,683,0.986822840409956,0.35352122986822837,Cairo,0,14950,3902.0
Cairo_y2020.tif,182,0.0,0.07972527472527471,Cairo,0,14873,3902.0
Cairo_y2020.tif,232,0.0,0.1251293103448276,Cairo,0,14929,3902.0
Cairo_y2020.tif,208,0.0,0.06646634615384615,Cairo,0,14934,3902.0
Cairo_y2020.tif,419,0.03579952267303103,0.17072792362768496,Cairo,0,14961,3902.0
Cairo_y2020.tif,782,0.0012787723785166241,0.14278772378516624,Cairo,1,14974,3902.0
Cairo_y2020.tif,384,0.3203125,0.2071875,Cairo,0,14983,3902.0
Cairo_y2020.tif,231,0.9307359307359307,0.3313203463203463,Cairo,0,14986,3902.0
Cairo_y2020.tif,321,0.8878504672897196,0.32937694704049847,Cairo,0,15029,3902.0
Cairo_y2020.tif,314,0.022292993630573247,0.17409235668789808,Cairo,0,15027,3902.0
Cairo_y2020.tif,513,0.0,0.06759259259259259,Cairo,0,15038,3902.0
Cairo_y2020.tif,328,0.0,0.06548780487804877,Cairo,1,14963,3902.0
Cairo_y2020.tif,463,0.0,0.1073758099352052,Cairo,0,14906,3902.0
Cairo_y2020.tif,411,0.0,0.09682481751824817,Cairo,1,14959,3902.0
Cairo_y2020.tif,201,0.0,0.0901492537313433,Cairo,0,14970,3902.0
Cairo_y2020.tif,203,0.0,0.13470443349753694,Cairo,0,14981,3902.0
Cairo_y2020.tif,782,0.12020460358056266,0.11861892583120205,Cairo,0,14958,3902.0
Cairo_y2020.tif,711,0.32208157524613223,0.21049929676511958,Cairo,0,15042,3902.0
Cairo_y2020.tif,253,0.0,0.07747035573122531,Cairo,0,15018,3902.0
Cairo_y2020.tif,348,0.0,0.07287356321839081,Cairo,0,14972,3902.0
Cairo_y2020.tif,439,0.0,0.08440774487471527,Cairo,0,15050,3902.0
Cairo_y2020.tif,488,0.7315573770491803,0.3102151639344262,Cairo,0,14982,3902.0
Cairo_y2020.tif,283,0.16607773851590105,0.20802120141342756,Cairo,0,15001,3902.0
Cairo_y2020.tif,382,0.981675392670157,0.3140968586387434,Cairo,1,15007,3902.0
Cairo_y2020.tif,208,0.8076923076923077,0.3125,Cairo,0,15011,3902.0
Cairo_y2020.tif,212,0.0,0.07707547169811321,Cairo,0,15040,3902.0
Cairo_y2020.tif,900,0.93,0.35648888888888886,Cairo,1,15072,3902.0
Cairo_y2020.tif,550,0.025454545454545455,0.18175454545454547,Cairo,0,15041,3902.0
Cairo_y2020.tif,229,0.7554585152838428,0.2991703056768559,Cairo,1,15020,3902.0
Cairo_y2020.tif,203,0.9605911330049262,0.3090886699507389,Cairo,0,15052,3902.0
Cairo_y2020.tif,766,0.7036553524804178,0.24144908616187988,Cairo,1,15083,3902.0
Cairo_y2020.tif,463,0.0,0.05485961123110152,Cairo,1,15109,3902.0
Cairo_y2020.tif,279,0.0,0.11062724014336918,Cairo,1,15066,3902.0
Cairo_y2020.tif,409,0.0,0.03915647921760392,Cairo,0,15113,3902.0
Cairo_y2020.tif,448,0.004464285714285714,0.13590401785714284,Cairo,1,15080,3902.0
Cairo_y2020.tif,338,0.6923076923076923,0.26653846153846156,Cairo,0,15100,3902.0
Cairo_y2020.tif,276,0.16304347826086957,0.20001811594202898,Cairo,1,15108,3902.0
Cairo_y2020.tif,287,0.0,0.14817073170731707,Cairo,0,15135,3902.0
Cairo_y2020.tif,1579,0.11336288790373654,0.08529765674477517,Cairo,0,15215,3902.0
Cairo_y2020.tif,394,0.0,0.0617005076142132,Cairo,0,15161,3902.0
Cairo_y2020.tif,244,0.29098360655737704,0.22719262295081968,Cairo,1,15145,3902.0
Cairo_y2020.tif,375,0.024,0.1638,Cairo,1,15032,3902.0
Cairo_y2020.tif,375,0.528,0.26716,Cairo,0,15047,3902.0
Cairo_y2020.tif,285,0.9894736842105263,0.36921052631578943,Cairo,1,15053,3902.0
Cairo_y2020.tif,747,0.21686746987951808,0.16478580990629182,Cairo,0,15104,3902.0
Cairo_y2020.tif,374,0.058823529411764705,0.13818181818181818,Cairo,0,15076,3902.0
Cairo_y2020.tif,653,1.0,0.41387442572741195,Cairo,1,15140,3902.0
Cairo_y2020.tif,209,1.0,0.43686602870813396,Cairo,1,15125,3902.0
Cairo_y2020.tif,466,1.0,0.4087982832618026,Cairo,1,15120,3902.0
Cairo_y2020.tif,472,0.1716101694915254,0.18319915254237287,Cairo,0,15149,3902.0
Cairo_y2020.tif,298,1.0,0.4331208053691275,Cairo,1,15184,3902.0
Cairo_y2020.tif,438,0.9885844748858448,0.38251141552511414,Cairo,1,15126,3902.0
Cairo_y2020.tif,508,0.025590551181102362,0.1587303149606299,Cairo,1,15095,3902.0
Cairo_y2020.tif,427,0.0,0.18562060889929743,Cairo,1,15105,3902.0
Cairo_y2020.tif,483,1.0,0.3252173913043478,Cairo,1,15102,3902.0
Cairo_y2020.tif,296,0.20608108108108109,0.14988175675675675,Cairo,0,15152,3902.0
Cairo_y2020.tif,503,1.0,0.37833001988071574,Cairo,1,15171,3902.0
Cairo_y2020.tif,198,0.010101010101010102,0.18328282828282824,Cairo,1,15151,3902.0
Cairo_y2020.tif,287,0.06968641114982578,0.20322299651567946,Cairo,0,15170,3902.0
Cairo_y2020.tif,318,0.42452830188679247,0.24561320754716984,Cairo,0,15157,3902.0
Cairo_y2020.tif,256,0.0,0.1662109375,Cairo,1,15165,3902.0
Cairo_y2020.tif,765,0.0,0.08953594771241831,Cairo,1,15098,3902.0
Cairo_y2020.tif,291,0.0,0.12383161512027491,Cairo,1,15160,3902.0
Cairo_y2020.tif,314,0.0,0.12020700636942674,Cairo,0,15148,3902.0
Cairo_y2020.tif,424,0.0047169811320754715,0.1016627358490566,Cairo,0,15204,3902.0
Cairo_y2020.tif,346,0.02601156069364162,0.20825144508670523,Cairo,1,15163,3902.0
Cairo_y2020.tif,543,0.001841620626151013,0.12950276243093922,Cairo,1,15216,3902.0
Cairo_y2020.tif,226,0.008849557522123894,0.191570796460177,Cairo,1,15231,3902.0
Cairo_y2020.tif,316,0.0,0.1570886075949367,Cairo,0,15243,3902.0
Cairo_y2020.tif,326,0.027607361963190184,0.1726687116564417,Cairo,0,15227,3902.0
Cairo_y2020.tif,392,0.002551020408163265,0.06891581632653061,Cairo,0,15261,3902.0
Cairo_y2020.tif,363,0.5840220385674931,0.27250688705234155,Cairo,1,14965,3902.0
Cairo_y2020.tif,462,0.3484848484848485,0.23676406926406923,Cairo,1,14952,3902.0
Cairo_y2020.tif,1006,0.9940357852882704,0.3843041749502982,Cairo,1,14936,3902.0
Cairo_y2020.tif,761,0.03153745072273324,0.1950197109067017,Cairo,1,14978,3902.0
Cairo_y2020.tif,455,0.6087912087912087,0.2621428571428572,Cairo,1,14976,3902.0
Cairo_y2020.tif,387,0.8578811369509044,0.31679586563307494,Cairo,1,15043,3902.0
Cairo_y2020.tif,1369,0.5682980277574872,0.231782322863404,Cairo,0,15159,3902.0
Cairo_y2020.tif,960,0.79375,0.28802083333333334,Cairo,0,15142,3902.0
Cairo_y2020.tif,452,0.06637168141592921,0.22182522123893805,Cairo,1,15069,3902.0
Cairo_y2020.tif,460,0.06304347826086956,0.20794565217391306,Cairo,1,15175,3902.0
Cairo_y2020.tif,164,0.9634146341463414,0.3341768292682927,Cairo,1,15025,3902.0
Cairo_y2020.tif,146,0.3698630136986301,0.2130821917808219,Cairo,0,15049,3902.0
Cairo_y2020.tif,441,1.0,0.39062358276643994,Cairo,1,15003,3902.0
Cairo_y2020.tif,492,0.47764227642276424,0.23174796747967477,Cairo,0,15059,3902.0
Cairo_y2020.tif,473,0.9915433403805497,0.3369978858350951,Cairo,1,15088,3902.0
Cairo_y2020.tif,289,0.7854671280276817,0.33683391003460206,Cairo,0,15114,3902.0
Cairo_y2020.tif,340,1.0,0.32992647058823527,Cairo,0,15132,3902.0
Cairo_y2020.tif,1061,0.9632422243166824,0.407181903864279,Cairo,1,15207,3902.0
Cairo_y2020.tif,339,1.0,0.391283185840708,Cairo,0,15206,3902.0
Cairo_y2020.tif,266,0.9323308270676691,0.31112781954887214,Cairo,1,15199,3902.0
Cairo_y2020.tif,300,0.0,0.11938333333333333,Cairo,0,15014,3902.0
Cairo_y2020.tif,208,0.0,0.14411057692307694,Cairo,0,15008,3902.0
Cairo_y2020.tif,537,0.0,0.13477653631284917,Cairo,1,15017,3902.0
Cairo_y2020.tif,2961,0.10807159743329955,0.1300658561296859,Cairo,0,15222,3902.0
Cairo_y2020.tif,961,0.8387096774193549,0.35266389177939644,Cairo,1,15181,3902.0
Cairo_y2020.tif,801,0.0,0.09770287141073657,Cairo,0,15201,3902.0
Cairo_y2020.tif,406,0.9088669950738916,0.3830788177339902,Cairo,1,15253,3902.0
Cairo_y2020.tif,1748,0.013157894736842105,0.06761441647597255,Cairo,0,15374,3902.0
Cairo_y2020.tif,855,0.010526315789473684,0.11042690058479533,Cairo,0,15384,3902.0
Cairo_y2020.tif,553,0.0,0.06864376130198914,Cairo,0,15411,3902.0
Cairo_y2020.tif,450,0.9955555555555555,0.3287333333333333,Cairo,1,15182,3902.0
Cairo_y2020.tif,204,0.39705882352941174,0.2764460784313726,Cairo,1,15210,3902.0
Cairo_y2020.tif,491,1.0,0.38305498981670055,Cairo,1,15234,3902.0
Cairo_y2020.tif,379,0.9947229551451188,0.3563984168865435,Cairo,1,15245,3902.0
Cairo_y2020.tif,301,0.973421926910299,0.3717940199335548,Cairo,1,15251,3902.0
Cairo_y2020.tif,362,0.9861878453038674,0.31687845303867407,Cairo,1,15297,3902.0
Cairo_y2020.tif,354,1.0,0.3527683615819209,Cairo,1,15315,3902.0
Cairo_y2020.tif,250,0.96,0.37564,Cairo,1,15323,3902.0
Cairo_y2020.tif,575,1.0,0.41577391304347827,Cairo,1,15320,3902.0
Cairo_y2020.tif,482,1.0,0.4370746887966805,Cairo,1,15321,3902.0
Cairo_y2020.tif,533,0.7954971857410882,0.2982270168855534,Cairo,0,15249,3902.0
Cairo_y2020.tif,236,0.2584745762711864,0.24082627118644065,Cairo,1,15283,3902.0
Cairo_y2020.tif,215,0.413953488372093,0.2757674418604651,Cairo,1,15271,3902.0
Cairo_y2020.tif,415,0.5084337349397591,0.2614096385542169,Cairo,0,15371,3902.0
Cairo_y2020.tif,462,0.7727272727272727,0.282435064935065,Cairo,0,15379,3902.0
Cairo_y2020.tif,464,1.0,0.44619612068965525,Cairo,1,15337,3902.0
Cairo_y2020.tif,365,1.0,0.4234520547945205,Cairo,1,15370,3902.0
Cairo_y2020.tif,170,0.8470588235294118,0.30523529411764705,Cairo,0,15319,3902.0
Cairo_y2020.tif,881,1.0,0.44854143019296255,Cairo,1,15426,3902.0
Cairo_y2020.tif,351,0.9430199430199431,0.2968091168091168,Cairo,1,15365,3902.0
Cairo_y2020.tif,244,1.0,0.3532786885245901,Cairo,1,15346,3902.0
Cairo_y2020.tif,231,1.0,0.4374025974025975,Cairo,1,15394,3902.0
Cairo_y2020.tif,194,1.0,0.4486340206185568,Cairo,1,15422,3902.0
Cairo_y2020.tif,220,1.0,0.4470227272727273,Cairo,1,15383,3902.0
Cairo_y2020.tif,423,1.0,0.37933806146572097,Cairo,1,15456,3902.0
Cairo_y2020.tif,207,1.0,0.41867149758454114,Cairo,1,15408,3902.0
Cairo_y2020.tif,355,0.8619718309859155,0.32011267605633803,Cairo,1,15396,3902.0
Cairo_y2020.tif,197,1.0,0.4488071065989848,Cairo,1,15443,3902.0
Cairo_y2020.tif,168,1.0,0.40806547619047623,Cairo,0,15459,3902.0
Cairo_y2020.tif,251,1.0,0.4392828685258964,Cairo,1,15472,3902.0
Cairo_y2020.tif,249,0.9919678714859438,0.3551606425702811,Cairo,0,15446,3902.0
Cairo_y2020.tif,156,0.9743589743589743,0.2963782051282051,Cairo,0,15445,3902.0
Cairo_y2020.tif,807,1.0,0.44833952912019837,Cairo,1,15468,3902.0
Cairo_y2020.tif,359,1.0,0.4499582172701951,Cairo,1,15489,3902.0
Cairo_y2020.tif,760,0.42105263157894735,0.22232894736842104,Cairo,1,15507,3902.0
Cairo_y2020.tif,286,0.0,0.17849650349650348,Cairo,0,15548,3902.0
Cairo_y2020.tif,360,1.0,0.4463194444444445,Cairo,1,15538,3902.0
Cairo_y2020.tif,341,0.7917888563049853,0.31414956011730205,Cairo,0,15556,3902.0
Cairo_y2020.tif,385,1.0,0.4391428571428571,Cairo,1,15573,3902.0
Cairo_y2020.tif,333,1.0,0.44876876876876887,Cairo,1,15586,3902.0
Cairo_y2020.tif,185,0.6108108108108108,0.2985945945945946,Cairo,1,15497,3902.0
Cairo_y2020.tif,629,1.0,0.434952305246423,Cairo,1,15567,3902.0
Cairo_y2020.tif,918,0.9923747276688453,0.416661220043573,Cairo,1,15565,3902.0
Cairo_y2020.tif,189,0.5238095238095238,0.2696296296296296,Cairo,0,15533,3902.0
Cairo_y2020.tif,227,0.986784140969163,0.3535242290748899,Cairo,0,15581,3902.0
Cairo_y2020.tif,238,1.0,0.39237394957983196,Cairo,1,15590,3902.0
Cairo_y2020.tif,181,0.35911602209944754,0.25290055248618787,Cairo,0,15574,3902.0
Cairo_y2020.tif,329,1.0,0.4118844984802431,Cairo,1,15568,3902.0
Cairo_y2020.tif,205,0.4878048780487805,0.2540487804878049,Cairo,0,15613,3902.0
Cairo_y2020.tif,269,1.0,0.4283085501858736,Cairo,1,15589,3902.0
Cairo_y2020.tif,1175,0.9685106382978723,0.39797872340425533,Cairo,1,15364,3902.0
Cairo_y2020.tif,555,0.0,0.08486486486486487,Cairo,1,15451,3902.0
Cairo_y2020.tif,416,1.0,0.40837740384615384,Cairo,1,15453,3902.0
Cairo_y2020.tif,355,0.0,0.09483098591549294,Cairo,0,15552,3902.0
Cairo_y2020.tif,644,0.0,0.1371506211180124,Cairo,1,15601,3902.0
Cairo_y2020.tif,1124,0.0008896797153024911,0.12923932384341635,Cairo,0,15582,3902.0
Cairo_y2020.tif,873,0.34822451317296677,0.21900343642611683,Cairo,1,15636,3902.0
Cairo_y2020.tif,558,0.9068100358422939,0.36100358422939066,Cairo,1,15583,3902.0
Cairo_y2020.tif,2581,0.01898488957768307,0.09683456024796591,Cairo,1,16044,3902.0
Cairo_y2020.tif,413,0.0,0.10369249394673125,Cairo,0,15625,3902.0
Cairo_y2020.tif,452,0.0,0.06379424778761063,Cairo,0,15634,3902.0
Cairo_y2020.tif,252,0.0,0.09482142857142858,Cairo,0,15637,3902.0
Cairo_y2020.tif,390,0.002564102564102564,0.1558076923076923,Cairo,1,15576,3902.0
Cairo_y2020.tif,347,0.6743515850144092,0.28582132564841495,Cairo,0,15680,3902.0
Cairo_y2020.tif,369,0.0,0.060067750677506776,Cairo,0,15693,3902.0
Cairo_y2020.tif,2787,0.7732328668819519,0.32519375672766415,Cairo,1,15791,3902.0
Cairo_y2020.tif,216,0.0,0.03233796296296297,Cairo,0,15756,3902.0
Cairo_y2020.tif,276,0.007246376811594203,0.15369565217391304,Cairo,1,15800,3902.0
Cairo_y2020.tif,339,0.8112094395280236,0.30228613569321533,Cairo,1,15798,3902.0
Cairo_y2020.tif,344,0.0,0.04850290697674419,Cairo,0,15795,3902.0
Cairo_y2020.tif,375,1.0,0.32982666666666666,Cairo,0,15205,3902.0
Cairo_y2020.tif,439,0.7425968109339408,0.3138496583143508,Cairo,0,15189,3902.0
Cairo_y2020.tif,499,0.0,0.14260521042084168,Cairo,0,15230,3902.0
Cairo_y2020.tif,230,0.11739130434782609,0.20469565217391303,Cairo,0,15209,3902.0
Cairo_y2020.tif,392,0.7806122448979592,0.29581632653061224,Cairo,0,15218,3902.0
Cairo_y2020.tif,452,1.0,0.38317477876106193,Cairo,1,15247,3902.0
Cairo_y2020.tif,242,0.0,0.15229338842975204,Cairo,0,15238,3902.0
Cairo_y2020.tif,201,0.0,0.16208955223880597,Cairo,0,15254,3902.0
Cairo_y2020.tif,390,0.9461538461538461,0.3077820512820512,Cairo,1,15307,3902.0
Cairo_y2020.tif,418,0.5909090909090909,0.2498444976076555,Cairo,0,15278,3902.0
Cairo_y2020.tif,214,1.0,0.34067757009345795,Cairo,0,15289,3902.0
Cairo_y2020.tif,695,0.008633093525179856,0.19345323741007192,Cairo,1,15267,3902.0
Cairo_y2020.tif,572,0.5979020979020979,0.2755681818181818,Cairo,1,15295,3902.0
Cairo_y2020.tif,326,1.0,0.3895705521472393,Cairo,0,15332,3902.0
Cairo_y2020.tif,233,0.0,0.17412017167381974,Cairo,0,15330,3902.0
Cairo_y2020.tif,184,0.9402173913043478,0.3410869565217391,Cairo,0,15360,3902.0
Cairo_y2020.tif,303,0.8250825082508251,0.2916006600660066,Cairo,0,15345,3902.0
Cairo_y2020.tif,295,0.09830508474576272,0.19618644067796612,Cairo,1,15393,3902.0
Cairo_y2020.tif,307,0.0,0.13083061889250813,Cairo,1,15410,3902.0
Cairo_y2020.tif,382,0.3403141361256545,0.21765706806282725,Cairo,1,15428,3902.0
Cairo_y2020.tif,345,0.06956521739130435,0.17726086956521736,Cairo,0,15202,3902.0
Cairo_y2020.tif,845,0.9573964497041421,0.3939704142011834,Cairo,1,15258,3902.0
Cairo_y2020.tif,480,1.0,0.41417708333333336,Cairo,1,15241,3902.0
Cairo_y2020.tif,407,0.8157248157248157,0.32002457002457,Cairo,0,15272,3902.0
Cairo_y2020.tif,327,0.012232415902140673,0.14732415902140672,Cairo,0,15266,3902.0
Cairo_y2020.tif,506,1.0,0.39121541501976287,Cairo,1,15380,3902.0
Cairo_y2020.tif,387,0.979328165374677,0.3663049095607235,Cairo,1,15331,3902.0
Cairo_y2020.tif,4740,0.24852320675105485,0.14826371308016878,Cairo,0,15594,3902.0
Cairo_y2020.tif,1355,0.46051660516605164,0.2277121771217712,Cairo,0,15412,3902.0
Cairo_y2020.tif,2230,0.3130044843049327,0.2255269058295964,Cairo,1,15514,3902.0
Cairo_y2020.tif,401,0.38403990024937656,0.22226932668329175,Cairo,1,15250,3902.0
Cairo_y2020.tif,323,0.0,0.11438080495356037,Cairo,1,15284,3902.0
Cairo_y2020.tif,826,0.023002421307506054,0.11797820823244552,Cairo,0,15387,3902.0
Cairo_y2020.tif,277,0.0,0.13960288808664262,Cairo,1,15294,3902.0
Cairo_y2020.tif,325,0.055384615384615386,0.18098461538461535,Cairo,1,15306,3902.0
Cairo_y2020.tif,528,0.13446969696969696,0.12682765151515152,Cairo,0,15310,3902.0
Cairo_y2020.tif,383,0.07571801566579635,0.19842036553524806,Cairo,1,15311,3902.0
Cairo_y2020.tif,367,0.7602179836512262,0.23813351498637605,Cairo,1,15381,3902.0
Cairo_y2020.tif,1095,0.547945205479452,0.23321917808219178,Cairo,0,15423,3902.0
Cairo_y2020.tif,5586,0.5787683494450412,0.2182832080200501,Cairo,0,15726,3902.0
Cairo_y2020.tif,222,0.9864864864864865,0.3332882882882883,Cairo,0,15405,3902.0
Cairo_y2020.tif,1003,0.07876370887337986,0.16955633100697906,Cairo,1,15437,3902.0
Cairo_y2020.tif,400,0.9725,0.32537499999999997,Cairo,1,15452,3902.0
Cairo_y2020.tif,283,0.045936395759717315,0.12676678445229683,Cairo,1,15435,3902.0
Cairo_y2020.tif,178,0.0,0.12151685393258428,Cairo,1,15457,3902.0
Cairo_y2020.tif,342,0.0,0.1306432748538012,Cairo,0,15485,3902.0
Cairo_y2020.tif,1336,0.406437125748503,0.21325224550898206,Cairo,0,15559,3902.0
Cairo_y2020.tif,540,0.0,0.11178703703703703,Cairo,1,15509,3902.0
Cairo_y2020.tif,515,0.20970873786407768,0.1893980582524272,Cairo,1,15520,3902.0
Cairo_y2020.tif,662,0.4078549848942598,0.23626888217522662,Cairo,0,15553,3902.0
Cairo_y2020.tif,378,0.5978835978835979,0.22854497354497355,Cairo,0,15419,3902.0
Cairo_y2020.tif,260,0.0,0.15503846153846154,Cairo,1,15417,3902.0
Cairo_y2020.tif,687,0.23580786026200873,0.20644832605531294,Cairo,1,15433,3902.0
Cairo_y2020.tif,801,0.24469413233458176,0.15551810237203495,Cairo,1,15425,3902.0
Cairo_y2020.tif,272,0.4411764705882353,0.2227573529411765,Cairo,1,15481,3902.0
Cairo_y2020.tif,1969,0.19553072625698323,0.10151091924834942,Cairo,0,15607,3902.0
Cairo_y2020.tif,420,0.9404761904761905,0.32247619047619047,Cairo,1,15537,3902.0
Cairo_y2020.tif,297,0.4781144781144781,0.21355218855218855,Cairo,0,15591,3902.0
Cairo_y2020.tif,252,1.0,0.36476190476190484,Cairo,1,15629,3902.0
Cairo_y2020.tif,476,0.9726890756302521,0.36611344537815127,Cairo,1,15648,3902.0
Cairo_y2020.tif,150,0.0,0.07873333333333334,Cairo,1,15547,3902.0
Cairo_y2020.tif,1767,0.13355970571590267,0.133664402942841,Cairo,0,15619,3902.0
Cairo_y2020.tif,133,0.0,0.06515037593984961,Cairo,0,15557,3902.0
Cairo_y2020.tif,139,0.0,0.08464028776978418,Cairo,0,15570,3902.0
Cairo_y2020.tif,666,0.7207207207207207,0.2788963963963964,Cairo,1,15602,3902.0
Cairo_y2020.tif,228,0.017543859649122806,0.23278508771929826,Cairo,1,15609,3902.0
Cairo_y2020.tif,699,0.13161659513590845,0.12869098712446353,Cairo,0,15624,3902.0
Cairo_y2020.tif,465,0.7849462365591398,0.2703763440860215,Cairo,0,15665,3902.0
Cairo_y2020.tif,404,0.8539603960396039,0.3022029702970297,Cairo,1,15670,3902.0
Cairo_y2020.tif,277,0.9927797833935018,0.3209386281588447,Cairo,1,15663,3902.0
Cairo_y2020.tif,291,0.24398625429553264,0.1306013745704467,Cairo,0,15465,3902.0
Cairo_y2020.tif,985,0.5868020304568528,0.3057258883248731,Cairo,0,15506,3902.0
Cairo_y2020.tif,747,0.9504685408299867,0.33342704149933067,Cairo,0,15499,3902.0
Cairo_y2020.tif,572,0.09965034965034965,0.22171328671328672,Cairo,0,15575,3902.0
Cairo_y2020.tif,853,0.36811254396248533,0.20088511137162957,Cairo,0,15539,3902.0
Cairo_y2020.tif,702,1.0,0.39236467236467243,Cairo,1,15623,3902.0
Cairo_y2020.tif,592,0.9797297297297297,0.3538682432432433,Cairo,0,15662,3902.0
Cairo_y2020.tif,612,0.0,0.12028594771241831,Cairo,0,15564,3902.0
Cairo_y2020.tif,1007,0.0019860973187686196,0.13233366434955313,Cairo,0,15686,3902.0
Cairo_y2020.tif,516,1.0,0.4215988372093023,Cairo,0,15740,3902.0
Cairo_y2020.tif,405,0.0,0.026518518518518525,Cairo,0,15600,3902.0
Cairo_y2020.tif,546,0.9633699633699634,0.33998168498168496,Cairo,1,15615,3902.0
Cairo_y2020.tif,531,0.0,0.020442561205273074,Cairo,0,15580,3902.0
Cairo_y2020.tif,9609,0.3595587470080133,0.17009158080965764,Cairo,0,15829,3902.0
Cairo_y2020.tif,785,1.0,0.39439490445859876,Cairo,1,15692,3902.0
Cairo_y2020.tif,853,1.0,0.33342321219226256,Cairo,0,15714,3902.0
Cairo_y2020.tif,1390,1.0,0.3725935251798561,Cairo,0,15711,3902.0
Cairo_y2020.tif,454,0.0,0.0444273127753304,Cairo,0,15690,3902.0
Cairo_y2020.tif,2237,0.14617791685292802,0.10955297273133661,Cairo,0,15790,3902.0
Cairo_y2020.tif,389,0.987146529562982,0.3458997429305913,Cairo,0,15734,3902.0
Cairo_y2020.tif,846,0.9468085106382979,0.34500000000000003,Cairo,0,15695,3902.0
Cairo_y2020.tif,442,0.9728506787330317,0.32899321266968323,Cairo,1,15643,3902.0
Cairo_y2020.tif,479,1.0,0.34680584551148225,Cairo,0,15701,3902.0
Cairo_y2020.tif,254,0.9173228346456693,0.28383858267716533,Cairo,1,15721,3902.0
Cairo_y2020.tif,751,0.7163781624500666,0.24015312916111853,Cairo,0,15783,3902.0
Cairo_y2020.tif,687,0.9475982532751092,0.3234861717612809,Cairo,1,15840,3902.0
Cairo_y2020.tif,797,1.0,0.40240903387703886,Cairo,1,15856,3902.0
Cairo_y2020.tif,848,0.9433962264150944,0.38627948113207544,Cairo,1,15828,3902.0
Cairo_y2020.tif,1864,0.9356223175965666,0.3725751072961373,Cairo,1,15848,3902.0
Cairo_y2020.tif,1749,0.1812464265294454,0.16925671812464263,Cairo,0,15978,3902.0
Cairo_y2020.tif,256,0.05078125,0.13265625,Cairo,0,14918,3902.0
Cairo_y2020.tif,277,0.9783393501805054,0.3100541516245487,Cairo,1,14919,3902.0
Cairo_y2020.tif,837,0.4540023894862604,0.20277777777777778,Cairo,0,14935,3902.0
Cairo_y2020.tif,431,0.6264501160092807,0.26016241299303944,Cairo,1,14997,3902.0
Cairo_y2020.tif,239,0.9665271966527197,0.30261506276150624,Cairo,0,15009,3902.0
Cairo_y2020.tif,342,0.9064327485380117,0.3076315789473684,Cairo,0,15037,3902.0
Cairo_y2020.tif,790,0.920253164556962,0.3186455696202532,Cairo,1,15106,3902.0
Cairo_y2020.tif,1198,0.17028380634390652,0.15374791318864775,Cairo,0,15134,3902.0
Cairo_y2020.tif,1007,0.9880834160873883,0.3683416087388282,Cairo,1,15128,3902.0
Cairo_y2020.tif,620,0.25161290322580643,0.17851612903225803,Cairo,0,15127,3902.0
Cairo_y2020.tif,467,0.09635974304068523,0.1790792291220557,Cairo,0,15139,3902.0
Cairo_y2020.tif,306,0.8496732026143791,0.2658496732026144,Cairo,0,15150,3902.0
Cairo_y2020.tif,444,1.0,0.32763513513513515,Cairo,0,15176,3902.0
Cairo_y2020.tif,1354,0.1484490398818316,0.08752954209748894,Cairo,0,15235,3902.0
Cairo_y2020.tif,577,0.6724436741767764,0.28372616984402077,Cairo,0,15212,3902.0
Cairo_y2020.tif,807,0.29120198265179675,0.2573977695167286,Cairo,0,15164,3902.0
Cairo_y2020.tif,805,0.19751552795031055,0.1693478260869565,Cairo,0,15260,3902.0
Cairo_y2020.tif,928,0.5668103448275862,0.2784752155172414,Cairo,0,15220,3902.0
Cairo_y2020.tif,634,1.0,0.3712618296529968,Cairo,1,15303,3902.0
Cairo_y2020.tif,574,0.686411149825784,0.2990592334494774,Cairo,0,15281,3902.0
Cairo_y2020.tif,1443,0.0,0.039816354816354815,Cairo,0,15155,3902.0
Cairo_y2020.tif,1887,0.0,0.027472178060413355,Cairo,0,15190,3902.0
Cairo_y2020.tif,1773,0.0,0.061119571347997746,Cairo,0,15228,3902.0
Cairo_y2020.tif,361,0.0,0.059335180055401664,Cairo,0,15200,3902.0
Cairo_y2020.tif,345,0.0,0.05178260869565218,Cairo,0,15308,3902.0
Cairo_y2020.tif,893,0.0,0.06490481522956328,Cairo,0,15461,3902.0
Cairo_y2020.tif,759,0.0,0.09583662714097498,Cairo,1,15496,3902.0
Cairo_y2020.tif,567,0.0,0.03526455026455026,Cairo,0,15463,3902.0
Cairo_y2020.tif,375,0.0,0.11809333333333333,Cairo,0,15524,3902.0
Cairo_y2020.tif,1797,0.0,0.07701168614357261,Cairo,0,15616,3902.0
Cairo_y2020.tif,493,0.8093306288032455,0.3143509127789046,Cairo,0,15302,3902.0
Cairo_y2020.tif,1284,0.29750778816199375,0.18107476635514022,Cairo,0,15351,3902.0
Cairo_y2020.tif,387,0.8217054263565892,0.3124289405684754,Cairo,0,15348,3902.0
Cairo_y2020.tif,539,1.0,0.3574675324675325,Cairo,1,15340,3902.0
Cairo_y2020.tif,1367,0.32260424286759326,0.27171909290416973,Cairo,1,15312,3902.0
Cairo_y2020.tif,794,1.0,0.37482997481108316,Cairo,0,15421,3902.0
Cairo_y2020.tif,652,0.0,0.04273006134969325,Cairo,0,15378,3902.0
Cairo_y2020.tif,771,1.0,0.42308041504539556,Cairo,1,15460,3902.0
Cairo_y2020.tif,695,1.0,0.3908992805755395,Cairo,1,15449,3902.0
Cairo_y2020.tif,1926,0.3862928348909657,0.18514797507788164,Cairo,0,15480,3902.0
Cairo_y2020.tif,282,0.0,0.028953900709219854,Cairo,0,15438,3902.0
Cairo_y2020.tif,1538,0.06306892067620286,0.1676040312093628,Cairo,0,15542,3902.0
Cairo_y2020.tif,382,1.0,0.4080628272251309,Cairo,1,15486,3902.0
Cairo_y2020.tif,1013,0.3040473840078973,0.2586179664363278,Cairo,0,15516,3902.0
Cairo_y2020.tif,833,0.9963985594237695,0.3876530612244897,Cairo,1,15493,3902.0
Cairo_y2020.tif,626,1.0,0.3877955271565495,Cairo,0,15540,3902.0
Cairo_y2020.tif,554,0.0,0.01588447653429603,Cairo,1,15505,3902.0
Cairo_y2020.tif,832,0.9939903846153846,0.3798798076923078,Cairo,0,15546,3902.0
Cairo_y2020.tif,1034,0.9922630560928434,0.3977514506769826,Cairo,1,15598,3902.0
Cairo_y2020.tif,817,1.0,0.400422276621787,Cairo,0,15631,3902.0
Cairo_y2020.tif,1268,0.04416403785488959,0.1178391167192429,Cairo,0,15569,3902.0
Cairo_y2020.tif,1036,0.0,0.05020270270270271,Cairo,0,15620,3902.0
Cairo_y2020.tif,4189,0.0011936022917164002,0.03915731678204823,Cairo,0,15776,3902.0
Cairo_y2020.tif,294,0.0,0.04991496598639456,Cairo,0,15649,3902.0
Cairo_y2020.tif,681,0.0,0.029280469897209983,Cairo,1,15706,3902.0
Cairo_y2020.tif,351,0.0,0.049401709401709404,Cairo,0,15647,3902.0
Cairo_y2020.tif,593,0.0,0.06780775716694772,Cairo,0,15716,3902.0
Cairo_y2020.tif,249,0.0,0.02600401606425703,Cairo,1,15722,3902.0
Cairo_y2020.tif,489,0.0,0.028773006134969324,Cairo,0,15737,3902.0
Cairo_y2020.tif,660,0.0,0.05996969696969698,Cairo,1,15749,3902.0
Cairo_y2020.tif,239,0.0,0.02100418410041841,Cairo,1,15762,3902.0
Cairo_y2020.tif,677,0.0,0.024305760709010336,Cairo,0,15769,3902.0
Cairo_y2020.tif,471,0.0,0.04488322717622081,Cairo,0,15784,3902.0
Cairo_y2020.tif,16960,0.011851415094339623,0.06511055424528303,Cairo,0,16308,3902.0
Cairo_y2020.tif,232,0.0,0.021637931034482756,Cairo,0,15804,3902.0
Cairo_y2020.tif,264,0.0,0.02801136363636364,Cairo,0,15830,3902.0
Cairo_y2020.tif,1044,0.0,0.05086206896551725,Cairo,0,15833,3902.0
Cairo_y2020.tif,618,0.0,0.026173139158576053,Cairo,0,15861,3902.0
Cairo_y2020.tif,659,0.0,0.0206752655538695,Cairo,0,15867,3902.0
Cairo_y2020.tif,228,0.0,0.026118421052631582,Cairo,0,15836,3902.0
Cairo_y2020.tif,447,0.0,0.036856823266219245,Cairo,1,15880,3902.0
Cairo_y2020.tif,1128,0.0,0.03476950354609929,Cairo,0,15986,3902.0
Cairo_y2020.tif,890,0.0,0.043117977528089886,Cairo,0,15882,3902.0
Cairo_y2020.tif,258,0.0,0.029205426356589154,Cairo,0,15902,3902.0
Cairo_y2020.tif,230,0.0,0.03582608695652174,Cairo,0,15928,3902.0
Cairo_y2020.tif,453,0.0,0.031898454746136874,Cairo,1,15942,3902.0
Cairo_y2020.tif,514,0.0,0.01985408560311284,Cairo,0,15924,3902.0
Cairo_y2020.tif,979,0.0,0.028718079673135857,Cairo,0,15974,3902.0
Cairo_y2020.tif,233,0.0,0.032682403433476406,Cairo,0,15971,3902.0
Cairo_y2020.tif,320,0.0,0.03396875,Cairo,0,16013,3902.0
Cairo_y2020.tif,741,0.0,0.1222604588394062,Cairo,0,15834,3902.0
Cairo_y2020.tif,375,0.0,0.10237333333333332,Cairo,0,15781,3902.0
Cairo_y2020.tif,2319,0.14402759810263044,0.10843467011642949,Cairo,0,15884,3902.0
Cairo_y2020.tif,645,0.29767441860465116,0.221937984496124,Cairo,0,15816,3902.0
Cairo_y2020.tif,791,0.025284450063211124,0.07724399494310998,Cairo,0,15860,3902.0
Cairo_y2020.tif,740,0.01756756756756757,0.18635135135135136,Cairo,0,15872,3902.0
Cairo_y2020.tif,6061,0.034152780069295494,0.07590331628444151,Cairo,0,16070,3902.0
Cairo_y2020.tif,519,0.0,0.046840077071290946,Cairo,0,15918,3902.0
Cairo_y2020.tif,401,0.0024937655860349127,0.19433915211970076,Cairo,0,15943,3902.0
Cairo_y2020.tif,702,0.039886039886039885,0.09680911680911682,Cairo,0,15980,3902.0
Cairo_y2020.tif,321,0.0,0.12866043613707165,Cairo,0,15959,3902.0
Cairo_y2020.tif,721,0.0,0.09500693481276005,Cairo,0,16035,3902.0
Cairo_y2020.tif,1172,0.0,0.1165315699658703,Cairo,0,16033,3902.0
Cairo_y2020.tif,751,0.0,0.07648468708388814,Cairo,0,16048,3902.0
Cairo_y2020.tif,391,0.18414322250639387,0.2148209718670077,Cairo,0,16038,3902.0
Cairo_y2020.tif,1421,0.0,0.0907213230119634,Cairo,0,16010,3902.0
Cairo_y2020.tif,328,0.12195121951219512,0.19490853658536586,Cairo,0,16079,3902.0
Cairo_y2020.tif,551,0.0,0.14096188747731397,Cairo,0,16103,3902.0
Cairo_y2020.tif,644,0.0,0.07675465838509317,Cairo,0,16126,3902.0
Cairo_y2020.tif,560,0.30892857142857144,0.22517857142857142,Cairo,0,16128,3902.0
Cairo_y2020.tif,534,0.649812734082397,0.28515917602996255,Cairo,1,15639,3902.0
Cairo_y2020.tif,388,0.0,0.060798969072164956,Cairo,0,15667,3902.0
Cairo_y2020.tif,784,1.0,0.3698533163265307,Cairo,1,15654,3902.0
Cairo_y2020.tif,321,0.0,0.0606853582554517,Cairo,1,15688,3902.0
Cairo_y2020.tif,315,0.0,0.07158730158730159,Cairo,0,15709,3902.0
Cairo_y2020.tif,205,0.004878048780487805,0.10992682926829268,Cairo,1,15708,3902.0
Cairo_y2020.tif,409,0.007334963325183374,0.10122249388753056,Cairo,0,15713,3902.0
Cairo_y2020.tif,297,0.8417508417508418,0.2634343434343434,Cairo,1,15718,3902.0
Cairo_y2020.tif,438,0.0,0.03156392694063927,Cairo,0,15751,3902.0
Cairo_y2020.tif,414,0.0,0.042910628019323674,Cairo,1,15773,3902.0
Cairo_y2020.tif,238,1.0,0.41029411764705886,Cairo,1,15588,3902.0
Cairo_y2020.tif,238,1.0,0.40726890756302525,Cairo,1,15618,3902.0
Cairo_y2020.tif,177,1.0,0.32717514124293784,Cairo,0,15655,3902.0
Cairo_y2020.tif,253,0.9169960474308301,0.31290513833992095,Cairo,0,15704,3902.0
Cairo_y2020.tif,604,1.0,0.38858443708609275,Cairo,1,15699,3902.0
Cairo_y2020.tif,248,1.0,0.3311693548387097,Cairo,0,15710,3902.0
Cairo_y2020.tif,175,1.0,0.37177142857142853,Cairo,1,15691,3902.0
Cairo_y2020.tif,286,1.0,0.41697552447552444,Cairo,1,15806,3902.0
Cairo_y2020.tif,323,0.9938080495356038,0.34727554179566567,Cairo,1,15728,3902.0
Cairo_y2020.tif,302,1.0,0.40783112582781456,Cairo,1,15752,3902.0
Cairo_y2020.tif,625,1.0,0.42263199999999995,Cairo,1,15807,3902.0
Cairo_y2020.tif,298,1.0,0.36651006711409395,Cairo,1,15757,3902.0
Cairo_y2020.tif,463,1.0,0.40448164146868254,Cairo,1,15811,3902.0
Cairo_y2020.tif,169,1.0,0.4224556213017752,Cairo,1,15809,3902.0
Cairo_y2020.tif,306,0.9803921568627451,0.3930882352941176,Cairo,1,15825,3902.0
Cairo_y2020.tif,230,1.0,0.4200434782608695,Cairo,1,15808,3902.0
Cairo_y2020.tif,230,1.0,0.42721739130434777,Cairo,1,15868,3902.0
Cairo_y2020.tif,286,1.0,0.4251923076923077,Cairo,1,15893,3902.0
Cairo_y2020.tif,364,1.0,0.41160714285714284,Cairo,1,15911,3902.0
Cairo_y2020.tif,334,1.0,0.43250000000000005,Cairo,1,15906,3902.0
Cairo_y2020.tif,557,0.0,0.06808797127468581,Cairo,1,15794,3902.0
Cairo_y2020.tif,927,1.0,0.37918015102481123,Cairo,1,15849,3902.0
Cairo_y2020.tif,381,0.0,0.07017060367454069,Cairo,0,15801,3902.0
Cairo_y2020.tif,569,0.7908611599297012,0.26902460456942,Cairo,0,15810,3902.0
Cairo_y2020.tif,403,0.0,0.04674937965260547,Cairo,0,15837,3902.0
Cairo_y2020.tif,286,0.0034965034965034965,0.12391608391608391,Cairo,0,15869,3902.0
Cairo_y2020.tif,426,0.20187793427230047,0.16083333333333333,Cairo,0,15883,3902.0
Cairo_y2020.tif,346,0.0,0.0889450867052023,Cairo,0,15888,3902.0
Cairo_y2020.tif,558,0.6146953405017921,0.27556451612903227,Cairo,0,15895,3902.0
Cairo_y2020.tif,703,0.0,0.08425320056899005,Cairo,1,15953,3902.0
Cairo_y2020.tif,145,0.0,0.062172413793103454,Cairo,0,15763,3902.0
Cairo_y2020.tif,530,1.0,0.37125471698113205,Cairo,1,15826,3902.0
Cairo_y2020.tif,174,0.0,0.0538793103448276,Cairo,0,15799,3902.0
Cairo_y2020.tif,220,0.16363636363636364,0.20581818181818182,Cairo,0,15855,3902.0
Cairo_y2020.tif,423,0.8368794326241135,0.31880614657210404,Cairo,1,15908,3902.0
Cairo_y2020.tif,357,0.896358543417367,0.34558823529411764,Cairo,1,15885,3902.0
Cairo_y2020.tif,567,1.0,0.41403880070546734,Cairo,1,15925,3902.0
Cairo_y2020.tif,546,0.0,0.13183150183150183,Cairo,0,15966,3902.0
Cairo_y2020.tif,335,1.0,0.38920895522388055,Cairo,0,15947,3902.0
Cairo_y2020.tif,357,0.2605042016806723,0.2245658263305322,Cairo,0,16024,3902.0
Cairo_y2020.tif,331,0.021148036253776436,0.17158610271903324,Cairo,0,15963,3902.0
Cairo_y2020.tif,274,0.48175182481751827,0.27197080291970804,Cairo,0,16027,3902.0
Cairo_y2020.tif,291,0.6013745704467354,0.28037800687285225,Cairo,0,16028,3902.0
Cairo_y2020.tif,456,0.8092105263157895,0.33768640350877194,Cairo,0,16030,3902.0
Cairo_y2020.tif,1318,0.8558421851289834,0.3361229135053111,Cairo,1,16004,3902.0
Cairo_y2020.tif,265,1.0,0.3864716981132076,Cairo,1,15991,3902.0
Cairo_y2020.tif,136,0.2867647058823529,0.24419117647058824,Cairo,0,16023,3902.0
Cairo_y2020.tif,600,0.9833333333333333,0.3610166666666667,Cairo,1,16059,3902.0
Cairo_y2020.tif,218,0.9587155963302753,0.2977064220183486,Cairo,0,16054,3902.0
Cairo_y2020.tif,243,0.9588477366255144,0.35565843621399174,Cairo,0,16102,3902.0
Cairo_y2020.tif,437,0.08695652173913043,0.16018306636155608,Cairo,0,15960,3902.0
Cairo_y2020.tif,371,0.0,0.061334231805929916,Cairo,0,15969,3902.0
Cairo_y2020.tif,1567,0.7358008934269304,0.3082099553286535,Cairo,1,16071,3902.0
Cairo_y2020.tif,287,0.0,0.04632404181184669,Cairo,1,16032,3902.0
Cairo_y2020.tif,367,0.0,0.04510899182561308,Cairo,1,16040,3902.0
Cairo_y2020.tif,296,0.0,0.08680743243243243,Cairo,0,16045,3902.0
Cairo_y2020.tif,393,0.0,0.11114503816793894,Cairo,1,16051,3902.0
Cairo_y2020.tif,343,0.0,0.058906705539358596,Cairo,0,16068,3902.0
Cairo_y2020.tif,538,0.25464684014869887,0.13638475836431227,Cairo,0,16076,3902.0
Cairo_y2020.tif,793,0.0,0.04896595208070618,Cairo,0,16082,3902.0
Cairo_y2020.tif,261,0.8582375478927203,0.3238505747126437,Cairo,1,15896,3902.0
Cairo_y2020.tif,405,0.9654320987654321,0.3770617283950617,Cairo,1,15926,3902.0
Cairo_y2020.tif,328,1.0,0.4123780487804878,Cairo,1,15990,3902.0
Cairo_y2020.tif,456,0.9714912280701754,0.37110745614035084,Cairo,1,15996,3902.0
Cairo_y2020.tif,502,0.350597609561753,0.18341633466135462,Cairo,0,16084,3902.0
Cairo_y2020.tif,164,1.0,0.4167378048780488,Cairo,1,15999,3902.0
Cairo_y2020.tif,261,0.9616858237547893,0.29599616858237554,Cairo,1,16058,3902.0
Cairo_y2020.tif,170,1.0,0.3714411764705883,Cairo,0,16057,3902.0
Cairo_y2020.tif,398,0.9874371859296482,0.351180904522613,Cairo,0,16119,3902.0
Cairo_y2020.tif,193,0.9740932642487047,0.3649740932642487,Cairo,1,16156,3902.0
Cairo_y2020.tif,169,1.0,0.3948224852071006,Cairo,0,16112,3902.0
Cairo_y2020.tif,191,1.0,0.38510471204188484,Cairo,1,16133,3902.0
Cairo_y2020.tif,265,0.969811320754717,0.39926415094339623,Cairo,0,16162,3902.0
Cairo_y2020.tif,261,1.0,0.40308429118773953,Cairo,0,16163,3902.0
Cairo_y2020.tif,450,1.0,0.40227777777777773,Cairo,1,16177,3902.0
Cairo_y2020.tif,298,1.0,0.4295805369127516,Cairo,1,16132,3902.0
Cairo_y2020.tif,645,1.0,0.40901550387596897,Cairo,0,16205,3902.0
Cairo_y2020.tif,447,1.0,0.42586129753914986,Cairo,1,16174,3902.0
Cairo_y2020.tif,514,1.0,0.43229571984435794,Cairo,1,16203,3902.0
Cairo_y2020.tif,189,1.0,0.43994708994709,Cairo,1,16206,3902.0
Cairo_y2020.tif,274,0.0,0.13107664233576644,Cairo,0,16150,3902.0
Cairo_y2020.tif,274,0.0,0.09596715328467152,Cairo,0,16134,3902.0
Cairo_y2020.tif,410,1.0,0.4162926829268293,Cairo,0,16165,3902.0
Cairo_y2020.tif,502,0.6075697211155379,0.2630378486055777,Cairo,0,16145,3902.0
Cairo_y2020.tif,408,0.9901960784313726,0.3922058823529412,Cairo,0,16168,3902.0
Cairo_y2020.tif,208,0.0,0.13016826923076924,Cairo,0,16142,3902.0
Cairo_y2020.tif,322,0.0,0.13760869565217393,Cairo,0,16191,3902.0
Cairo_y2020.tif,460,0.7369565217391304,0.3406413043478261,Cairo,0,16231,3902.0
Cairo_y2020.tif,158,0.0,0.12781645569620254,Cairo,0,16186,3902.0
Cairo_y2020.tif,340,0.12941176470588237,0.19883823529411765,Cairo,0,16175,3902.0
Cairo_y2020.tif,3782,0.11396086726599683,0.14043098889476469,Cairo,0,15879,3902.0
Cairo_y2020.tif,1700,0.2888235294117647,0.19224411764705882,Cairo,0,15778,3902.0
Cairo_y2020.tif,2064,0.4573643410852713,0.25405523255813955,Cairo,0,15939,3902.0
Cairo_y2020.tif,402,0.6766169154228856,0.2676492537313433,Cairo,0,15805,3902.0
Cairo_y2020.tif,819,1.0,0.3942490842490842,Cairo,0,15910,3902.0
Cairo_y2020.tif,825,0.8557575757575757,0.36146666666666666,Cairo,0,15909,3902.0
Cairo_y2020.tif,1306,0.31470137825421135,0.1714012251148545,Cairo,0,16020,3902.0
Cairo_y2020.tif,1353,0.14560236511456023,0.14879526977087953,Cairo,0,16015,3902.0
Cairo_y2020.tif,1165,0.04721030042918455,0.1306351931330472,Cairo,0,15984,3902.0
Cairo_y2020.tif,935,0.0106951871657754,0.0976577540106952,Cairo,0,16043,3902.0
Cairo_y2020.tif,1132,0.08303886925795052,0.1032553003533569,Cairo,0,15764,3902.0
Cairo_y2020.tif,1431,0.9524807826694619,0.3309503843466108,Cairo,1,15743,3902.0
Cairo_y2020.tif,698,0.998567335243553,0.3984097421203438,Cairo,1,15812,3902.0
Cairo_y2020.tif,441,0.0,0.1141609977324263,Cairo,0,15839,3902.0
Cairo_y2020.tif,451,1.0,0.35864745011086474,Cairo,0,15772,3902.0
Cairo_y2020.tif,801,0.9875156054931336,0.39120474406991257,Cairo,1,15793,3902.0
Cairo_y2020.tif,431,1.0,0.4282018561484919,Cairo,1,15875,3902.0
Cairo_y2020.tif,1054,0.7286527514231499,0.2645066413662239,Cairo,1,15873,3902.0
Cairo_y2020.tif,674,1.0,0.42112017804154306,Cairo,1,15903,3902.0
Cairo_y2020.tif,1360,0.9316176470588236,0.36878676470588234,Cairo,1,15982,3902.0
Cairo_y2020.tif,770,0.9922077922077922,0.3447662337662338,Cairo,1,15803,3902.0
Cairo_y2020.tif,980,0.9928571428571429,0.3300102040816327,Cairo,0,15775,3902.0
Cairo_y2020.tif,452,1.0,0.3582300884955752,Cairo,1,15796,3902.0
Cairo_y2020.tif,977,0.16888433981576254,0.19209314227226204,Cairo,1,15741,3902.0
Cairo_y2020.tif,402,0.5597014925373134,0.288955223880597,Cairo,0,15862,3902.0
Cairo_y2020.tif,1656,0.9112318840579711,0.3065398550724638,Cairo,1,15916,3902.0
Cairo_y2020.tif,590,0.0,0.0711949152542373,Cairo,0,15822,3902.0
Cairo_y2020.tif,479,0.8455114822546973,0.32883089770354906,Cairo,0,15899,3902.0
Cairo_y2020.tif,472,0.8983050847457628,0.33901483050847453,Cairo,0,15932,3902.0
Cairo_y2020.tif,1606,0.3412204234122042,0.1785865504358655,Cairo,0,15993,3902.0
Cairo_y2020.tif,722,0.7506925207756233,0.30335872576177286,Cairo,1,15983,3902.0
Cairo_y2020.tif,1348,0.7811572700296736,0.30034495548961426,Cairo,1,15967,3902.0
Cairo_y2020.tif,912,0.049342105263157895,0.18099232456140352,Cairo,1,16005,3902.0
Cairo_y2020.tif,774,0.49224806201550386,0.2220671834625323,Cairo,1,15989,3902.0
Cairo_y2020.tif,821,0.5225334957369062,0.22298416565164436,Cairo,0,15998,3902.0
Cairo_y2020.tif,850,0.7705882352941177,0.3046176470588235,Cairo,1,15979,3902.0
Cairo_y2020.tif,758,0.10554089709762533,0.14674802110817942,Cairo,1,16087,3902.0
Cairo_y2020.tif,336,0.2767857142857143,0.18151785714285712,Cairo,0,16096,3902.0
Cairo_y2020.tif,524,0.3015267175572519,0.15103053435114508,Cairo,0,16111,3902.0
Cairo_y2020.tif,893,0.05823068309070549,0.17472004479283312,Cairo,0,16086,3902.0
Cairo_y2020.tif,940,0.14361702127659576,0.2001276595744681,Cairo,1,15964,3902.0
Cairo_y2020.tif,449,1.0,0.38374164810690425,Cairo,0,15938,3902.0
Cairo_y2020.tif,1027,0.9211295034079844,0.38216163583252194,Cairo,1,15995,3902.0
Cairo_y2020.tif,1090,0.7055045871559633,0.30491743119266057,Cairo,1,15973,3902.0
Cairo_y2020.tif,1079,0.7822057460611678,0.3205885078776645,Cairo,1,16093,3902.0
Cairo_y2020.tif,1794,0.4258639910813824,0.23025919732441474,Cairo,1,16129,3902.0
Cairo_y2020.tif,457,0.9387308533916849,0.3647374179431072,Cairo,1,16100,3902.0
Cairo_y2020.tif,1270,0.9669291338582677,0.39369685039370084,Cairo,1,16199,3902.0
Cairo_y2020.tif,4818,0.5159817351598174,0.21095786633457866,Cairo,1,16270,3902.0
Cairo_y2020.tif,2181,0.7624942686840899,0.3102819807427786,Cairo,1,16271,3902.0
Cairo_y2020.tif,554,0.007220216606498195,0.09721119133574008,Cairo,0,16021,3902.0
Cairo_y2020.tif,2180,0.1706422018348624,0.14376605504587153,Cairo,0,16042,3902.0
Cairo_y2020.tif,483,0.0,0.09800207039337475,Cairo,0,16107,3902.0
Cairo_y2020.tif,894,0.7986577181208053,0.29573266219239375,Cairo,1,16192,3902.0
Cairo_y2020.tif,643,0.0,0.06968895800933127,Cairo,0,16188,3902.0
Cairo_y2020.tif,1098,0.6120218579234973,0.2435428051001821,Cairo,1,16222,3902.0
Cairo_y2020.tif,215,0.0,0.08281395348837209,Cairo,0,16198,3902.0
Cairo_y2020.tif,717,0.001394700139470014,0.12188284518828454,Cairo,1,16204,3902.0
Cairo_y2020.tif,914,0.26805251641137856,0.20045404814004378,Cairo,0,16248,3902.0
Cairo_y2020.tif,327,0.0,0.09285932721712536,Cairo,0,16176,3902.0
Cairo_y2020.tif,367,0.051771117166212535,0.17143051771117165,Cairo,0,16139,3902.0
Cairo_y2020.tif,1001,0.4805194805194805,0.23852647352647355,Cairo,0,16221,3902.0
Cairo_y2020.tif,1150,0.09565217391304348,0.1726521739130435,Cairo,0,16190,3902.0
Cairo_y2020.tif,1271,0.4099134539732494,0.16212431156569632,Cairo,0,16239,3902.0
Cairo_y2020.tif,1049,0.43660629170638704,0.21121067683508102,Cairo,1,16262,3902.0
Cairo_y2020.tif,1534,0.2653194263363755,0.1509354628422425,Cairo,0,16301,3902.0
Cairo_y2020.tif,312,0.14102564102564102,0.24690705128205126,Cairo,1,16256,3902.0
Cairo_y2020.tif,1366,0.5527086383601757,0.25573206442166907,Cairo,1,16306,3902.0
Cairo_y2020.tif,791,0.012642225031605562,0.18142225031605563,Cairo,0,16315,3902.0
Cairo_y2020.tif,1106,0.9285714285714286,0.3658408679927667,Cairo,1,16309,3902.0
Cairo_y2020.tif,547,0.8903107861060329,0.3187568555758684,Cairo,0,16245,3902.0
Cairo_y2020.tif,992,1.0,0.4149092741935484,Cairo,1,16290,3902.0
Cairo_y2020.tif,418,1.0,0.4265550239234449,Cairo,1,16242,3902.0
Cairo_y2020.tif,245,1.0,0.34889795918367345,Cairo,1,16299,3902.0
Cairo_y2020.tif,1123,1.0,0.41453695458593054,Cairo,1,16342,3902.0
Cairo_y2020.tif,619,0.9822294022617124,0.36852988691437805,Cairo,1,16389,3902.0
Cairo_y2020.tif,944,1.0,0.40559851694915255,Cairo,1,16459,3902.0
Cairo_y2020.tif,533,1.0,0.40531894934333956,Cairo,1,16380,3902.0
Cairo_y2020.tif,957,0.9738766980146291,0.3442215256008359,Cairo,1,16444,3902.0
Cairo_y2020.tif,1051,0.9952426260704091,0.3813463368220742,Cairo,1,16470,3902.0
Cairo_y2020.tif,639,1.0,0.423661971830986,Cairo,1,16312,3902.0
Cairo_y2020.tif,1759,0.5662308129619101,0.27597214326321773,Cairo,0,16381,3902.0
Cairo_y2020.tif,588,0.9506802721088435,0.35232142857142856,Cairo,1,16405,3902.0
Cairo_y2020.tif,563,0.9946714031971581,0.35538188277087035,Cairo,1,16385,3902.0
Cairo_y2020.tif,758,1.0,0.41575857519788917,Cairo,1,16429,3902.0
Cairo_y2020.tif,658,1.0,0.42259878419452884,Cairo,1,16467,3902.0
Cairo_y2020.tif,1583,1.0,0.4256001263423878,Cairo,1,16487,3902.0
Cairo_y2020.tif,977,0.9242579324462641,0.35029170931422726,Cairo,1,16534,3902.0
Cairo_y2020.tif,614,1.0,0.38379478827361563,Cairo,1,16486,3902.0
Cairo_y2020.tif,965,1.0,0.3723937823834197,Cairo,1,16549,3902.0
Cairo_y2020.tif,1033,0.4249757986447241,0.18563891577928363,Cairo,1,16437,3902.0
Cairo_y2020.tif,467,0.0,0.12846895074946468,Cairo,1,16440,3902.0
Cairo_y2020.tif,683,0.1259150805270864,0.18396046852122985,Cairo,1,16443,3902.0
Cairo_y2020.tif,645,0.11317829457364341,0.17524806201550386,Cairo,0,16398,3902.0
Cairo_y2020.tif,1052,0.25190114068441066,0.1790494296577947,Cairo,0,16451,3902.0
Cairo_y2020.tif,665,0.0030075187969924814,0.1695263157894737,Cairo,1,16456,3902.0
Cairo_y2020.tif,1299,0.8645111624326405,0.38244803695150115,Cairo,0,16493,3902.0
Cairo_y2020.tif,375,0.33066666666666666,0.23294666666666664,Cairo,1,16508,3902.0
Cairo_y2020.tif,760,0.2894736842105263,0.17723684210526314,Cairo,0,16554,3902.0
Cairo_y2020.tif,426,1.0,0.39599765258215963,Cairo,1,16548,3902.0
Cairo_y2020.tif,2034,0.7256637168141593,0.2986971484759095,Cairo,0,16064,3902.0
Cairo_y2020.tif,498,0.9859437751004017,0.35550200803212856,Cairo,1,15962,3902.0
Cairo_y2020.tif,1228,0.5708469055374593,0.2577809446254072,Cairo,0,16037,3902.0
Cairo_y2020.tif,477,0.939203354297694,0.3651886792452831,Cairo,0,16009,3902.0
Cairo_y2020.tif,3462,0.24812247255921432,0.13806470248411323,Cairo,0,16085,3902.0
Cairo_y2020.tif,1201,0.9492089925062448,0.36529558701082426,Cairo,0,16050,3902.0
Cairo_y2020.tif,1028,0.22665369649805447,0.20230058365758755,Cairo,0,16164,3902.0
Cairo_y2020.tif,7683,0.432122868671092,0.1834992841338019,Cairo,0,16324,3902.0
Cairo_y2020.tif,1740,0.45804597701149424,0.2092758620689655,Cairo,0,16260,3902.0
Cairo_y2020.tif,2007,0.6626806178375685,0.24320627802690584,Cairo,0,16288,3902.0
Cairo_y2020.tif,3036,0.00461133069828722,0.08927700922266141,Cairo,0,16061,3902.0
Cairo_y2020.tif,492,0.0,0.035965447154471544,Cairo,0,16026,3902.0
Cairo_y2020.tif,247,0.0,0.03773279352226721,Cairo,0,16017,3902.0
Cairo_y2020.tif,308,0.0,0.035016233766233765,Cairo,0,16047,3902.0
Cairo_y2020.tif,645,0.0,0.03372093023255814,Cairo,0,16072,3902.0
Cairo_y2020.tif,494,0.0,0.04287449392712551,Cairo,1,16094,3902.0
Cairo_y2020.tif,457,0.0,0.05041575492341358,Cairo,0,16104,3902.0
Cairo_y2020.tif,4133,0.006774739898378902,0.057949431405758534,Cairo,0,16771,3902.0
Cairo_y2020.tif,523,0.0,0.03393881453154877,Cairo,0,16120,3902.0
Cairo_y2020.tif,779,0.0,0.11382541720154042,Cairo,0,16158,3902.0
Cairo_y2020.tif,479,0.0,0.04236951983298539,Cairo,0,16147,3902.0
Cairo_y2020.tif,474,0.0,0.1590084388185654,Cairo,0,16124,3902.0
Cairo_y2020.tif,561,0.0,0.055222816399286986,Cairo,0,16167,3902.0
Cairo_y2020.tif,1559,0.0,0.07576972418216806,Cairo,0,16090,3902.0
Cairo_y2020.tif,525,0.0,0.07943809523809524,Cairo,0,16194,3902.0
Cairo_y2020.tif,773,0.00258732212160414,0.06965717981888744,Cairo,0,16200,3902.0
Cairo_y2020.tif,559,0.0,0.09655635062611807,Cairo,0,16215,3902.0
Cairo_y2020.tif,740,0.0013513513513513514,0.17140540540540541,Cairo,0,16185,3902.0
Cairo_y2020.tif,641,0.0,0.09322932917316691,Cairo,0,16211,3902.0
Cairo_y2020.tif,795,0.40125786163522015,0.16624528301886796,Cairo,0,16311,3902.0
Cairo_y2020.tif,648,0.26851851851851855,0.14913580246913583,Cairo,0,16170,3902.0
Cairo_y2020.tif,1095,0.0,0.05752054794520548,Cairo,0,16212,3902.0
Cairo_y2020.tif,962,0.0,0.04268191268191269,Cairo,0,16234,3902.0
Cairo_y2020.tif,1125,0.0071111111111111115,0.10697777777777777,Cairo,0,16153,3902.0
Cairo_y2020.tif,582,0.0,0.08349656357388316,Cairo,0,16236,3902.0
Cairo_y2020.tif,975,0.0,0.06898974358974358,Cairo,0,16269,3902.0
Cairo_y2020.tif,675,0.0,0.04817037037037037,Cairo,0,16243,3902.0
Cairo_y2020.tif,604,0.8973509933774835,0.31125,Cairo,0,16240,3902.0
Cairo_y2020.tif,522,0.0,0.08455938697318008,Cairo,0,16261,3902.0
Cairo_y2020.tif,631,0.08557844690966719,0.12215530903328052,Cairo,0,16335,3902.0
Cairo_y2020.tif,356,0.03089887640449438,0.17742977528089887,Cairo,0,16255,3902.0
Cairo_y2020.tif,581,0.0,0.0902065404475043,Cairo,0,16272,3902.0
Cairo_y2020.tif,764,0.0,0.039836387434554976,Cairo,0,16319,3902.0
Cairo_y2020.tif,571,0.0,0.056471103327495616,Cairo,0,16218,3902.0
Cairo_y2020.tif,740,0.0,0.04704729729729731,Cairo,0,16254,3902.0
Cairo_y2020.tif,307,0.0,0.10302931596091205,Cairo,0,16285,3902.0
Cairo_y2020.tif,300,0.013333333333333334,0.05886666666666668,Cairo,0,16320,3902.0
Cairo_y2020.tif,440,0.0,0.08348863636363636,Cairo,0,16336,3902.0
Cairo_y2020.tif,616,0.0,0.0637987012987013,Cairo,0,16339,3902.0
Cairo_y2020.tif,664,0.0,0.05887048192771085,Cairo,0,16354,3902.0
Cairo_y2020.tif,3020,0.5019867549668874,0.21588245033112582,Cairo,0,16345,3902.0
Cairo_y2020.tif,830,0.43493975903614457,0.2094698795180723,Cairo,0,16249,3902.0
Cairo_y2020.tif,733,0.9740791268758526,0.3540791268758527,Cairo,0,16360,3902.0
Cairo_y2020.tif,745,0.8080536912751678,0.27531543624161076,Cairo,0,16370,3902.0
Cairo_y2020.tif,1093,0.8581884720951509,0.2985681610247027,Cairo,0,16401,3902.0
Cairo_y2020.tif,1525,0.7724590163934426,0.32122622950819674,Cairo,1,16436,3902.0
Cairo_y2020.tif,2898,0.8274672187715666,0.31472222222222224,Cairo,1,16533,3902.0
Cairo_y2020.tif,583,0.9622641509433962,0.37628644939965694,Cairo,1,16428,3902.0
Cairo_y2020.tif,688,0.4011627906976744,0.23212936046511626,Cairo,0,16452,3902.0
Cairo_y2020.tif,651,1.0,0.36921658986175115,Cairo,0,16454,3902.0
Cairo_y2020.tif,364,0.0,0.07241758241758242,Cairo,0,16317,3902.0
Cairo_y2020.tif,736,0.042119565217391304,0.16351222826086956,Cairo,0,16314,3902.0
Cairo_y2020.tif,530,0.0,0.06908490566037735,Cairo,0,16353,3902.0
Cairo_y2020.tif,962,0.0,0.08571725571725572,Cairo,0,16358,3902.0
Cairo_y2020.tif,846,0.0,0.062429078014184396,Cairo,0,16383,3902.0
Cairo_y2020.tif,802,0.0,0.043210723192019955,Cairo,0,16395,3902.0
Cairo_y2020.tif,375,0.013333333333333334,0.20212,Cairo,0,16359,3902.0
Cairo_y2020.tif,1407,0.0,0.06378109452736318,Cairo,0,16438,3902.0
Cairo_y2020.tif,645,0.0,0.03226356589147287,Cairo,0,16410,3902.0
Cairo_y2020.tif,386,0.0,0.024015544041450777,Cairo,0,16426,3902.0
Cairo_y2020.tif,1797,0.2287145242070117,0.1193544796883695,Cairo,0,16474,3902.0
Cairo_y2020.tif,462,0.0,0.0813095238095238,Cairo,0,16328,3902.0
Cairo_y2020.tif,1850,0.0,0.07161081081081082,Cairo,0,16300,3902.0
Cairo_y2020.tif,645,0.0,0.08573643410852713,Cairo,0,16318,3902.0
Cairo_y2020.tif,829,0.0,0.06310615199034982,Cairo,0,16434,3902.0
Cairo_y2020.tif,1246,0.3547351524879615,0.20038924558587481,Cairo,1,16482,3902.0
Cairo_y2020.tif,1066,0.0,0.060928705440900566,Cairo,0,16447,3902.0
Cairo_y2020.tif,5153,0.2850766543760916,0.14352610130021348,Cairo,0,16613,3902.0
Cairo_y2020.tif,549,0.0,0.04730418943533698,Cairo,0,16501,3902.0
Cairo_y2020.tif,534,0.0,0.12353932584269665,Cairo,0,16576,3902.0
Cairo_y2020.tif,1058,0.003780718336483932,0.08826086956521739,Cairo,0,16412,3902.0
Cairo_y2020.tif,868,0.0,0.026417050691244247,Cairo,0,16478,3902.0
Cairo_y2020.tif,895,0.0,0.04305027932960894,Cairo,0,16496,3902.0
Cairo_y2020.tif,893,0.0,0.06227883538633819,Cairo,0,16513,3902.0
Cairo_y2020.tif,368,0.0,0.02925271739130435,Cairo,0,16485,3902.0
Cairo_y2020.tif,1411,0.0,0.11625442948263642,Cairo,0,16523,3902.0
Cairo_y2020.tif,2036,0.0063850687622789785,0.07257858546168958,Cairo,0,16538,3902.0
Cairo_y2020.tif,693,0.0,0.0352020202020202,Cairo,0,16494,3902.0
Cairo_y2020.tif,411,0.0,0.020936739659367397,Cairo,0,16520,3902.0
Cairo_y2020.tif,733,0.0,0.030347885402455657,Cairo,0,16550,3902.0
Cairo_y2020.tif,843,0.9988137603795967,0.36208185053380787,Cairo,1,16462,3902.0
Cairo_y2020.tif,794,0.8173803526448362,0.31369017632241813,Cairo,0,16492,3902.0
Cairo_y2020.tif,680,0.8867647058823529,0.3164779411764706,Cairo,1,16521,3902.0
Cairo_y2020.tif,444,1.0,0.39588963963963963,Cairo,1,16499,3902.0
Cairo_y2020.tif,1022,0.3473581213307241,0.19611545988258317,Cairo,0,16547,3902.0
Cairo_y2020.tif,594,0.9326599326599326,0.3462037037037037,Cairo,1,16545,3902.0
Cairo_y2020.tif,2904,0.48760330578512395,0.21080234159779618,Cairo,0,16607,3902.0
Cairo_y2020.tif,593,1.0,0.31806913996627323,Cairo,1,16535,3902.0
Cairo_y2020.tif,1365,0.8080586080586081,0.28123809523809523,Cairo,0,16640,3902.0
Cairo_y2020.tif,862,0.9675174013921114,0.349530162412993,Cairo,1,16582,3902.0
Cairo_y2020.tif,236,1.0,0.4422669491525424,Cairo,0,16208,3902.0
Cairo_y2020.tif,182,1.0,0.40615384615384614,Cairo,1,16219,3902.0
Cairo_y2020.tif,189,1.0,0.43777777777777765,Cairo,1,16232,3902.0
Cairo_y2020.tif,206,1.0,0.41245145631067964,Cairo,1,16282,3902.0
Cairo_y2020.tif,179,1.0,0.4106983240223463,Cairo,0,16283,3902.0
Cairo_y2020.tif,185,1.0,0.4388918918918919,Cairo,1,16259,3902.0
Cairo_y2020.tif,176,1.0,0.4342329545454545,Cairo,1,16280,3902.0
Cairo_y2020.tif,497,1.0,0.4266800804828974,Cairo,0,16333,3902.0
Cairo_y2020.tif,393,1.0,0.4109287531806615,Cairo,1,16251,3902.0
Cairo_y2020.tif,403,1.0,0.3983870967741936,Cairo,1,16338,3902.0
Cairo_y2020.tif,766,0.40339425587467365,0.20913838120104436,Cairo,0,16321,3902.0
Cairo_y2020.tif,210,0.0,0.1749761904761905,Cairo,0,16226,3902.0
Cairo_y2020.tif,343,1.0,0.4324927113702623,Cairo,0,16233,3902.0
Cairo_y2020.tif,204,0.0,0.14230392156862745,Cairo,0,16216,3902.0
Cairo_y2020.tif,249,0.004016064257028112,0.17144578313253014,Cairo,1,16258,3902.0
Cairo_y2020.tif,1490,0.5751677852348993,0.22152348993288595,Cairo,1,16418,3902.0
Cairo_y2020.tif,183,0.3825136612021858,0.22131147540983612,Cairo,1,16247,3902.0
Cairo_y2020.tif,379,0.6728232189973615,0.2794854881266491,Cairo,1,16344,3902.0
Cairo_y2020.tif,469,0.01279317697228145,0.2071002132196162,Cairo,1,16305,3902.0
Cairo_y2020.tif,1604,1.0,0.43790523690773075,Cairo,1,16374,3902.0
Cairo_y2020.tif,385,0.01818181818181818,0.16616883116883116,Cairo,1,16278,3902.0
Cairo_y2020.tif,728,0.0,0.17442307692307693,Cairo,0,16266,3902.0
Cairo_y2020.tif,577,0.036395147313691506,0.10502599653379549,Cairo,0,16303,3902.0
Cairo_y2020.tif,746,0.25603217158176944,0.22008713136729222,Cairo,0,16325,3902.0
Cairo_y2020.tif,294,0.0,0.08100340136054421,Cairo,1,16313,3902.0
Cairo_y2020.tif,228,0.19298245614035087,0.21285087719298246,Cairo,1,16298,3902.0
Cairo_y2020.tif,376,0.0,0.1220212765957447,Cairo,0,16327,3902.0
Cairo_y2020.tif,227,0.2643171806167401,0.21927312775330396,Cairo,0,16330,3902.0
Cairo_y2020.tif,333,0.0,0.13111111111111112,Cairo,1,16379,3902.0
Cairo_y2020.tif,245,0.0,0.1980204081632653,Cairo,0,16356,3902.0
Cairo_y2020.tif,193,1.0,0.43546632124352325,Cairo,1,16316,3902.0
Cairo_y2020.tif,184,1.0,0.43394021739130434,Cairo,1,16334,3902.0
Cairo_y2020.tif,213,1.0,0.4295774647887324,Cairo,1,16351,3902.0
Cairo_y2020.tif,234,1.0,0.4306623931623932,Cairo,1,16378,3902.0
Cairo_y2020.tif,943,0.9809119830328739,0.3454772004241781,Cairo,1,16445,3902.0
Cairo_y2020.tif,849,1.0,0.4278091872791519,Cairo,1,16416,3902.0
Cairo_y2020.tif,225,1.0,0.43213333333333337,Cairo,1,16399,3902.0
Cairo_y2020.tif,268,1.0,0.4149626865671642,Cairo,1,16427,3902.0
Cairo_y2020.tif,544,1.0,0.4172794117647059,Cairo,1,16455,3902.0
Cairo_y2020.tif,332,1.0,0.4069427710843373,Cairo,1,16552,3902.0
Cairo_y2020.tif,474,1.0,0.4034493670886076,Cairo,1,16375,3902.0
Cairo_y2020.tif,498,0.6907630522088354,0.2947489959839358,Cairo,1,16406,3902.0
Cairo_y2020.tif,506,1.0,0.4101581027667985,Cairo,0,16449,3902.0
Cairo_y2020.tif,329,0.756838905775076,0.2870212765957447,Cairo,0,16424,3902.0
Cairo_y2020.tif,356,1.0,0.45241573033707866,Cairo,0,16450,3902.0
Cairo_y2020.tif,351,0.46438746438746437,0.24646723646723645,Cairo,1,16471,3902.0
Cairo_y2020.tif,522,0.0,0.14369731800766283,Cairo,1,16397,3902.0
Cairo_y2020.tif,402,0.2736318407960199,0.24830845771144278,Cairo,1,16518,3902.0
Cairo_y2020.tif,372,1.0,0.44259408602150546,Cairo,1,16541,3902.0
Cairo_y2020.tif,566,0.08303886925795052,0.21812720848056533,Cairo,1,16526,3902.0
Cairo_y2020.tif,207,0.966183574879227,0.357536231884058,Cairo,1,16178,3902.0
Cairo_y2020.tif,197,0.9847715736040609,0.3402284263959391,Cairo,1,16235,3902.0
Cairo_y2020.tif,421,0.9477434679334917,0.315,Cairo,1,16286,3902.0
Cairo_y2020.tif,372,0.9516129032258065,0.32129032258064516,Cairo,1,16479,3902.0
Cairo_y2020.tif,229,1.0,0.38519650655021836,Cairo,0,16604,3902.0
Cairo_y2020.tif,273,1.0,0.3806776556776557,Cairo,1,16581,3902.0
Cairo_y2020.tif,259,0.9305019305019305,0.36666023166023165,Cairo,1,16625,3902.0
Cairo_y2020.tif,218,1.0,0.38706422018348624,Cairo,1,16649,3902.0
Cairo_y2020.tif,501,0.7005988023952096,0.2586726546906188,Cairo,1,16678,3902.0
Cairo_y2020.tif,505,0.09900990099009901,0.1281683168316832,Cairo,0,16785,3902.0
Cairo_y2020.tif,484,0.878099173553719,0.3423657024793388,Cairo,1,16599,3902.0
Cairo_y2020.tif,215,1.0,0.41032558139534886,Cairo,1,16606,3902.0
Cairo_y2020.tif,227,1.0,0.4162995594713657,Cairo,0,16609,3902.0
Cairo_y2020.tif,692,0.2658959537572254,0.20976878612716762,Cairo,1,16594,3902.0
Cairo_y2020.tif,366,0.08469945355191257,0.20506830601092893,Cairo,1,16567,3902.0
Cairo_y2020.tif,481,1.0,0.4106237006237006,Cairo,1,16632,3902.0
Cairo_y2020.tif,804,0.1256218905472637,0.22635572139303484,Cairo,1,16626,3902.0
Cairo_y2020.tif,318,1.0,0.39913522012578617,Cairo,0,16622,3902.0
Cairo_y2020.tif,497,0.48893360160965793,0.25661971830985914,Cairo,1,16647,3902.0
Cairo_y2020.tif,631,0.20126782884310618,0.23603803486529318,Cairo,0,16672,3902.0
Cairo_y2020.tif,201,1.0,0.35181592039800996,Cairo,1,16561,3902.0
Cairo_y2020.tif,203,1.0,0.3369211822660099,Cairo,1,16571,3902.0
Cairo_y2020.tif,1579,1.0,0.3718556048131729,Cairo,1,16611,3902.0
Cairo_y2020.tif,464,1.0,0.3758297413793104,Cairo,1,16627,3902.0
Cairo_y2020.tif,224,1.0,0.3889508928571428,Cairo,1,16636,3902.0
Cairo_y2020.tif,485,1.0,0.41168041237113406,Cairo,0,16634,3902.0
Cairo_y2020.tif,2237,0.8953956191327671,0.35219937416182384,Cairo,1,16660,3902.0
Cairo_y2020.tif,211,1.0,0.3926303317535545,Cairo,0,16648,3902.0
Cairo_y2020.tif,557,1.0,0.38438061041292637,Cairo,1,16748,3902.0
Cairo_y2020.tif,568,1.0,0.37390845070422535,Cairo,1,16716,3902.0
Cairo_y2020.tif,481,0.5405405405405406,0.2584303534303534,Cairo,1,16683,3902.0
Cairo_y2020.tif,190,0.8,0.27721052631578946,Cairo,1,16663,3902.0
Cairo_y2020.tif,632,1.0,0.3966772151898734,Cairo,1,16681,3902.0
Cairo_y2020.tif,338,0.9733727810650887,0.30551775147928995,Cairo,1,16707,3902.0
Cairo_y2020.tif,315,0.6793650793650794,0.2674920634920635,Cairo,1,16760,3902.0
Cairo_y2020.tif,1032,0.8885658914728682,0.31629360465116274,Cairo,1,16800,3902.0
Cairo_y2020.tif,575,0.8382608695652174,0.32365217391304346,Cairo,1,16726,3902.0
Cairo_y2020.tif,805,0.9987577639751553,0.3420186335403727,Cairo,1,16767,3902.0
Cairo_y2020.tif,545,0.9779816513761468,0.3004036697247706,Cairo,1,16777,3902.0
Cairo_y2020.tif,845,1.0,0.4386745562130178,Cairo,1,16735,3902.0
Cairo_y2020.tif,451,1.0,0.35880266075388023,Cairo,1,16685,3902.0
Cairo_y2020.tif,595,1.0,0.3832857142857143,Cairo,1,16750,3902.0
Cairo_y2020.tif,193,0.9948186528497409,0.3266580310880829,Cairo,1,16725,3902.0
Cairo_y2020.tif,447,1.0,0.3554809843400447,Cairo,1,16765,3902.0
Cairo_y2020.tif,495,0.9171717171717172,0.2979090909090909,Cairo,1,16752,3902.0
Cairo_y2020.tif,252,1.0,0.4201587301587301,Cairo,1,16740,3902.0
Cairo_y2020.tif,458,0.6703056768558951,0.28510917030567684,Cairo,1,16761,3902.0
Cairo_y2020.tif,361,1.0,0.3931024930747922,Cairo,1,16807,3902.0
Cairo_y2020.tif,271,0.4132841328413284,0.24835793357933583,Cairo,0,16798,3902.0
Cairo_y2020.tif,289,1.0,0.327318339100346,Cairo,0,16808,3902.0
Cairo_y2020.tif,249,1.0,0.4448192771084338,Cairo,1,16307,3902.0
Cairo_y2020.tif,346,0.9739884393063584,0.35067919075144505,Cairo,1,16322,3902.0
Cairo_y2020.tif,288,1.0,0.4151909722222222,Cairo,0,16361,3902.0
Cairo_y2020.tif,387,0.958656330749354,0.3835788113695091,Cairo,1,16373,3902.0
Cairo_y2020.tif,628,1.0,0.41345541401273883,Cairo,1,16402,3902.0
Cairo_y2020.tif,211,0.919431279620853,0.33770142180094787,Cairo,1,16396,3902.0
Cairo_y2020.tif,186,0.9032258064516129,0.3596505376344086,Cairo,1,16408,3902.0
Cairo_y2020.tif,196,0.7193877551020408,0.3206122448979592,Cairo,1,16417,3902.0
Cairo_y2020.tif,729,0.8957475994513031,0.3712551440329218,Cairo,1,16433,3902.0
Cairo_y2020.tif,231,0.36363636363636365,0.25489177489177495,Cairo,1,16458,3902.0
Cairo_y2020.tif,246,0.3333333333333333,0.25203252032520324,Cairo,0,16465,3902.0
Cairo_y2020.tif,226,0.03982300884955752,0.2356858407079646,Cairo,1,16463,3902.0
Cairo_y2020.tif,180,0.016666666666666666,0.25427777777777777,Cairo,1,16473,3902.0
Cairo_y2020.tif,177,0.0,0.22983050847457626,Cairo,1,16484,3902.0
Cairo_y2020.tif,225,0.0,0.16075555555555557,Cairo,1,16507,3902.0
Cairo_y2020.tif,331,0.00906344410876133,0.1980966767371601,Cairo,1,16481,3902.0
Cairo_y2020.tif,604,0.30132450331125826,0.20705298013245033,Cairo,1,16542,3902.0
Cairo_y2020.tif,380,0.0,0.16230263157894737,Cairo,1,16557,3902.0
Cairo_y2020.tif,406,0.5320197044334976,0.24945812807881773,Cairo,0,16569,3902.0
Cairo_y2020.tif,187,0.1711229946524064,0.18454545454545457,Cairo,1,16591,3902.0
Cairo_y2020.tif,1180,0.05423728813559322,0.1161398305084746,Cairo,0,15255,3902.0
Cairo_y2020.tif,389,1.0,0.3437403598971722,Cairo,1,15188,3902.0
Cairo_y2020.tif,1335,0.09288389513108614,0.09097003745318354,Cairo,0,15329,3902.0
Cairo_y2020.tif,727,0.8088033012379643,0.29419532324621733,Cairo,1,15350,3902.0
Cairo_y2020.tif,515,1.0,0.3927864077669903,Cairo,1,15442,3902.0
Cairo_y2020.tif,80492,0.05160761317894946,0.05040482283953686,Cairo,0,16766,3902.0
Cairo_y2020.tif,10012,9.988014382740711e-05,0.025939872153415904,Cairo,0,17911,3902.0
Cairo_y2020.tif,234,0.5897435897435898,0.2720726495726496,Cairo,0,16969,3902.0
Cairo_y2020.tif,7052,0.016874645490640952,0.028445121951219517,Cairo,0,17930,3902.0
Cairo_y2020.tif,28601,0.052166008181532116,0.05265043180308381,Cairo,0,17496,3902.0
Cairo_y2020.tif,449,1.0,0.3837861915367483,Cairo,1,16228,3902.0
Cairo_y2020.tif,503,0.9324055666003976,0.3339562624254473,Cairo,1,16265,3902.0
Cairo_y2020.tif,4336,0.05742619926199262,0.06964022140221403,Cairo,0,16472,3902.0
Cairo_y2020.tif,202,0.7376237623762376,0.311980198019802,Cairo,1,16295,3902.0
Cairo_y2020.tif,358,0.7067039106145251,0.3282262569832402,Cairo,1,16326,3902.0
Cairo_y2020.tif,811,0.6991368680641183,0.295727496917386,Cairo,1,16407,3902.0
Cairo_y2020.tif,4015,0.0,0.022384806973848072,Cairo,0,16709,3902.0
Cairo_y2020.tif,11472,0.29096931659693165,0.1548570432357043,Cairo,0,16899,3902.0
Cairo_y2020.tif,12146,0.04223612712003952,0.06904042483122017,Cairo,0,17234,3902.0
Cairo_y2020.tif,402,0.5099502487562189,0.26491293532338306,Cairo,1,17039,3902.0
Cairo_y2020.tif,1097,0.2862351868732908,0.21055606198723792,Cairo,1,16643,3902.0
Cairo_y2020.tif,1592,0.16331658291457288,0.1906281407035176,Cairo,1,16697,3902.0
Cairo_y2020.tif,605,0.9206611570247933,0.29782644628099175,Cairo,0,16724,3902.0
Cairo_y2020.tif,3956,0.49064711830131447,0.21619312436804852,Cairo,0,16874,3902.0
Cairo_y2020.tif,520,0.975,0.4131538461538462,Cairo,1,16870,3902.0
Cairo_y2020.tif,427,0.9320843091334895,0.41046838407494146,Cairo,1,16900,3902.0
Cairo_y2020.tif,319,0.9184952978056427,0.41086206896551725,Cairo,1,16916,3902.0
Cairo_y2020.tif,556,1.0,0.4359442446043165,Cairo,1,16940,3902.0
Cairo_y2020.tif,655,0.9648854961832061,0.39514503816793883,Cairo,1,16941,3902.0
Cairo_y2020.tif,699,1.0,0.4313161659513591,Cairo,1,16995,3902.0
Cairo_y2020.tif,429,1.0,0.4356876456876457,Cairo,1,16963,3902.0
Cairo_y2020.tif,378,1.0,0.4412566137566138,Cairo,1,17021,3902.0
Cairo_y2020.tif,285,0.9964912280701754,0.3742280701754386,Cairo,1,17055,3902.0
Cairo_y2020.tif,1170,1.0,0.39571794871794874,Cairo,1,17054,3902.0
Cairo_y2020.tif,555,1.0,0.442072072072072,Cairo,1,17070,3902.0
Cairo_y2020.tif,337,1.0,0.4273887240356083,Cairo,1,17097,3902.0
Cairo_y2020.tif,627,0.8070175438596491,0.33618022328548647,Cairo,1,17153,3902.0
Cairo_y2020.tif,418,1.0,0.36845693779904304,Cairo,1,17149,3902.0
Cairo_y2020.tif,432,1.0,0.43690972222222224,Cairo,1,17171,3902.0
Cairo_y2020.tif,673,0.9331352154531947,0.3661589895988113,Cairo,1,17181,3902.0
Cairo_y2020.tif,504,0.9761904761904762,0.40891865079365086,Cairo,1,17224,3902.0
Cairo_y2020.tif,626,0.8578274760383386,0.3800239616613419,Cairo,1,17241,3902.0
Cairo_y2020.tif,756,0.9166666666666666,0.3670436507936508,Cairo,1,17221,3902.0
Cairo_y2020.tif,413,0.8837772397094431,0.35269975786924945,Cairo,1,17252,3902.0
Cairo_y2020.tif,551,0.8638838475499092,0.31459165154264973,Cairo,1,17242,3902.0
Cairo_y2020.tif,262,0.061068702290076333,0.19980916030534351,Cairo,1,17276,3902.0
Cairo_y2020.tif,411,0.45742092457420924,0.25981751824817517,Cairo,1,17317,3902.0
Cairo_y2020.tif,371,0.6172506738544474,0.23339622641509436,Cairo,1,17261,3902.0
Cairo_y2020.tif,567,0.001763668430335097,0.11895061728395061,Cairo,1,17333,3902.0
Cairo_y2020.tif,323,0.0,0.15009287925696596,Cairo,1,17327,3902.0
Cairo_y2020.tif,5471,0.30615975141656004,0.17241363553280936,Cairo,0,17162,3902.0
Cairo_y2020.tif,699,0.9427753934191703,0.3721459227467811,Cairo,1,17243,3902.0
Cairo_y2020.tif,3568,0.37948430493273544,0.17222393497757849,Cairo,0,17328,3902.0
Cairo_y2020.tif,404,0.6287128712871287,0.2720173267326733,Cairo,1,17277,3902.0
Cairo_y2020.tif,410,0.02926829268292683,0.17953658536585368,Cairo,1,17291,3902.0
Cairo_y2020.tif,813,0.2915129151291513,0.23018450184501843,Cairo,1,17326,3902.0
Cairo_y2020.tif,543,1.0,0.39407918968692446,Cairo,1,17357,3902.0
Cairo_y2020.tif,2908,0.2063273727647868,0.11564305364511693,Cairo,0,17474,3902.0
Cairo_y2020.tif,1089,0.44536271808999084,0.24621212121212122,Cairo,1,17423,3902.0
Cairo_y2020.tif,1933,0.47284014485256076,0.21520693222969478,Cairo,0,17538,3902.0
Cairo_y2020.tif,393,0.005089058524173028,0.13927480916030535,Cairo,1,17348,3902.0
Cairo_y2020.tif,1681,0.06543723973825104,0.07819155264723379,Cairo,0,17364,3902.0
Cairo_y2020.tif,335,0.0,0.12276119402985075,Cairo,1,17366,3902.0
Cairo_y2020.tif,364,0.0027472527472527475,0.11895604395604395,Cairo,1,17376,3902.0
Cairo_y2020.tif,777,0.0,0.09789575289575289,Cairo,1,17381,3902.0
Cairo_y2020.tif,334,0.0,0.13947604790419163,Cairo,1,17372,3902.0
Cairo_y2020.tif,962,0.0893970893970894,0.16574324324324324,Cairo,1,17456,3902.0
Cairo_y2020.tif,425,0.5411764705882353,0.2544941176470588,Cairo,1,17450,3902.0
Cairo_y2020.tif,2135,0.08149882903981265,0.0702927400468384,Cairo,0,17508,3902.0
Cairo_y2020.tif,412,0.6116504854368932,0.253373786407767,Cairo,1,17488,3902.0
Cairo_y2020.tif,26923,0.06793447981279946,0.061077888793967985,Cairo,0,17965,3902.0
Cairo_y2020.tif,3299,0.41952106698999697,0.1795938163079721,Cairo,0,17631,3902.0
Cairo_y2020.tif,327,0.9877675840978594,0.3596941896024465,Cairo,1,17641,3902.0
Cairo_y2020.tif,859,0.9115250291036089,0.3337427240977881,Cairo,1,17707,3902.0
Cairo_y2020.tif,694,0.2132564841498559,0.2306700288184438,Cairo,1,17734,3902.0
Cairo_y2020.tif,1428,0.5546218487394958,0.2575175070028011,Cairo,0,17790,3902.0
Cairo_y2020.tif,501,0.7644710578842315,0.2679041916167665,Cairo,0,17825,3902.0
Cairo_y2020.tif,659,0.9044006069802731,0.3152200303490137,Cairo,0,17891,3902.0
Cairo_y2020.tif,970,0.5144329896907216,0.23987628865979382,Cairo,0,17964,3902.0
Cairo_y2020.tif,2124,0.003295668549905838,0.06874058380414312,Cairo,0,18019,3902.0
Cairo_y2020.tif,138,0.0,0.18757246376811593,Cairo,0,11191,3902.0
Cairo_y2020.tif,124,0.782258064516129,0.3243548387096774,Cairo,1,11200,3902.0
Cairo_y2020.tif,123,0.0,0.1561788617886179,Cairo,1,11229,3902.0
Cairo_y2020.tif,123,0.0,0.16829268292682925,Cairo,1,11233,3902.0
Cairo_y2020.tif,140,0.17857142857142858,0.19425000000000003,Cairo,1,11215,3902.0
Cairo_y2020.tif,120,0.0,0.17329166666666668,Cairo,1,11242,3902.0
Cairo_y2020.tif,221,0.0,0.16092760180995475,Cairo,1,11249,3902.0
Cairo_y2020.tif,141,0.9929078014184397,0.3370921985815603,Cairo,0,11232,3902.0
Cairo_y2020.tif,141,0.05673758865248227,0.20687943262411343,Cairo,0,11259,3902.0
Cairo_y2020.tif,138,0.5652173913043478,0.2618840579710145,Cairo,0,11270,3902.0
Cairo_y2020.tif,456,1.0,0.3890460526315789,Cairo,1,11173,3902.0
Cairo_y2020.tif,312,1.0,0.3971634615384615,Cairo,1,11228,3902.0
Cairo_y2020.tif,258,0.9883720930232558,0.3401937984496124,Cairo,1,11221,3902.0
Cairo_y2020.tif,115,1.0,0.38739130434782604,Cairo,0,11236,3902.0
Cairo_y2020.tif,373,0.903485254691689,0.3611930294906166,Cairo,1,11301,3902.0
Cairo_y2020.tif,360,0.49722222222222223,0.29868055555555556,Cairo,1,11285,3902.0
Cairo_y2020.tif,254,0.17716535433070865,0.21494094488188975,Cairo,1,11201,3902.0
Cairo_y2020.tif,92,0.9565217391304348,0.305054347826087,Cairo,1,11292,3902.0
Cairo_y2020.tif,204,1.0,0.40046568627450985,Cairo,1,11328,3902.0
Cairo_y2020.tif,93,0.7849462365591398,0.2985483870967742,Cairo,1,11314,3902.0
Cairo_y2020.tif,643,0.003110419906687403,0.12880248833592536,Cairo,1,11333,3902.0
Cairo_y2020.tif,192,0.20833333333333334,0.20664062500000002,Cairo,1,11255,3902.0
Cairo_y2020.tif,127,1.0,0.34299212598425194,Cairo,0,11263,3902.0
Cairo_y2020.tif,230,0.0,0.14443478260869566,Cairo,0,11272,3902.0
Cairo_y2020.tif,195,0.010256410256410256,0.18338461538461542,Cairo,0,11302,3902.0
Cairo_y2020.tif,236,0.8220338983050848,0.3255296610169491,Cairo,0,11317,3902.0
Cairo_y2020.tif,161,0.0,0.13388198757763975,Cairo,0,11329,3902.0
Cairo_y2020.tif,126,0.0,0.1774206349206349,Cairo,1,11347,3902.0
Cairo_y2020.tif,492,0.0,0.10450203252032522,Cairo,1,11373,3902.0
Cairo_y2020.tif,127,0.25984251968503935,0.25377952755905514,Cairo,1,11352,3902.0
Cairo_y2020.tif,186,0.0,0.022661290322580643,Cairo,0,11307,3902.0
Cairo_y2020.tif,255,0.0,0.16825490196078433,Cairo,1,11316,3902.0
Cairo_y2020.tif,179,0.0,0.0977094972067039,Cairo,1,11325,3902.0
Cairo_y2020.tif,188,0.0,0.13220744680851065,Cairo,1,11345,3902.0
Cairo_y2020.tif,331,0.0,0.05509063444108761,Cairo,0,11410,3902.0
Cairo_y2020.tif,253,0.0,0.1966798418972332,Cairo,0,11358,3902.0
Cairo_y2020.tif,176,0.0,0.026278409090909092,Cairo,0,11385,3902.0
Cairo_y2020.tif,167,0.0,0.10485029940119761,Cairo,1,11367,3902.0
Cairo_y2020.tif,170,0.0,0.019999999999999997,Cairo,1,11398,3902.0
Cairo_y2020.tif,181,0.0,0.12511049723756906,Cairo,0,11390,3902.0
Cairo_y2020.tif,110,0.8818181818181818,0.31309090909090914,Cairo,1,11338,3902.0
Cairo_y2020.tif,149,1.0,0.3976510067114094,Cairo,0,11353,3902.0
Cairo_y2020.tif,2823,0.5600425079702445,0.23589089620970602,Cairo,1,11482,3902.0
Cairo_y2020.tif,110,0.9636363636363636,0.333,Cairo,1,11368,3902.0
Cairo_y2020.tif,322,0.0,0.16411490683229812,Cairo,1,11384,3902.0
Cairo_y2020.tif,107,1.0,0.3666822429906543,Cairo,1,11397,3902.0
Cairo_y2020.tif,247,1.0,0.39910931174089076,Cairo,1,11433,3902.0
Cairo_y2020.tif,113,1.0,0.36141592920353977,Cairo,1,11432,3902.0
Cairo_y2020.tif,101,1.0,0.35806930693069305,Cairo,0,11452,3902.0
Cairo_y2020.tif,204,0.0,0.1600735294117647,Cairo,1,11516,3902.0
Cairo_y2020.tif,166,0.0,0.12027108433734937,Cairo,0,11381,3902.0
Cairo_y2020.tif,247,0.6639676113360324,0.3052226720647774,Cairo,0,11383,3902.0
Cairo_y2020.tif,241,0.0,0.08549792531120332,Cairo,0,11399,3902.0
Cairo_y2020.tif,134,0.0,0.06402985074626867,Cairo,0,11415,3902.0
Cairo_y2020.tif,253,1.0,0.3787747035573123,Cairo,1,11449,3902.0
Cairo_y2020.tif,185,0.0,0.10321621621621621,Cairo,0,11476,3902.0
Cairo_y2020.tif,297,0.19865319865319866,0.1922727272727273,Cairo,0,11457,3902.0
Cairo_y2020.tif,588,0.013605442176870748,0.11247448979591836,Cairo,0,11502,3902.0
Cairo_y2020.tif,130,0.0,0.09353846153846154,Cairo,0,11454,3902.0
Cairo_y2020.tif,278,0.08273381294964029,0.21030575539568347,Cairo,0,11494,3902.0
Cairo_y2020.tif,249,0.0,0.19696787148594377,Cairo,0,11408,3902.0
Cairo_y2020.tif,188,0.0,0.12609042553191488,Cairo,1,11441,3902.0
Cairo_y2020.tif,247,0.05263157894736842,0.20848178137651824,Cairo,1,11450,3902.0
Cairo_y2020.tif,176,0.0,0.12022727272727272,Cairo,0,11471,3902.0
Cairo_y2020.tif,317,0.17981072555205047,0.20376971608832808,Cairo,0,11485,3902.0
Cairo_y2020.tif,247,0.9554655870445344,0.30372469635627536,Cairo,0,11490,3902.0
Cairo_y2020.tif,226,0.008849557522123894,0.11761061946902657,Cairo,0,11474,3902.0
Cairo_y2020.tif,176,0.0,0.12346590909090907,Cairo,1,11511,3902.0
Cairo_y2020.tif,381,0.5695538057742782,0.25393700787401574,Cairo,1,11521,3902.0
Cairo_y2020.tif,749,0.33377837116154874,0.19087449933244327,Cairo,1,11613,3902.0
Cairo_y2020.tif,134,1.0,0.3515671641791045,Cairo,1,11489,3902.0
Cairo_y2020.tif,300,1.0,0.39363333333333334,Cairo,1,11509,3902.0
Cairo_y2020.tif,625,0.0,0.15500799999999998,Cairo,1,11666,3902.0
Cairo_y2020.tif,146,1.0,0.37205479452054796,Cairo,0,11520,3902.0
Cairo_y2020.tif,144,0.14583333333333334,0.18395833333333333,Cairo,0,11547,3902.0
Cairo_y2020.tif,160,1.0,0.35821875,Cairo,1,11556,3902.0
Cairo_y2020.tif,178,0.9382022471910112,0.3507303370786517,Cairo,1,11627,3902.0
Cairo_y2020.tif,86,0.0,0.1469186046511628,Cairo,1,11605,3902.0
Cairo_y2020.tif,214,1.0,0.383411214953271,Cairo,1,11687,3902.0
Cairo_y2020.tif,225,1.0,0.39584444444444444,Cairo,0,11702,3902.0
Cairo_y2020.tif,669,0.6412556053811659,0.29234678624813154,Cairo,1,11580,3902.0
Cairo_y2020.tif,222,0.5585585585585585,0.2656756756756757,Cairo,0,11538,3902.0
Cairo_y2020.tif,108,0.8425925925925926,0.31578703703703703,Cairo,0,11551,3902.0
Cairo_y2020.tif,143,0.6923076923076923,0.3065384615384615,Cairo,1,11621,3902.0
Cairo_y2020.tif,200,0.96,0.38025000000000003,Cairo,1,11631,3902.0
Cairo_y2020.tif,570,0.4421052631578947,0.242640350877193,Cairo,0,11678,3902.0
Cairo_y2020.tif,579,1.0,0.41113126079447326,Cairo,1,11634,3902.0
Cairo_y2020.tif,165,1.0,0.4005757575757576,Cairo,1,11643,3902.0
Cairo_y2020.tif,338,0.9970414201183432,0.4115532544378699,Cairo,1,11649,3902.0
Cairo_y2020.tif,195,1.0,0.43764102564102564,Cairo,1,11658,3902.0
Cairo_y2020.tif,348,0.9885057471264368,0.3245977011494253,Cairo,1,11570,3902.0
Cairo_y2020.tif,185,0.9513513513513514,0.3241891891891892,Cairo,1,11595,3902.0
Cairo_y2020.tif,285,0.9719298245614035,0.3757719298245614,Cairo,1,11577,3902.0
Cairo_y2020.tif,134,0.7686567164179104,0.2854850746268656,Cairo,1,11548,3902.0
Cairo_y2020.tif,177,0.0,0.14878531073446327,Cairo,0,11555,3902.0
Cairo_y2020.tif,147,0.7687074829931972,0.3112585034013605,Cairo,1,11567,3902.0
Cairo_y2020.tif,120,0.31666666666666665,0.200875,Cairo,1,11549,3902.0
Cairo_y2020.tif,351,0.9886039886039886,0.3775925925925926,Cairo,1,11640,3902.0
Cairo_y2020.tif,311,0.18006430868167203,0.2189228295819936,Cairo,1,11598,3902.0
Cairo_y2020.tif,123,0.7479674796747967,0.2837804878048781,Cairo,1,11579,3902.0
Cairo_y2020.tif,231,1.0,0.3996969696969698,Cairo,1,11708,3902.0
Cairo_y2020.tif,267,1.0,0.40608614232209744,Cairo,1,11720,3902.0
Cairo_y2020.tif,158,1.0,0.41231012658227845,Cairo,0,11648,3902.0
Cairo_y2020.tif,462,1.0,0.34054112554112553,Cairo,0,11679,3902.0
Cairo_y2020.tif,347,1.0,0.38922190201729107,Cairo,1,11736,3902.0
Cairo_y2020.tif,204,1.0,0.3782107843137254,Cairo,1,11737,3902.0
Cairo_y2020.tif,95,1.0,0.3914736842105263,Cairo,0,11655,3902.0
Cairo_y2020.tif,189,0.0,0.11727513227513227,Cairo,0,11585,3902.0
Cairo_y2020.tif,349,0.4269340974212034,0.24942693409742123,Cairo,1,11759,3902.0
Cairo_y2020.tif,123,0.0,0.11235772357723577,Cairo,1,11654,3902.0
Cairo_y2020.tif,109,1.0,0.33454128440366976,Cairo,1,11610,3902.0
Cairo_y2020.tif,403,0.9379652605459057,0.4144044665012407,Cairo,1,11713,3902.0
Cairo_y2020.tif,248,0.8266129032258065,0.3622177419354838,Cairo,1,11734,3902.0
Cairo_y2020.tif,102,0.9509803921568627,0.3221078431372549,Cairo,1,11623,3902.0
Cairo_y2020.tif,292,0.9931506849315068,0.34724315068493145,Cairo,1,11674,3902.0
Cairo_y2020.tif,276,1.0,0.3923369565217391,Cairo,1,11653,3902.0
Cairo_y2020.tif,662,1.0,0.35512084592145016,Cairo,1,11762,3902.0
Cairo_y2020.tif,106,1.0,0.3586320754716981,Cairo,1,11639,3902.0
Cairo_y2020.tif,1019,0.1324828263002944,0.19781648675171737,Cairo,1,11877,3902.0
Cairo_y2020.tif,190,1.0,0.3935526315789473,Cairo,1,11751,3902.0
Cairo_y2020.tif,244,1.0,0.44051229508196726,Cairo,1,11668,3902.0
Cairo_y2020.tif,116,1.0,0.4443534482758621,Cairo,0,11671,3902.0
Cairo_y2020.tif,147,1.0,0.4426190476190476,Cairo,1,11677,3902.0
Cairo_y2020.tif,243,1.0,0.44039094650205757,Cairo,1,11681,3902.0
Cairo_y2020.tif,136,1.0,0.44433823529411764,Cairo,1,11664,3902.0
Cairo_y2020.tif,212,1.0,0.4396698113207548,Cairo,0,11706,3902.0
Cairo_y2020.tif,175,1.0,0.3377428571428571,Cairo,1,11724,3902.0
Cairo_y2020.tif,267,1.0,0.42986891385767784,Cairo,1,11709,3902.0
Cairo_y2020.tif,216,1.0,0.3803240740740741,Cairo,1,11754,3902.0
Cairo_y2020.tif,299,1.0,0.3973578595317726,Cairo,1,11803,3902.0
Cairo_y2020.tif,111,1.0,0.4136486486486486,Cairo,0,11697,3902.0
Cairo_y2020.tif,170,0.0,0.14500000000000005,Cairo,0,11717,3902.0
Cairo_y2020.tif,179,0.8770949720670391,0.3044413407821229,Cairo,1,11749,3902.0
Cairo_y2020.tif,248,0.1774193548387097,0.18806451612903227,Cairo,1,11797,3902.0
Cairo_y2020.tif,168,1.0,0.39860119047619047,Cairo,1,11799,3902.0
Cairo_y2020.tif,526,1.0,0.4031558935361217,Cairo,1,11833,3902.0
Cairo_y2020.tif,376,0.005319148936170213,0.20777925531914893,Cairo,1,11827,3902.0
Cairo_y2020.tif,133,1.0,0.4028571428571429,Cairo,0,11814,3902.0
Cairo_y2020.tif,169,0.07100591715976332,0.19467455621301774,Cairo,0,11782,3902.0
Cairo_y2020.tif,159,1.0,0.42103773584905657,Cairo,1,11822,3902.0
Cairo_y2020.tif,161,1.0,0.39540372670807455,Cairo,0,11780,3902.0
Cairo_y2020.tif,462,0.008658008658008658,0.2089069264069264,Cairo,1,11882,3902.0
Cairo_y2020.tif,979,0.45658835546475995,0.20956588355464761,Cairo,0,11885,3902.0
Cairo_y2020.tif,105,1.0,0.3139047619047619,Cairo,0,11792,3902.0
Cairo_y2020.tif,175,0.5371428571428571,0.2912857142857143,Cairo,1,11791,3902.0
Cairo_y2020.tif,142,1.0,0.41475352112676056,Cairo,1,11829,3902.0
Cairo_y2020.tif,202,1.0,0.4280940594059406,Cairo,1,11831,3902.0
Cairo_y2020.tif,239,1.0,0.42736401673640156,Cairo,1,11846,3902.0
Cairo_y2020.tif,153,1.0,0.3540196078431372,Cairo,1,11840,3902.0
Cairo_y2020.tif,107,1.0,0.4382242990654205,Cairo,0,11856,3902.0
Cairo_y2020.tif,211,1.0,0.4492890995260664,Cairo,1,11774,3902.0
Cairo_y2020.tif,361,1.0,0.40516620498614964,Cairo,1,11849,3902.0
Cairo_y2020.tif,198,1.0,0.4314646464646465,Cairo,1,11870,3902.0
Cairo_y2020.tif,490,1.0,0.43911224489795925,Cairo,1,11866,3902.0
Cairo_y2020.tif,287,1.0,0.3398432055749129,Cairo,0,11901,3902.0
Cairo_y2020.tif,495,1.0,0.4005454545454546,Cairo,1,11817,3902.0
Cairo_y2020.tif,829,0.9481302774427021,0.3012545235223161,Cairo,0,11895,3902.0
Cairo_y2020.tif,387,1.0,0.4379586563307494,Cairo,1,11891,3902.0
Cairo_y2020.tif,627,0.8835725677830941,0.2851355661881978,Cairo,0,11896,3902.0
Cairo_y2020.tif,196,0.9132653061224489,0.3307397959183674,Cairo,1,11906,3902.0
Cairo_y2020.tif,271,1.0,0.3999077490774908,Cairo,0,11823,3902.0
Cairo_y2020.tif,195,0.6461538461538462,0.2579230769230769,Cairo,0,11845,3902.0
Cairo_y2020.tif,579,1.0,0.44222797927461144,Cairo,1,11922,3902.0
Cairo_y2020.tif,173,0.7976878612716763,0.3458959537572254,Cairo,0,11874,3902.0
Cairo_y2020.tif,592,1.0,0.43962837837837837,Cairo,1,11966,3902.0
Cairo_y2020.tif,455,0.06153846153846154,0.174978021978022,Cairo,0,11929,3902.0
Cairo_y2020.tif,313,1.0,0.4219169329073483,Cairo,1,11925,3902.0
Cairo_y2020.tif,157,0.7452229299363057,0.3209872611464968,Cairo,1,11893,3902.0
Cairo_y2020.tif,344,1.0,0.43369186046511626,Cairo,1,11933,3902.0
Cairo_y2020.tif,436,1.0,0.43092889908256876,Cairo,1,11969,3902.0
Cairo_y2020.tif,242,0.004132231404958678,0.19433884297520662,Cairo,1,11837,3902.0
Cairo_y2020.tif,254,0.015748031496062992,0.20738188976377953,Cairo,0,11865,3902.0
Cairo_y2020.tif,719,0.0,0.10092489568845618,Cairo,0,11943,3902.0
Cairo_y2020.tif,2011,0.1735454997513675,0.1399154649428145,Cairo,0,12097,3902.0
Cairo_y2020.tif,607,0.004942339373970346,0.1387149917627677,Cairo,0,11972,3902.0
Cairo_y2020.tif,2507,0.14399680893498204,0.09145592341443957,Cairo,0,12141,3902.0
Cairo_y2020.tif,418,0.0,0.08901913875598089,Cairo,1,12093,3902.0
Cairo_y2020.tif,965,0.0,0.07881865284974093,Cairo,0,12126,3902.0
Cairo_y2020.tif,623,0.0,0.08961476725521669,Cairo,1,12106,3902.0
Cairo_y2020.tif,494,0.45951417004048584,0.19480769230769235,Cairo,0,12172,3902.0
Cairo_y2020.tif,534,1.0,0.40638576779026214,Cairo,1,11948,3902.0
Cairo_y2020.tif,262,1.0,0.44032442748091605,Cairo,1,11968,3902.0
Cairo_y2020.tif,422,1.0,0.4297274881516587,Cairo,1,11982,3902.0
Cairo_y2020.tif,541,1.0,0.42995378927911276,Cairo,1,11973,3902.0
Cairo_y2020.tif,352,1.0,0.4206534090909091,Cairo,1,12010,3902.0
Cairo_y2020.tif,270,1.0,0.44453703703703706,Cairo,1,11997,3902.0
Cairo_y2020.tif,399,1.0,0.4308145363408521,Cairo,1,12019,3902.0
Cairo_y2020.tif,462,1.0,0.4381168831168832,Cairo,1,12051,3902.0
Cairo_y2020.tif,417,1.0,0.4197122302158273,Cairo,1,12034,3902.0
Cairo_y2020.tif,427,1.0,0.4134426229508196,Cairo,1,12060,3902.0
Cairo_y2020.tif,655,0.8732824427480916,0.3714274809160305,Cairo,1,11998,3902.0
Cairo_y2020.tif,514,0.36770428015564205,0.2138910505836576,Cairo,1,12018,3902.0
Cairo_y2020.tif,553,0.0,0.12765822784810127,Cairo,0,12038,3902.0
Cairo_y2020.tif,178,0.0,0.13081460674157305,Cairo,1,12047,3902.0
Cairo_y2020.tif,206,0.0,0.13606796116504855,Cairo,0,12057,3902.0
Cairo_y2020.tif,184,0.0,0.11309782608695654,Cairo,0,12061,3902.0
Cairo_y2020.tif,355,0.0,0.09609859154929579,Cairo,1,12075,3902.0
Cairo_y2020.tif,1491,1.0,0.4349496981891348,Cairo,1,12089,3902.0
Cairo_y2020.tif,657,0.9984779299847792,0.4105327245053273,Cairo,1,12080,3902.0
Cairo_y2020.tif,242,0.34710743801652894,0.19950413223140495,Cairo,0,12083,3902.0
Cairo_y2020.tif,475,0.0,0.021947368421052636,Cairo,0,11575,3902.0
Cairo_y2020.tif,417,0.0,0.049976019184652276,Cairo,0,11507,3902.0
Cairo_y2020.tif,659,0.0,0.0656145675265554,Cairo,0,11568,3902.0
Cairo_y2020.tif,214,0.0,0.022686915887850465,Cairo,1,11593,3902.0
Cairo_y2020.tif,256,0.0,0.022734375,Cairo,0,11594,3902.0
Cairo_y2020.tif,228,0.0,0.019890350877192983,Cairo,1,11592,3902.0
Cairo_y2020.tif,267,0.0,0.020037453183520598,Cairo,0,11590,3902.0
Cairo_y2020.tif,535,0.0,0.04685981308411215,Cairo,1,11683,3902.0
Cairo_y2020.tif,283,0.0,0.025883392226148407,Cairo,0,11700,3902.0
Cairo_y2020.tif,225,0.0,0.023133333333333332,Cairo,1,11701,3902.0
Cairo_y2020.tif,254,0.9881889763779528,0.35976377952755906,Cairo,1,11787,3902.0
Cairo_y2020.tif,175,1.0,0.3872000000000001,Cairo,1,11765,3902.0
Cairo_y2020.tif,1539,0.6257309941520468,0.2580279402209227,Cairo,1,11868,3902.0
Cairo_y2020.tif,99,1.0,0.3465656565656566,Cairo,1,11686,3902.0
Cairo_y2020.tif,285,1.0,0.4117719298245614,Cairo,1,11772,3902.0
Cairo_y2020.tif,140,1.0,0.39739285714285716,Cairo,1,11760,3902.0
Cairo_y2020.tif,428,0.4953271028037383,0.2735046728971963,Cairo,1,11875,3902.0
Cairo_y2020.tif,167,1.0,0.42428143712574845,Cairo,1,11756,3902.0
Cairo_y2020.tif,185,1.0,0.38713513513513514,Cairo,1,11755,3902.0
Cairo_y2020.tif,225,0.9911111111111112,0.37160000000000004,Cairo,1,11763,3902.0
Cairo_y2020.tif,296,0.0,0.023868243243243242,Cairo,0,11703,3902.0
Cairo_y2020.tif,271,0.0,0.08280442804428045,Cairo,0,11711,3902.0
Cairo_y2020.tif,157,0.0,0.0563375796178344,Cairo,0,11770,3902.0
Cairo_y2020.tif,1097,0.0,0.03969006381039198,Cairo,0,11860,3902.0
Cairo_y2020.tif,270,0.0,0.033074074074074075,Cairo,0,11806,3902.0
Cairo_y2020.tif,225,0.0,0.02742222222222223,Cairo,1,11805,3902.0
Cairo_y2020.tif,190,0.0,0.04028947368421053,Cairo,0,11811,3902.0
Cairo_y2020.tif,137,0.0,0.0612043795620438,Cairo,1,11808,3902.0
Cairo_y2020.tif,179,0.0,0.055418994413407814,Cairo,0,11834,3902.0
Cairo_y2020.tif,116,0.0,0.03586206896551725,Cairo,0,11809,3902.0
Cairo_y2020.tif,105,1.0,0.3686666666666666,Cairo,0,11872,3902.0
Cairo_y2020.tif,441,1.0,0.39832199546485264,Cairo,1,11920,3902.0
Cairo_y2020.tif,260,1.0,0.42399999999999993,Cairo,1,11921,3902.0
Cairo_y2020.tif,316,1.0,0.43216772151898736,Cairo,1,11897,3902.0
Cairo_y2020.tif,297,1.0,0.4441750841750842,Cairo,1,11928,3902.0
Cairo_y2020.tif,283,0.3674911660777385,0.23844522968197876,Cairo,1,11926,3902.0
Cairo_y2020.tif,148,1.0,0.45614864864864857,Cairo,1,11918,3902.0
Cairo_y2020.tif,125,1.0,0.4252000000000001,Cairo,1,11941,3902.0
Cairo_y2020.tif,147,1.0,0.4580272108843537,Cairo,1,11946,3902.0
Cairo_y2020.tif,333,0.6426426426426426,0.29372372372372374,Cairo,1,11942,3902.0
Cairo_y2020.tif,349,0.0,0.03063037249283668,Cairo,1,11912,3902.0
Cairo_y2020.tif,701,0.0,0.05829529243937233,Cairo,0,11883,3902.0
Cairo_y2020.tif,155,0.0,0.029870967741935484,Cairo,0,11878,3902.0
Cairo_y2020.tif,195,0.0,0.03476923076923077,Cairo,0,11899,3902.0
Cairo_y2020.tif,148,0.0,0.038716216216216216,Cairo,1,11898,3902.0
Cairo_y2020.tif,186,0.0,0.03997311827956989,Cairo,1,11924,3902.0
Cairo_y2020.tif,291,0.0,0.03855670103092783,Cairo,0,11914,3902.0
Cairo_y2020.tif,203,0.0,0.028817733990147792,Cairo,0,11944,3902.0
Cairo_y2020.tif,198,0.0,0.025757575757575757,Cairo,0,11975,3902.0
Cairo_y2020.tif,357,0.0,0.03739495798319328,Cairo,1,12026,3902.0
Cairo_y2020.tif,100,1.0,0.4196500000000001,Cairo,1,11963,3902.0
Cairo_y2020.tif,435,1.0,0.4022183908045977,Cairo,1,12000,3902.0
Cairo_y2020.tif,273,0.8791208791208791,0.3638095238095238,Cairo,1,12042,3902.0
Cairo_y2020.tif,165,1.0,0.4527272727272728,Cairo,1,11977,3902.0
Cairo_y2020.tif,163,1.0,0.413159509202454,Cairo,1,11994,3902.0
Cairo_y2020.tif,174,0.4425287356321839,0.2429885057471264,Cairo,1,11976,3902.0
Cairo_y2020.tif,738,0.7140921409214093,0.29764227642276425,Cairo,1,12111,3902.0
Cairo_y2020.tif,352,0.6846590909090909,0.3090482954545455,Cairo,1,12109,3902.0
Cairo_y2020.tif,959,1.0,0.433378519290928,Cairo,1,12068,3902.0
Cairo_y2020.tif,285,1.0,0.41982456140350877,Cairo,1,12025,3902.0
Cairo_y2020.tif,328,0.7347560975609756,0.3228201219512195,Cairo,1,12115,3902.0
Cairo_y2020.tif,218,1.0,0.4313761467889908,Cairo,1,12077,3902.0
Cairo_y2020.tif,218,0.8027522935779816,0.3339908256880734,Cairo,1,12117,3902.0
Cairo_y2020.tif,392,0.8954081632653061,0.31770408163265307,Cairo,1,12118,3902.0
Cairo_y2020.tif,191,1.0,0.4378272251308901,Cairo,1,12082,3902.0
Cairo_y2020.tif,380,0.9,0.3595789473684211,Cairo,1,12122,3902.0
Cairo_y2020.tif,149,1.0,0.4379865771812081,Cairo,1,12085,3902.0
Cairo_y2020.tif,471,0.8704883227176221,0.3230785562632697,Cairo,0,12044,3902.0
Cairo_y2020.tif,1169,0.9016253207869974,0.3591659538066724,Cairo,1,12130,3902.0
Cairo_y2020.tif,189,1.0,0.4069047619047618,Cairo,1,12039,3902.0
Cairo_y2020.tif,186,0.8978494623655914,0.38491935483870965,Cairo,1,12059,3902.0
Cairo_y2020.tif,404,0.9306930693069307,0.3544554455445545,Cairo,0,12086,3902.0
Cairo_y2020.tif,576,1.0,0.42752604166666663,Cairo,1,12138,3902.0
Cairo_y2020.tif,672,0.7797619047619048,0.35572916666666665,Cairo,1,12073,3902.0
Cairo_y2020.tif,797,0.9937264742785445,0.43141781681304897,Cairo,1,12129,3902.0
Cairo_y2020.tif,640,0.9890625,0.40700000000000003,Cairo,1,12169,3902.0
Cairo_y2020.tif,43642,0.020370285504788966,0.031856468539480313,Cairo,0,13004,3902.0
Cairo_y2020.tif,419,0.9809069212410502,0.4149880668257757,Cairo,1,12204,3902.0
Cairo_y2020.tif,960,0.775,0.3195104166666667,Cairo,1,12229,3902.0
Cairo_y2020.tif,656,1.0,0.4249542682926829,Cairo,1,12297,3902.0
Cairo_y2020.tif,195,0.9794871794871794,0.39620512820512815,Cairo,1,12240,3902.0
Cairo_y2020.tif,814,0.547911547911548,0.295460687960688,Cairo,1,12360,3902.0
Cairo_y2020.tif,162,1.0,0.40219135802469136,Cairo,1,12257,3902.0
Cairo_y2020.tif,204,0.9901960784313726,0.4149019607843138,Cairo,1,12274,3902.0
Cairo_y2020.tif,217,1.0,0.41764976958525346,Cairo,1,12290,3902.0
Cairo_y2020.tif,547,1.0,0.421435100548446,Cairo,1,12357,3902.0
Cairo_y2020.tif,243,0.16872427983539096,0.15006172839506174,Cairo,0,12349,3902.0
Cairo_y2020.tif,308,1.0,0.4055357142857142,Cairo,1,12332,3902.0
Cairo_y2020.tif,308,1.0,0.37154220779220776,Cairo,1,12358,3902.0
Cairo_y2020.tif,521,0.9904030710172744,0.41050863723608444,Cairo,1,12325,3902.0
Cairo_y2020.tif,522,0.0,0.019530651340996172,Cairo,0,11684,3902.0
Cairo_y2020.tif,540,0.0,0.03801851851851852,Cairo,0,11726,3902.0
Cairo_y2020.tif,40090,0.005362933399850337,0.016011848341232225,Cairo,0,12304,3902.0
Cairo_y2020.tif,323,0.0,0.03030959752321982,Cairo,0,11752,3902.0
Cairo_y2020.tif,234,0.0,0.021474358974358974,Cairo,0,11773,3902.0
Cairo_y2020.tif,346,0.0,0.034479768786127164,Cairo,0,11818,3902.0
Cairo_y2020.tif,8006,0.0,0.006480764426679991,Cairo,0,12598,3902.0
Cairo_y2020.tif,1003,0.4935194416749751,0.19753240279162512,Cairo,0,12846,3902.0
Cairo_y2020.tif,1062,0.6902071563088512,0.28625706214689267,Cairo,0,13335,3902.0
Cairo_y2020.tif,615,0.9967479674796748,0.36081300813008127,Cairo,1,13428,3902.0
Cairo_y2020.tif,353,1.0,0.41252124645892346,Cairo,1,12055,3902.0
Cairo_y2020.tif,370,1.0,0.40943243243243244,Cairo,1,12071,3902.0
Cairo_y2020.tif,323,1.0,0.3893808049535604,Cairo,1,12091,3902.0
Cairo_y2020.tif,281,1.0,0.4013523131672598,Cairo,1,12103,3902.0
Cairo_y2020.tif,508,1.0,0.40680118110236224,Cairo,1,12092,3902.0
Cairo_y2020.tif,660,1.0,0.41507575757575754,Cairo,1,12148,3902.0
Cairo_y2020.tif,820,1.0,0.4229146341463415,Cairo,1,12123,3902.0
Cairo_y2020.tif,421,1.0,0.42225653206650826,Cairo,1,12136,3902.0
Cairo_y2020.tif,496,1.0,0.44234879032258073,Cairo,1,12250,3902.0
Cairo_y2020.tif,363,1.0,0.4349449035812672,Cairo,1,12276,3902.0
Cairo_y2020.tif,205,0.8780487804878049,0.33139024390243904,Cairo,1,12187,3902.0
Cairo_y2020.tif,878,0.5421412300683371,0.21861047835990888,Cairo,1,12183,3902.0
Cairo_y2020.tif,525,0.9752380952380952,0.37634285714285715,Cairo,1,12199,3902.0
Cairo_y2020.tif,1553,1.0,0.42452672247263357,Cairo,1,12215,3902.0
Cairo_y2020.tif,385,0.9116883116883117,0.3660259740259741,Cairo,1,12208,3902.0
Cairo_y2020.tif,1053,0.7929724596391263,0.3020132953466287,Cairo,1,12214,3902.0
Cairo_y2020.tif,384,0.8802083333333334,0.34963541666666664,Cairo,1,12223,3902.0
Cairo_y2020.tif,204,0.8627450980392157,0.32872549019607844,Cairo,1,12234,3902.0
Cairo_y2020.tif,209,0.8947368421052632,0.3229425837320574,Cairo,1,12231,3902.0
Cairo_y2020.tif,681,0.5594713656387665,0.26535242290748895,Cairo,0,12312,3902.0
Cairo_y2020.tif,396,0.07828282828282829,0.1214267676767677,Cairo,0,12162,3902.0
Cairo_y2020.tif,951,0.28496319663512093,0.11253943217665616,Cairo,0,12194,3902.0
Cairo_y2020.tif,228,0.75,0.2825438596491228,Cairo,1,12242,3902.0
Cairo_y2020.tif,424,0.3490566037735849,0.2253183962264151,Cairo,1,12256,3902.0
Cairo_y2020.tif,737,0.0203527815468114,0.15534599728629578,Cairo,1,12285,3902.0
Cairo_y2020.tif,430,0.46744186046511627,0.18746511627906975,Cairo,1,12253,3902.0
Cairo_y2020.tif,335,0.48656716417910445,0.24537313432835822,Cairo,1,12265,3902.0
Cairo_y2020.tif,498,0.0,0.08382530120481928,Cairo,1,12347,3902.0
Cairo_y2020.tif,576,0.3680555555555556,0.23302951388888887,Cairo,1,12282,3902.0
Cairo_y2020.tif,481,0.3492723492723493,0.14425155925155922,Cairo,0,12351,3902.0
Cairo_y2020.tif,390,1.0,0.4258205128205128,Cairo,1,12258,3902.0
Cairo_y2020.tif,344,1.0,0.4265843023255814,Cairo,1,12261,3902.0
Cairo_y2020.tif,321,1.0,0.38345794392523364,Cairo,1,12301,3902.0
Cairo_y2020.tif,280,0.875,0.33378571428571424,Cairo,1,12305,3902.0
Cairo_y2020.tif,409,1.0,0.42734718826405876,Cairo,1,12263,3902.0
Cairo_y2020.tif,308,0.4772727272727273,0.27027597402597403,Cairo,1,12308,3902.0
Cairo_y2020.tif,294,0.8673469387755102,0.353078231292517,Cairo,1,12219,3902.0
Cairo_y2020.tif,398,1.0,0.42935929648241206,Cairo,1,12273,3902.0
Cairo_y2020.tif,318,0.1918238993710692,0.22861635220125787,Cairo,1,12309,3902.0
Cairo_y2020.tif,288,0.2361111111111111,0.20479166666666665,Cairo,1,12310,3902.0
Cairo_y2020.tif,320,0.75625,0.284265625,Cairo,1,12314,3902.0
Cairo_y2020.tif,254,0.8503937007874016,0.2882677165354331,Cairo,1,12326,3902.0
Cairo_y2020.tif,421,1.0,0.38813539192399044,Cairo,1,12318,3902.0
Cairo_y2020.tif,501,0.9560878243512974,0.3064071856287425,Cairo,1,12323,3902.0
Cairo_y2020.tif,297,0.30976430976430974,0.23223905723905722,Cairo,1,12327,3902.0
Cairo_y2020.tif,862,0.03248259860788863,0.14021461716937356,Cairo,1,12334,3902.0
Cairo_y2020.tif,393,1.0,0.4151653944020356,Cairo,1,12389,3902.0
Cairo_y2020.tif,638,0.9043887147335423,0.36052507836990594,Cairo,1,12400,3902.0
Cairo_y2020.tif,365,1.0,0.4266986301369862,Cairo,1,12408,3902.0
Cairo_y2020.tif,681,1.0,0.3985242290748898,Cairo,1,12418,3902.0
Cairo_y2020.tif,601,1.0,0.4367970049916806,Cairo,1,12331,3902.0
Cairo_y2020.tif,854,1.0,0.42973067915690866,Cairo,1,12336,3902.0
Cairo_y2020.tif,945,1.0,0.45269312169312176,Cairo,1,12320,3902.0
Cairo_y2020.tif,554,1.0,0.43759927797833936,Cairo,1,12271,3902.0
Cairo_y2020.tif,301,1.0,0.43441860465116283,Cairo,1,12335,3902.0
Cairo_y2020.tif,407,1.0,0.42110565110565107,Cairo,1,12321,3902.0
Cairo_y2020.tif,352,1.0,0.4287073863636363,Cairo,1,12363,3902.0
Cairo_y2020.tif,461,1.0,0.4306399132321041,Cairo,1,12374,3902.0
Cairo_y2020.tif,780,1.0,0.4303141025641025,Cairo,1,12409,3902.0
Cairo_y2020.tif,2815,1.0,0.4385222024866785,Cairo,1,12494,3902.0
Cairo_y2020.tif,570,1.0,0.4006578947368421,Cairo,1,12365,3902.0
Cairo_y2020.tif,953,1.0,0.4232318992654775,Cairo,1,12344,3902.0
Cairo_y2020.tif,535,1.0,0.44946728971962624,Cairo,1,12419,3902.0
Cairo_y2020.tif,541,0.9426987060998152,0.3683641404805915,Cairo,1,12422,3902.0
Cairo_y2020.tif,569,1.0,0.36990333919156415,Cairo,1,12428,3902.0
Cairo_y2020.tif,700,1.0,0.3798214285714286,Cairo,1,12455,3902.0
Cairo_y2020.tif,1125,1.0,0.4113955555555556,Cairo,1,12466,3902.0
Cairo_y2020.tif,520,0.8288461538461539,0.2911346153846154,Cairo,0,12463,3902.0
Cairo_y2020.tif,295,1.0,0.3596440677966102,Cairo,0,12475,3902.0
Cairo_y2020.tif,963,0.7497403946002077,0.3364434060228453,Cairo,1,12486,3902.0
Cairo_y2020.tif,432,1.0,0.4125925925925926,Cairo,1,12426,3902.0
Cairo_y2020.tif,554,0.08844765342960288,0.1407942238267148,Cairo,0,12468,3902.0
Cairo_y2020.tif,641,0.7675507020280812,0.31226989079563183,Cairo,1,12507,3902.0
Cairo_y2020.tif,518,1.0,0.3958783783783784,Cairo,1,12490,3902.0
Cairo_y2020.tif,425,1.0,0.3681882352941177,Cairo,1,12471,3902.0
Cairo_y2020.tif,947,0.9841605068637803,0.33763463569165786,Cairo,0,12530,3902.0
Cairo_y2020.tif,399,0.9974937343358395,0.37053884711779456,Cairo,1,12572,3902.0
Cairo_y2020.tif,402,1.0,0.40582089552238804,Cairo,1,12535,3902.0
Cairo_y2020.tif,376,0.976063829787234,0.34575797872340425,Cairo,1,12502,3902.0
Cairo_y2020.tif,1509,0.9058979456593771,0.36295228628230614,Cairo,1,12616,3902.0
Cairo_y2020.tif,519,0.06551059730250482,0.1777071290944123,Cairo,1,12511,3902.0
Cairo_y2020.tif,791,0.7774968394437421,0.3186978508217447,Cairo,1,12513,3902.0
Cairo_y2020.tif,203,0.0,0.17150246305418718,Cairo,1,12508,3902.0
Cairo_y2020.tif,220,0.0,0.16795454545454547,Cairo,0,12546,3902.0
Cairo_y2020.tif,473,0.05496828752642706,0.20857293868921775,Cairo,1,12562,3902.0
Cairo_y2020.tif,590,0.07627118644067797,0.1930847457627119,Cairo,0,12559,3902.0
Cairo_y2020.tif,661,0.6580937972768532,0.27505295007564295,Cairo,1,12580,3902.0
Cairo_y2020.tif,946,0.14059196617336153,0.21429175475687107,Cairo,1,12576,3902.0
Cairo_y2020.tif,658,0.9574468085106383,0.3199544072948328,Cairo,0,12613,3902.0
Cairo_y2020.tif,292,1.0,0.32573630136986303,Cairo,1,12591,3902.0
Cairo_y2020.tif,1024,1.0,0.3978271484375,Cairo,1,12458,3902.0
Cairo_y2020.tif,342,1.0,0.4154824561403509,Cairo,1,12524,3902.0
Cairo_y2020.tif,377,1.0,0.36527851458885946,Cairo,1,12531,3902.0
Cairo_y2020.tif,370,0.9972972972972973,0.33070270270270274,Cairo,1,12532,3902.0
Cairo_y2020.tif,570,0.9912280701754386,0.39075438596491224,Cairo,1,12533,3902.0
Cairo_y2020.tif,380,1.0,0.3697763157894737,Cairo,1,12551,3902.0
Cairo_y2020.tif,545,1.0,0.4110275229357798,Cairo,1,12557,3902.0
Cairo_y2020.tif,617,0.9124797406807131,0.3590113452188006,Cairo,1,12595,3902.0
Cairo_y2020.tif,417,1.0,0.38300959232613907,Cairo,1,12597,3902.0
Cairo_y2020.tif,394,1.0,0.4151269035532995,Cairo,1,12679,3902.0
Cairo_y2020.tif,374,0.0,0.06421122994652406,Cairo,0,11532,3902.0
Cairo_y2020.tif,572,0.0,0.02554195804195804,Cairo,1,11540,3902.0
Cairo_y2020.tif,552,0.10326086956521739,0.14240942028985507,Cairo,0,11578,3902.0
Cairo_y2020.tif,730,0.0,0.028089041095890416,Cairo,0,11693,3902.0
Cairo_y2020.tif,511,0.0,0.06548923679060666,Cairo,0,11642,3902.0
Cairo_y2020.tif,823,0.15795868772782504,0.17110571081409476,Cairo,1,11618,3902.0
Cairo_y2020.tif,305,0.003278688524590164,0.10824590163934426,Cairo,1,11694,3902.0
Cairo_y2020.tif,1211,0.03963666391412056,0.09091246903385632,Cairo,0,11739,3902.0
Cairo_y2020.tif,9812,0.09824704443538525,0.07370311863024867,Cairo,0,12163,3902.0
Cairo_y2020.tif,639,0.5383411580594679,0.1918075117370892,Cairo,0,12164,3902.0
Cairo_y2020.tif,1066,0.575984990619137,0.24498592870544092,Cairo,1,12330,3902.0
Cairo_y2020.tif,543,1.0,0.34484346224677714,Cairo,1,12356,3902.0
Cairo_y2020.tif,1035,0.8975845410628019,0.32971014492753625,Cairo,1,12375,3902.0
Cairo_y2020.tif,443,1.0,0.34193002257336336,Cairo,1,12369,3902.0
Cairo_y2020.tif,366,0.8879781420765027,0.28136612021857926,Cairo,0,12452,3902.0
Cairo_y2020.tif,572,0.9405594405594405,0.3790646853146853,Cairo,1,12462,3902.0
Cairo_y2020.tif,436,0.7889908256880734,0.34702981651376147,Cairo,1,12483,3902.0
Cairo_y2020.tif,788,0.8972081218274112,0.3649302030456853,Cairo,0,12514,3902.0
Cairo_y2020.tif,278,0.9964028776978417,0.3866007194244604,Cairo,1,12522,3902.0
Cairo_y2020.tif,1613,0.15623062616243025,0.14857718536887787,Cairo,0,12525,3902.0
Cairo_y2020.tif,1700,0.5288235294117647,0.17843823529411768,Cairo,0,12262,3902.0
Cairo_y2020.tif,558,1.0,0.3359139784946237,Cairo,0,12228,3902.0
Cairo_y2020.tif,901,0.6981132075471698,0.2887180910099889,Cairo,1,12387,3902.0
Cairo_y2020.tif,539,0.5250463821892394,0.23308905380333952,Cairo,0,12429,3902.0
Cairo_y2020.tif,513,0.0,0.08604288499025341,Cairo,0,12545,3902.0
Cairo_y2020.tif,416,0.03365384615384615,0.14998798076923078,Cairo,1,12553,3902.0
Cairo_y2020.tif,3081,0.027263875365141188,0.09129341123012011,Cairo,0,12621,3902.0
Cairo_y2020.tif,651,0.0,0.05704301075268818,Cairo,0,12644,3902.0
Cairo_y2020.tif,5139,0.10605176104300447,0.09740221833041449,Cairo,0,12815,3902.0
Cairo_y2020.tif,860,0.21976744186046512,0.19325581395348837,Cairo,1,12869,3902.0
Cairo_y2020.tif,308,0.2564935064935065,0.19858766233766237,Cairo,1,11862,3902.0
Cairo_y2020.tif,1418,0.8039492242595204,0.25413258110014103,Cairo,0,11965,3902.0
Cairo_y2020.tif,3118,0.03784477228992944,0.05718729955099424,Cairo,0,12112,3902.0
Cairo_y2020.tif,14425,0.10294627383015598,0.05698925476603119,Cairo,0,12437,3902.0
Cairo_y2020.tif,3566,0.0,0.00870863712843522,Cairo,0,12642,3902.0
Cairo_y2020.tif,24979,0.0,0.0018715721205812882,Cairo,0,12783,3902.0
Cairo_y2020.tif,1577,0.3684210526315789,0.13668040583386176,Cairo,0,13009,3902.0
Cairo_y2020.tif,2465,0.006896551724137931,0.0283448275862069,Cairo,0,13272,3902.0
Cairo_y2020.tif,20569,0.021148330011181875,0.010664592347707716,Cairo,0,13609,3902.0
Cairo_y2020.tif,4168,0.005038387715930902,0.0035616602687140115,Cairo,0,13478,3902.0
Cairo_y2020.tif,1152,0.0,0.045386284722222225,Cairo,0,12798,3902.0
Cairo_y2020.tif,1744,0.275802752293578,0.1628870412844037,Cairo,0,12840,3902.0
Cairo_y2020.tif,495,0.23434343434343435,0.1860909090909091,Cairo,1,12859,3902.0
Cairo_y2020.tif,473,0.1416490486257928,0.10751585623678647,Cairo,1,12819,3902.0
Cairo_y2020.tif,278,0.07913669064748201,0.10584532374100719,Cairo,1,12828,3902.0
Cairo_y2020.tif,271,0.44280442804428044,0.2051660516605166,Cairo,1,12837,3902.0
Cairo_y2020.tif,1232,0.2573051948051948,0.11524756493506495,Cairo,0,12993,3902.0
Cairo_y2020.tif,423,0.40189125295508277,0.24131205673758868,Cairo,1,12862,3902.0
Cairo_y2020.tif,340,0.9764705882352941,0.3663676470588235,Cairo,1,12890,3902.0
Cairo_y2020.tif,333,0.8018018018018018,0.3423273273273273,Cairo,1,12873,3902.0
Cairo_y2020.tif,371,0.0,0.08753369272237195,Cairo,0,12827,3902.0
Cairo_y2020.tif,761,0.24310118265440211,0.19990801576872536,Cairo,1,12898,3902.0
Cairo_y2020.tif,435,0.12873563218390804,0.11802298850574712,Cairo,1,12851,3902.0
Cairo_y2020.tif,866,0.3117782909930716,0.21730369515011547,Cairo,1,12918,3902.0
Cairo_y2020.tif,626,0.04952076677316294,0.1030111821086262,Cairo,0,12876,3902.0
Cairo_y2020.tif,605,0.2115702479338843,0.16297520661157025,Cairo,1,12893,3902.0
Cairo_y2020.tif,613,0.5057096247960848,0.25163132137030997,Cairo,1,12927,3902.0
Cairo_y2020.tif,1477,0.929587000677048,0.30373053486797563,Cairo,1,12955,3902.0
Cairo_y2020.tif,923,0.7551462621885157,0.2794257854821235,Cairo,0,13003,3902.0
Cairo_y2020.tif,338,0.8372781065088757,0.30823964497041423,Cairo,0,13020,3902.0
Cairo_y2020.tif,497,1.0,0.4,Cairo,1,12896,3902.0
Cairo_y2020.tif,342,1.0,0.4135672514619883,Cairo,1,12917,3902.0
Cairo_y2020.tif,392,1.0,0.4226658163265306,Cairo,1,12909,3902.0
Cairo_y2020.tif,506,1.0,0.39583003952569173,Cairo,1,12977,3902.0
Cairo_y2020.tif,293,1.0,0.4026621160409556,Cairo,1,12947,3902.0
Cairo_y2020.tif,1138,1.0,0.4292355008787346,Cairo,1,12991,3902.0
Cairo_y2020.tif,473,1.0,0.38694503171247363,Cairo,1,12976,3902.0
Cairo_y2020.tif,411,1.0,0.42147201946472024,Cairo,1,12995,3902.0
Cairo_y2020.tif,967,0.3474663908996898,0.23587383660806618,Cairo,1,13053,3902.0
Cairo_y2020.tif,1372,0.674198250728863,0.2979008746355685,Cairo,1,13019,3902.0
Cairo_y2020.tif,670,0.7119402985074627,0.26420895522388055,Cairo,1,13038,3902.0
Cairo_y2020.tif,865,1.0,0.381300578034682,Cairo,1,13042,3902.0
Cairo_y2020.tif,737,0.5481682496607869,0.18727272727272726,Cairo,0,13066,3902.0
Cairo_y2020.tif,429,0.31934731934731936,0.1529254079254079,Cairo,0,13078,3902.0
Cairo_y2020.tif,327,0.6850152905198776,0.2438379204892966,Cairo,1,13090,3902.0
Cairo_y2020.tif,457,0.8949671772428884,0.2650984682713348,Cairo,1,13110,3902.0
Cairo_y2020.tif,1169,0.2994011976047904,0.1522540633019675,Cairo,0,13133,3902.0
Cairo_y2020.tif,454,0.9405286343612335,0.2672577092511013,Cairo,0,13121,3902.0
Cairo_y2020.tif,816,0.3762254901960784,0.1454718137254902,Cairo,0,13153,3902.0
Cairo_y2020.tif,1161,0.02153316106804479,0.10220499569336779,Cairo,0,13195,3902.0
Cairo_y2020.tif,1395,0.4845878136200717,0.21197849462365595,Cairo,0,13123,3902.0
Cairo_y2020.tif,598,0.26421404682274247,0.19996655518394651,Cairo,0,13128,3902.0
Cairo_y2020.tif,845,0.2650887573964497,0.20501775147928994,Cairo,0,13112,3902.0
Cairo_y2020.tif,387,0.082687338501292,0.21950904392764856,Cairo,1,13124,3902.0
Cairo_y2020.tif,1252,0.01597444089456869,0.06249201277955272,Cairo,0,13203,3902.0
Cairo_y2020.tif,1406,0.19203413940256045,0.08279516358463727,Cairo,0,13531,3902.0
Cairo_y2020.tif,3833,0.08713801200104357,0.040183929037307595,Cairo,0,13424,3902.0
Cairo_y2020.tif,1984,0.36743951612903225,0.13444808467741937,Cairo,0,13408,3902.0
Cairo_y2020.tif,1050,0.1295238095238095,0.0712904761904762,Cairo,0,13523,3902.0
Cairo_y2020.tif,5359,0.08247807426758724,0.05971449897368912,Cairo,0,13727,3902.0
Cairo_y2020.tif,829,0.25211097708082025,0.15182147165259346,Cairo,0,13250,3902.0
Cairo_y2020.tif,1342,0.007451564828614009,0.09100223546944858,Cairo,0,13329,3902.0
Cairo_y2020.tif,4940,0.0562753036437247,0.048783400809716604,Cairo,0,13540,3902.0
Cairo_y2020.tif,987,0.7872340425531915,0.23495947315096252,Cairo,0,13608,3902.0
Cairo_y2020.tif,2263,0.5320371188687583,0.20093239063190454,Cairo,0,13753,3902.0
Cairo_y2020.tif,614,0.3713355048859935,0.1700325732899023,Cairo,0,13780,3902.0
Cairo_y2020.tif,4568,0.09588441330998249,0.05564579684763572,Cairo,0,14029,3902.0
Cairo_y2020.tif,1097,0.49407474931631723,0.18914767547857794,Cairo,0,13982,3902.0
Cairo_y2020.tif,694,0.930835734870317,0.2823054755043228,Cairo,0,13940,3902.0
Cairo_y2020.tif,3842,0.07834461218115565,0.08876756897449245,Cairo,0,14172,3902.0
Cairo_y2020.tif,210,0.18095238095238095,0.20226190476190473,Cairo,1,11783,3902.0
Cairo_y2020.tif,47496,0.012169445848071416,0.011989220144854302,Cairo,0,13014,3902.0
Cairo_y2020.tif,2607,0.37744533947065595,0.17967970847717685,Cairo,0,12488,3902.0
Cairo_y2020.tif,1838,0.3585418933623504,0.1692954298150163,Cairo,0,12504,3902.0
Cairo_y2020.tif,1934,0.09617373319544985,0.09962512926577043,Cairo,0,12565,3902.0
Cairo_y2020.tif,1257,0.8249801113762928,0.31301909307875897,Cairo,0,12592,3902.0
Cairo_y2020.tif,685,0.7372262773722628,0.2441824817518248,Cairo,0,12641,3902.0
Cairo_y2020.tif,3593,0.06623991093793487,0.07716949624269413,Cairo,0,12675,3902.0
Cairo_y2020.tif,738,0.9132791327913279,0.30821138211382115,Cairo,0,12639,3902.0
Cairo_y2020.tif,6007,0.25153987015148993,0.11053604128516731,Cairo,0,12774,3902.0
Cairo_y2020.tif,447,0.0,0.02936241610738256,Cairo,0,12236,3902.0
Cairo_y2020.tif,760,0.0,0.02810526315789474,Cairo,0,12300,3902.0
Cairo_y2020.tif,404,0.0,0.022636138613861385,Cairo,0,12299,3902.0
Cairo_y2020.tif,322,0.0,0.02616459627329193,Cairo,0,12298,3902.0
Cairo_y2020.tif,198,0.0,0.02578282828282828,Cairo,0,12296,3902.0
Cairo_y2020.tif,818,0.0,0.028325183374083133,Cairo,0,12378,3902.0
Cairo_y2020.tif,3109,0.0,0.02168703763267932,Cairo,0,12399,3902.0
Cairo_y2020.tif,318,0.0,0.029402515723270444,Cairo,0,12371,3902.0
Cairo_y2020.tif,380,0.0,0.03781578947368421,Cairo,0,12403,3902.0
Cairo_y2020.tif,4561,0.0,0.02798618723964043,Cairo,0,12590,3902.0
Cairo_y2020.tif,4820,0.3016597510373444,0.13951970954356843,Cairo,0,12826,3902.0
Cairo_y2020.tif,471,0.28662420382165604,0.13447983014861997,Cairo,0,12850,3902.0
Cairo_y2020.tif,2457,0.008954008954008955,0.05074277574277575,Cairo,0,12913,3902.0
Cairo_y2020.tif,1217,0.257189811010682,0.11950698438783895,Cairo,0,12902,3902.0
Cairo_y2020.tif,2397,0.0,0.0,Cairo,0,12922,3902.0
Cairo_y2020.tif,2353,0.0,0.039912877178070544,Cairo,0,12956,3902.0
Cairo_y2020.tif,2542,0.1935483870967742,0.08581038552321008,Cairo,0,12994,3902.0
Cairo_y2020.tif,2088,0.09770114942528736,0.06182471264367816,Cairo,0,13051,3902.0
Cairo_y2020.tif,4211,0.05010686297791499,0.026017573023034906,Cairo,0,13093,3902.0
Cairo_y2020.tif,2641,0.23173040514956456,0.10489208633093525,Cairo,0,13122,3902.0
Cairo_y2020.tif,2279,0.12286090390522159,0.07912900394910048,Cairo,0,13182,3902.0
Cairo_y2020.tif,6420,0.0009345794392523365,0.00045872274143302186,Cairo,0,13205,3902.0
Cairo_y2020.tif,1217,0.0714872637633525,0.08213229252259655,Cairo,0,13214,3902.0
Cairo_y2020.tif,4755,0.4376445846477392,0.20107255520504733,Cairo,0,13312,3902.0
Cairo_y2020.tif,636,0.42452830188679247,0.22248427672955975,Cairo,0,13402,3902.0
Cairo_y2020.tif,365,1.0,0.42252054794520555,Cairo,1,13372,3902.0
Cairo_y2020.tif,494,1.0,0.41462550607287446,Cairo,1,13364,3902.0
Cairo_y2020.tif,5738,0.37469501568490765,0.14464621819449286,Cairo,0,13700,3902.0
Cairo_y2020.tif,481,1.0,0.4356548856548857,Cairo,1,13438,3902.0
Cairo_y2020.tif,5951,0.0,0.0,Cairo,0,13665,3902.0
Cairo_y2020.tif,594,0.0016835016835016834,0.09414141414141415,Cairo,1,12856,3902.0
Cairo_y2020.tif,503,0.015904572564612324,0.07864811133200796,Cairo,1,12868,3902.0
Cairo_y2020.tif,3314,0.0,0.0,Cairo,0,12998,3902.0
Cairo_y2020.tif,11072,0.0,0.0,Cairo,0,13336,3902.0
Cairo_y2020.tif,143579,0.028395517450323517,0.01442662227763113,Cairo,0,15118,3902.0
Cairo_y2020.tif,448,1.0,0.37665178571428576,Cairo,0,15028,3902.0
Cairo_y2020.tif,940,0.9436170212765957,0.3098829787234042,Cairo,0,15123,3902.0
Cairo_y2020.tif,488,0.9979508196721312,0.4010348360655737,Cairo,0,15166,3902.0
Cairo_y2020.tif,1981,0.9994952044422009,0.40552246340232206,Cairo,1,15224,3902.0
Cairo_y2020.tif,1159,0.998274374460742,0.4307549611734254,Cairo,1,15211,3902.0
Cairo_y2020.tif,292,0.7157534246575342,0.2576027397260274,Cairo,1,13366,3902.0
Cairo_y2020.tif,718,0.9735376044568245,0.35766713091922014,Cairo,1,13473,3902.0
Cairo_y2020.tif,214,0.07476635514018691,0.17065420560747666,Cairo,0,13585,3902.0
Cairo_y2020.tif,164,0.0,0.08719512195121952,Cairo,0,13620,3902.0
Cairo_y2020.tif,205,0.0,0.04185365853658537,Cairo,0,13668,3902.0
Cairo_y2020.tif,143,0.0,0.1118181818181818,Cairo,0,13662,3902.0
Cairo_y2020.tif,211,0.0,0.032772511848341235,Cairo,1,13708,3902.0
Cairo_y2020.tif,179,0.0,0.0714804469273743,Cairo,0,13706,3902.0
Cairo_y2020.tif,160,0.0,0.033875,Cairo,0,13742,3902.0
Cairo_y2020.tif,318,0.0,0.04938679245283018,Cairo,1,13746,3902.0
Cairo_y2020.tif,378,0.0,0.14399470899470898,Cairo,1,13449,3902.0
Cairo_y2020.tif,495,0.0,0.13215151515151513,Cairo,1,13519,3902.0
Cairo_y2020.tif,440,0.4954545454545455,0.239,Cairo,1,13538,3902.0
Cairo_y2020.tif,1609,0.0689869484151647,0.15372902423865756,Cairo,0,13644,3902.0
Cairo_y2020.tif,365,0.10410958904109589,0.17167123287671232,Cairo,1,13628,3902.0
Cairo_y2020.tif,2084,0.01199616122840691,0.09161708253358927,Cairo,1,13825,3902.0
Cairo_y2020.tif,209,0.0,0.18239234449760763,Cairo,0,13692,3902.0
Cairo_y2020.tif,237,0.0,0.1342405063291139,Cairo,0,13728,3902.0
Cairo_y2020.tif,2238,0.0,0.03623994638069705,Cairo,0,13942,3902.0
Cairo_y2020.tif,1293,0.36272235112142304,0.2203866976024749,Cairo,1,14019,3902.0
Cairo_y2020.tif,359,1.0,0.4331894150417827,Cairo,1,13472,3902.0
Cairo_y2020.tif,2436,0.22167487684729065,0.11874794745484402,Cairo,0,13666,3902.0
Cairo_y2020.tif,1013,0.7798617966436328,0.29708292201382025,Cairo,1,13659,3902.0
Cairo_y2020.tif,52242,0.13812641169939896,0.06746401362888098,Cairo,0,15455,3902.0
Cairo_y2020.tif,26642,0.016477741911267923,0.008255386232264844,Cairo,0,14279,3902.0
Cairo_y2020.tif,3720,0.22204301075268817,0.1338978494623656,Cairo,0,14823,3902.0
Cairo_y2020.tif,1231,0.7327376116978067,0.2780625507717303,Cairo,1,14754,3902.0
Cairo_y2020.tif,1120,0.47946428571428573,0.2059285714285714,Cairo,0,15031,3902.0
Cairo_y2020.tif,433,1.0,0.42219399538106234,Cairo,1,14790,3902.0
Cairo_y2020.tif,721,0.3925104022191401,0.1967614424410541,Cairo,1,14851,3902.0
Cairo_y2020.tif,332,0.0,0.05364457831325302,Cairo,0,13852,3902.0
Cairo_y2020.tif,6672,0.09892086330935251,0.08283348321342925,Cairo,0,14243,3902.0
Cairo_y2020.tif,1262,0.00792393026941363,0.07181458003169572,Cairo,1,13996,3902.0
Cairo_y2020.tif,441,0.49206349206349204,0.23386621315192746,Cairo,0,14027,3902.0
Cairo_y2020.tif,1051,0.43101807802093245,0.20717411988582302,Cairo,1,14150,3902.0
Cairo_y2020.tif,410,1.0,0.40797560975609753,Cairo,1,14102,3902.0
Cairo_y2020.tif,442,0.8257918552036199,0.30868778280542986,Cairo,0,14151,3902.0
Cairo_y2020.tif,213,1.0,0.4428638497652583,Cairo,1,14208,3902.0
Cairo_y2020.tif,143,1.0,0.3816783216783217,Cairo,1,14198,3902.0
Cairo_y2020.tif,145,1.0,0.4179655172413793,Cairo,1,14219,3902.0
Cairo_y2020.tif,1256,0.928343949044586,0.3888495222929937,Cairo,1,14056,3902.0
Cairo_y2020.tif,504,0.5337301587301587,0.2568452380952381,Cairo,1,14174,3902.0
Cairo_y2020.tif,16815,0.17401129943502824,0.12444692239072255,Cairo,0,15208,3902.0
Cairo_y2020.tif,1097,0.09115770282588878,0.16711485870556061,Cairo,0,14164,3902.0
Cairo_y2020.tif,317,0.39747634069400634,0.19518927444794953,Cairo,1,14268,3902.0
Cairo_y2020.tif,433,0.09237875288683603,0.19909930715935337,Cairo,0,14271,3902.0
Cairo_y2020.tif,368,0.875,0.29838315217391304,Cairo,1,14321,3902.0
Cairo_y2020.tif,497,0.9416498993963782,0.34504024144869216,Cairo,1,14390,3902.0
Cairo_y2020.tif,301,1.0,0.3943189368770764,Cairo,1,14393,3902.0
Cairo_y2020.tif,730,0.31917808219178084,0.2289178082191781,Cairo,0,14436,3902.0
Cairo_y2020.tif,480,0.9395833333333333,0.38584375,Cairo,1,12608,3902.0
Cairo_y2020.tif,480,0.5958333333333333,0.3029895833333333,Cairo,1,12620,3902.0
Cairo_y2020.tif,810,1.0,0.39889506172839506,Cairo,1,12602,3902.0
Cairo_y2020.tif,510,0.8490196078431372,0.35483333333333333,Cairo,1,12611,3902.0
Cairo_y2020.tif,425,1.0,0.3828235294117647,Cairo,1,12604,3902.0
Cairo_y2020.tif,804,0.736318407960199,0.3085509950248756,Cairo,1,12659,3902.0
Cairo_y2020.tif,379,0.10817941952506596,0.21580474934036942,Cairo,1,12669,3902.0
Cairo_y2020.tif,371,0.005390835579514825,0.1972102425876011,Cairo,1,12683,3902.0
Cairo_y2020.tif,226,0.0,0.15865044247787613,Cairo,1,12712,3902.0
Cairo_y2020.tif,432,0.0,0.13936342592592593,Cairo,0,12705,3902.0
Cairo_y2020.tif,743,0.05787348586810229,0.0697913862718708,Cairo,0,12629,3902.0
Cairo_y2020.tif,2810,0.2857651245551601,0.15155693950177937,Cairo,0,12634,3902.0
Cairo_y2020.tif,583,0.11663807890222985,0.15726415094339624,Cairo,0,12627,3902.0
Cairo_y2020.tif,400,0.2775,0.1761,Cairo,1,12624,3902.0
Cairo_y2020.tif,348,0.005747126436781609,0.12028735632183908,Cairo,0,12636,3902.0
Cairo_y2020.tif,489,0.0,0.07006134969325155,Cairo,0,12646,3902.0
Cairo_y2020.tif,2006,0.06181455633100698,0.05705134596211366,Cairo,0,12767,3902.0
Cairo_y2020.tif,645,0.22170542635658916,0.17008527131782947,Cairo,0,12782,3902.0
Cairo_y2020.tif,311,0.0,0.1322025723472669,Cairo,0,12786,3902.0
Cairo_y2020.tif,308,0.0,0.11569805194805197,Cairo,0,12790,3902.0
Cairo_y2020.tif,259,1.0,0.4112548262548262,Cairo,1,12676,3902.0
Cairo_y2020.tif,439,1.0,0.4127448747152619,Cairo,1,12673,3902.0
Cairo_y2020.tif,475,0.9284210526315789,0.3021473684210526,Cairo,0,12667,3902.0
Cairo_y2020.tif,541,0.1977818853974122,0.23466728280961183,Cairo,1,12735,3902.0
Cairo_y2020.tif,301,0.22259136212624583,0.2375913621262459,Cairo,1,12741,3902.0
Cairo_y2020.tif,352,0.9914772727272727,0.3711931818181819,Cairo,1,12687,3902.0
Cairo_y2020.tif,374,0.32620320855614976,0.2540775401069519,Cairo,1,12746,3902.0
Cairo_y2020.tif,466,0.6416309012875536,0.3010944206008584,Cairo,0,12749,3902.0
Cairo_y2020.tif,519,0.5761078998073218,0.30463391136801543,Cairo,1,12755,3902.0
Cairo_y2020.tif,197,0.9238578680203046,0.3760152284263959,Cairo,1,12694,3902.0
Cairo_y2020.tif,293,0.5597269624573379,0.2811092150170648,Cairo,1,12578,3902.0
Cairo_y2020.tif,258,1.0,0.35916666666666663,Cairo,0,12607,3902.0
Cairo_y2020.tif,813,0.7207872078720787,0.28710332103321035,Cairo,1,12631,3902.0
Cairo_y2020.tif,443,0.5327313769751693,0.24146726862302484,Cairo,0,12653,3902.0
Cairo_y2020.tif,460,0.34782608695652173,0.19135869565217392,Cairo,1,12650,3902.0
Cairo_y2020.tif,2649,0.04794261985654964,0.08944318610796527,Cairo,0,12800,3902.0
Cairo_y2020.tif,257,0.26459143968871596,0.19075875486381325,Cairo,1,12808,3902.0
Cairo_y2020.tif,336,0.25892857142857145,0.18888392857142858,Cairo,1,12817,3902.0
Cairo_y2020.tif,340,0.12352941176470589,0.1821764705882353,Cairo,1,12824,3902.0
Cairo_y2020.tif,626,0.01597444089456869,0.1459584664536741,Cairo,0,12841,3902.0
Cairo_y2020.tif,205,0.02926829268292683,0.18102439024390243,Cairo,1,12723,3902.0
Cairo_y2020.tif,299,0.05016722408026756,0.19563545150501674,Cairo,1,12730,3902.0
Cairo_y2020.tif,227,0.004405286343612335,0.1814977973568282,Cairo,1,12719,3902.0
Cairo_y2020.tif,320,0.284375,0.22271875000000002,Cairo,1,12716,3902.0
Cairo_y2020.tif,786,0.5356234096692112,0.21611323155216286,Cairo,0,12773,3902.0
Cairo_y2020.tif,204,0.6764705882352942,0.2946078431372549,Cairo,1,12745,3902.0
Cairo_y2020.tif,501,0.1317365269461078,0.1802994011976048,Cairo,1,12764,3902.0
Cairo_y2020.tif,197,0.0,0.10428934010152285,Cairo,1,12823,3902.0
Cairo_y2020.tif,1912,0.41370292887029286,0.18681746861924686,Cairo,0,12834,3902.0
Cairo_y2020.tif,662,0.0,0.06355740181268882,Cairo,1,12899,3902.0
Cairo_y2020.tif,193,0.0,0.09981865284974094,Cairo,1,12780,3902.0
Cairo_y2020.tif,184,0.0,0.08570652173913042,Cairo,1,12784,3902.0
Cairo_y2020.tif,3250,0.03446153846153846,0.09255846153846156,Cairo,0,12861,3902.0
Cairo_y2020.tif,370,0.0,0.07760810810810811,Cairo,1,12793,3902.0
Cairo_y2020.tif,487,0.02053388090349076,0.16100616016427105,Cairo,1,12804,3902.0
Cairo_y2020.tif,443,0.06997742663656885,0.1500451467268623,Cairo,0,12847,3902.0
Cairo_y2020.tif,2805,0.00035650623885918,0.04278787878787879,Cairo,0,13008,3902.0
Cairo_y2020.tif,4000,0.18375,0.12873250000000003,Cairo,0,12973,3902.0
Cairo_y2020.tif,1493,0.0,0.04889149363697254,Cairo,0,13025,3902.0
Cairo_y2020.tif,984,0.0,0.04170731707317074,Cairo,0,13015,3902.0
Cairo_y2020.tif,376,0.0,0.07371010638297873,Cairo,0,12906,3902.0
Cairo_y2020.tif,558,0.0,0.07025985663082439,Cairo,0,12926,3902.0
Cairo_y2020.tif,571,0.0,0.08767950963222416,Cairo,1,12936,3902.0
Cairo_y2020.tif,420,0.17142857142857143,0.16885714285714287,Cairo,1,12900,3902.0
Cairo_y2020.tif,690,0.0,0.12147101449275362,Cairo,1,12957,3902.0
Cairo_y2020.tif,295,0.5966101694915255,0.21361016949152542,Cairo,0,12921,3902.0
Cairo_y2020.tif,449,0.1358574610244989,0.10982182628062362,Cairo,0,12942,3902.0
Cairo_y2020.tif,368,0.5679347826086957,0.1784239130434783,Cairo,0,12958,3902.0
Cairo_y2020.tif,938,0.08742004264392324,0.09905650319829423,Cairo,0,12966,3902.0
Cairo_y2020.tif,890,0.401123595505618,0.20986516853932585,Cairo,0,13061,3902.0
Cairo_y2020.tif,1166,0.09862778730703259,0.07572469982847342,Cairo,0,13039,3902.0
Cairo_y2020.tif,892,0.07286995515695067,0.0816311659192825,Cairo,0,13083,3902.0
Cairo_y2020.tif,821,0.36784409257003653,0.14699147381242386,Cairo,0,13092,3902.0
Cairo_y2020.tif,1356,0.47271386430678464,0.18784660766961653,Cairo,0,13242,3902.0
Cairo_y2020.tif,4119,0.333818888079631,0.16365015780529255,Cairo,0,13357,3902.0
Cairo_y2020.tif,1668,0.004196642685851319,0.03279076738609113,Cairo,0,13325,3902.0
Cairo_y2020.tif,1178,0.0,0.023242784380305602,Cairo,0,13539,3902.0
Cairo_y2020.tif,1826,0.35213581599123767,0.15083515881708653,Cairo,0,13365,3902.0
Cairo_y2020.tif,678,0.8657817109144543,0.26331858407079645,Cairo,0,13422,3902.0
Cairo_y2020.tif,2742,0.18599562363238512,0.09086980306345734,Cairo,0,13593,3902.0
Cairo_y2020.tif,1288,0.9130434782608695,0.29875388198757763,Cairo,0,13149,3902.0
Cairo_y2020.tif,1956,0.4376278118609407,0.1814391615541922,Cairo,0,13505,3902.0
Cairo_y2020.tif,968,0.3884297520661157,0.16822314049586778,Cairo,0,13469,3902.0
Cairo_y2020.tif,1023,0.8660801564027371,0.2749657869012707,Cairo,0,13550,3902.0
Cairo_y2020.tif,617,0.6888168557536467,0.2442382495948136,Cairo,1,13618,3902.0
Cairo_y2020.tif,33907,0.028666647005043205,0.02746556758191524,Cairo,0,14394,3902.0
Cairo_y2020.tif,711,1.0,0.4462939521800282,Cairo,1,15458,3902.0
Cairo_y2020.tif,730,1.0,0.410013698630137,Cairo,1,15473,3902.0
Cairo_y2020.tif,764,1.0,0.4187041884816754,Cairo,1,15529,3902.0
Cairo_y2020.tif,699,0.9842632331902719,0.37875536480686695,Cairo,0,15488,3902.0
Cairo_y2020.tif,1020,0.14607843137254903,0.09952450980392158,Cairo,0,13597,3902.0
Cairo_y2020.tif,3036,0.2743741765480896,0.14969038208168645,Cairo,0,13809,3902.0
Cairo_y2020.tif,680,0.014705882352941176,0.1031544117647059,Cairo,0,13738,3902.0
Cairo_y2020.tif,860,0.16744186046511628,0.14966279069767444,Cairo,0,13871,3902.0
Cairo_y2020.tif,6724,0.002379535990481856,0.028831052944675792,Cairo,0,14057,3902.0
Cairo_y2020.tif,1056,0.9990530303030303,0.3551799242424242,Cairo,1,15510,3902.0
Cairo_y2020.tif,2021,0.553686293913904,0.24197921820880752,Cairo,0,15571,3902.0
Cairo_y2020.tif,609,0.986863711001642,0.3373152709359606,Cairo,1,15642,3902.0
Cairo_y2020.tif,433,0.2586605080831409,0.1650346420323326,Cairo,0,15672,3902.0
Cairo_y2020.tif,892,0.875560538116592,0.3486715246636771,Cairo,1,15660,3902.0
Cairo_y2020.tif,417,0.42685851318944845,0.21964028776978417,Cairo,1,11771,3902.0
Cairo_y2020.tif,396,0.27525252525252525,0.21073232323232324,Cairo,1,11766,3902.0
Cairo_y2020.tif,1107,0.24841915085817526,0.16275519421860887,Cairo,0,11758,3902.0
Cairo_y2020.tif,595,0.7764705882352941,0.2521596638655463,Cairo,0,11746,3902.0
Cairo_y2020.tif,7463,0.19402385099825809,0.07288221894680424,Cairo,0,12757,3902.0
Cairo_y2020.tif,4421,0.23026464600769056,0.09342795747568425,Cairo,0,12693,3902.0
Cairo_y2020.tif,1451,0.6023432115782219,0.2341247415575465,Cairo,0,12770,3902.0
Cairo_y2020.tif,826,1.0,0.40822033898305077,Cairo,1,12855,3902.0
Cairo_y2020.tif,373,1.0,0.4307908847184987,Cairo,1,12801,3902.0
Cairo_y2020.tif,1071,0.969187675070028,0.380718954248366,Cairo,1,12835,3902.0
Cairo_y2020.tif,1538,0.0019505851755526658,0.08339401820546165,Cairo,0,11794,3902.0
Cairo_y2020.tif,777,0.32947232947232946,0.14274131274131274,Cairo,0,11813,3902.0
Cairo_y2020.tif,1329,0.0782543265613243,0.04987208427389016,Cairo,0,11889,3902.0
Cairo_y2020.tif,1042,0.009596928982725527,0.034419385796545104,Cairo,0,11954,3902.0
Cairo_y2020.tif,1903,0.03783499737256963,0.0729532317393589,Cairo,0,12031,3902.0
Cairo_y2020.tif,2101,0.00951927653498334,0.014535935268919562,Cairo,0,12107,3902.0
Cairo_y2020.tif,12511,0.00919191111821597,0.004056430341299657,Cairo,0,12306,3902.0
Cairo_y2020.tif,11828,0.022150828542441665,0.012923993912749409,Cairo,0,12664,3902.0
Cairo_y2020.tif,11627,0.01410510019781543,0.009617270147071472,Cairo,0,12750,3902.0
Cairo_y2020.tif,2417,0.14025651634257344,0.0608543649151841,Cairo,0,12803,3902.0
Cairo_y2020.tif,603,1.0,0.39752902155887226,Cairo,1,12875,3902.0
Cairo_y2020.tif,485,1.0,0.3826082474226804,Cairo,1,12853,3902.0
Cairo_y2020.tif,677,1.0,0.40288035450516985,Cairo,1,12878,3902.0
Cairo_y2020.tif,575,1.0,0.3711478260869565,Cairo,1,12871,3902.0
Cairo_y2020.tif,1412,0.5205382436260623,0.20209985835694053,Cairo,0,12924,3902.0
Cairo_y2020.tif,730,1.0,0.3973219178082191,Cairo,1,12940,3902.0
Cairo_y2020.tif,405,1.0,0.4065679012345679,Cairo,0,12928,3902.0
Cairo_y2020.tif,526,1.0,0.3505228136882129,Cairo,0,13018,3902.0
Cairo_y2020.tif,1103,1.0,0.35522212148685406,Cairo,0,13109,3902.0
Cairo_y2020.tif,1120,0.7875,0.29898660714285713,Cairo,0,13125,3902.0
Cairo_y2020.tif,324,1.0,0.4021450617283951,Cairo,1,12842,3902.0
Cairo_y2020.tif,816,1.0,0.38078431372549015,Cairo,1,12864,3902.0
Cairo_y2020.tif,341,1.0,0.3928885630498534,Cairo,1,12932,3902.0
Cairo_y2020.tif,838,1.0,0.3900656324582339,Cairo,1,12929,3902.0
Cairo_y2020.tif,653,1.0,0.4099081163859112,Cairo,1,12949,3902.0
Cairo_y2020.tif,624,1.0,0.4057371794871795,Cairo,1,12952,3902.0
Cairo_y2020.tif,800,1.0,0.40598124999999996,Cairo,1,12975,3902.0
Cairo_y2020.tif,342,1.0,0.4048538011695907,Cairo,1,12978,3902.0
Cairo_y2020.tif,2156,1.0,0.40506261595547305,Cairo,1,13033,3902.0
Cairo_y2020.tif,312,1.0,0.41761217948717955,Cairo,1,13010,3902.0
Cairo_y2020.tif,583,0.8284734133790738,0.3420754716981132,Cairo,0,13096,3902.0
Cairo_y2020.tif,603,1.0,0.4123383084577114,Cairo,1,13104,3902.0
Cairo_y2020.tif,354,1.0,0.4169067796610169,Cairo,1,13111,3902.0
Cairo_y2020.tif,823,1.0,0.41945929526123943,Cairo,1,13113,3902.0
Cairo_y2020.tif,639,1.0,0.4044835680751173,Cairo,1,13046,3902.0
Cairo_y2020.tif,886,1.0,0.4062866817155756,Cairo,1,13129,3902.0
Cairo_y2020.tif,1028,1.0,0.41129377431906616,Cairo,1,13064,3902.0
Cairo_y2020.tif,491,1.0,0.3871384928716904,Cairo,1,13139,3902.0
Cairo_y2020.tif,933,1.0,0.3909485530546624,Cairo,1,13185,3902.0
Cairo_y2020.tif,1173,0.8951406649616368,0.34520034100596764,Cairo,1,13187,3902.0
Cairo_y2020.tif,547,1.0,0.3591956124314442,Cairo,1,13091,3902.0
Cairo_y2020.tif,1309,0.9495798319327731,0.345427807486631,Cairo,1,13143,3902.0
Cairo_y2020.tif,1003,0.806580259222333,0.26851445663010964,Cairo,0,13213,3902.0
Cairo_y2020.tif,495,0.9474747474747475,0.34383838383838383,Cairo,1,13233,3902.0
Cairo_y2020.tif,2124,0.3950094161958569,0.16724105461393599,Cairo,0,14834,3902.0
Cairo_y2020.tif,669,0.890881913303438,0.34921524663677134,Cairo,0,14987,3902.0
Cairo_y2020.tif,885,0.9785310734463277,0.38512429378531077,Cairo,1,15000,3902.0
Cairo_y2020.tif,457,1.0,0.3962800875273523,Cairo,1,15005,3902.0
Cairo_y2020.tif,797,1.0,0.4095671267252195,Cairo,1,15016,3902.0
Cairo_y2020.tif,516,0.9573643410852714,0.3070251937984496,Cairo,0,14949,3902.0
Cairo_y2020.tif,1985,0.4579345088161209,0.20698740554156173,Cairo,1,12854,3902.0
Cairo_y2020.tif,2620,0.43740458015267175,0.16481870229007636,Cairo,0,12944,3902.0
Cairo_y2020.tif,600,0.7433333333333333,0.2645,Cairo,1,12937,3902.0
Cairo_y2020.tif,3292,0.0,0.013970230862697448,Cairo,0,13013,3902.0
Cairo_y2020.tif,2536,0.24802839116719244,0.11159108832807571,Cairo,0,13086,3902.0
Cairo_y2020.tif,70880,0.03264672686230248,0.019569201467268628,Cairo,0,14939,3902.0
Cairo_y2020.tif,34466,0.012766204375326409,0.0063694655602622875,Cairo,0,14704,3902.0
Cairo_y2020.tif,1483,0.15037086985839515,0.11262980445043828,Cairo,0,14811,3902.0
Cairo_y2020.tif,4701,0.04679855349925548,0.039689427781323124,Cairo,0,14871,3902.0
Cairo_y2020.tif,34097,0.0,0.0,Cairo,0,16655,3902.0
Cairo_y2020.tif,925,0.3286486486486486,0.16701621621621623,Cairo,0,11992,3902.0
Cairo_y2020.tif,3231,0.2290312596719282,0.09882079851439184,Cairo,0,12196,3902.0
Cairo_y2020.tif,3998,0.2488744372186093,0.09545647823911954,Cairo,0,14269,3902.0
Cairo_y2020.tif,7979,0.0234365208672766,0.02224589547562351,Cairo,0,17119,3902.0
Cairo_y2020.tif,1156,0.8477508650519031,0.33836505190311417,Cairo,0,17392,3902.0
Cairo_y2020.tif,893,0.961926091825308,0.3871780515117581,Cairo,0,17445,3902.0
Cairo_y2020.tif,2043,0.21879588839941264,0.11537689672050905,Cairo,0,17551,3902.0
Cairo_y2020.tif,7347,0.31686402613311554,0.13584864570573024,Cairo,0,17793,3902.0
Cairo_y2020.tif,2430,0.6020576131687243,0.2551008230452675,Cairo,0,17812,3902.0
Cairo_y2020.tif,1827,0.5325670498084292,0.21184181718664474,Cairo,0,17883,3902.0
Cairo_y2020.tif,2370,1.0,0.37998101265822787,Cairo,1,14990,3902.0
Cairo_y2020.tif,450,0.9333333333333333,0.3525666666666667,Cairo,1,15057,3902.0
Cairo_y2020.tif,471,1.0,0.388588110403397,Cairo,0,15085,3902.0
Cairo_y2020.tif,382,1.0,0.39653141361256544,Cairo,1,15103,3902.0
Cairo_y2020.tif,509,1.0,0.3944793713163065,Cairo,1,15136,3902.0
Cairo_y2020.tif,1366,0.8887262079062958,0.32386163982430455,Cairo,0,15185,3902.0
Cairo_y2020.tif,369,0.926829268292683,0.32799457994579945,Cairo,0,15183,3902.0
Cairo_y2020.tif,696,0.9770114942528736,0.4073922413793103,Cairo,1,15223,3902.0
Cairo_y2020.tif,302,1.0,0.4260761589403974,Cairo,1,15264,3902.0
Cairo_y2020.tif,960,0.728125,0.3388072916666667,Cairo,1,15270,3902.0
Cairo_y2020.tif,1226,0.6068515497553018,0.3105750407830343,Cairo,1,15301,3902.0
Cairo_y2020.tif,998,0.9418837675350702,0.38023046092184365,Cairo,1,15285,3902.0
Cairo_y2020.tif,362,1.0,0.40930939226519336,Cairo,1,15296,3902.0
Cairo_y2020.tif,635,1.0,0.39036220472440947,Cairo,1,15401,3902.0
Cairo_y2020.tif,991,0.7911200807265388,0.2866801210898083,Cairo,0,15466,3902.0
Cairo_y2020.tif,435,0.9724137931034482,0.3080114942528736,Cairo,1,15490,3902.0
Cairo_y2020.tif,564,0.7109929078014184,0.26187943262411345,Cairo,1,15515,3902.0
Cairo_y2020.tif,623,0.9614767255216693,0.343900481540931,Cairo,1,15604,3902.0
Cairo_y2020.tif,13981,0.0,0.0,Cairo,0,16928,3902.0
Cairo_y2020.tif,28302,0.0,0.0,Cairo,0,17490,3902.0
Cairo_y2020.tif,636,0.0015723270440251573,0.07282232704402515,Cairo,0,13702,3902.0
Cairo_y2020.tif,1365,0.0,0.05267399267399268,Cairo,0,13855,3902.0
Cairo_y2020.tif,657,0.0791476407914764,0.08691780821917809,Cairo,0,13829,3902.0
Cairo_y2020.tif,2431,0.5689016865487454,0.2018881118881119,Cairo,0,14227,3902.0
Cairo_y2020.tif,5038,0.29912663755458513,0.15480349344978167,Cairo,0,15813,3902.0
Cairo_y2020.tif,1137,0.29463500439753737,0.18573438874230433,Cairo,0,15935,3902.0
Cairo_y2020.tif,5202,0.3358323721645521,0.12706555171088044,Cairo,0,16088,3902.0
Cairo_y2020.tif,782,0.9782608695652174,0.3543925831202046,Cairo,0,16349,3902.0
Cairo_y2020.tif,794,0.801007556675063,0.29925692695214107,Cairo,0,16688,3902.0
Cairo_y2020.tif,1211,0.9958711808422791,0.4014657308009909,Cairo,1,16779,3902.0
Cairo_y2020.tif,744,0.9946236559139785,0.36892473118279573,Cairo,1,15233,3902.0
Cairo_y2020.tif,879,0.9567690557451649,0.37541524459613196,Cairo,1,15141,3902.0
Cairo_y2020.tif,772,1.0,0.4489443005181348,Cairo,1,15349,3902.0
Cairo_y2020.tif,635,1.0,0.42802362204724403,Cairo,1,15339,3902.0
Cairo_y2020.tif,861,0.9698025551684089,0.39794425087108015,Cairo,1,15299,3902.0
Cairo_y2020.tif,543,1.0,0.4117955801104972,Cairo,1,15409,3902.0
Cairo_y2020.tif,483,1.0,0.4294202898550724,Cairo,0,15353,3902.0
Cairo_y2020.tif,452,1.0,0.3894911504424779,Cairo,1,15450,3902.0
Cairo_y2020.tif,596,0.9966442953020134,0.39104026845637585,Cairo,0,15478,3902.0
Cairo_y2020.tif,557,1.0,0.34984739676840215,Cairo,1,15534,3902.0
Cairo_y2020.tif,1932,0.5124223602484472,0.21799171842650109,Cairo,0,15640,3902.0
Cairo_y2020.tif,2626,0.9862909367859863,0.37130997715156133,Cairo,0,15606,3902.0
Cairo_y2020.tif,585,0.6102564102564103,0.2683076923076923,Cairo,1,15621,3902.0
Cairo_y2020.tif,559,0.6976744186046512,0.2557602862254025,Cairo,0,15668,3902.0
Cairo_y2020.tif,584,0.9178082191780822,0.29128424657534246,Cairo,0,15694,3902.0
Cairo_y2020.tif,890,0.6674157303370787,0.28219662921348315,Cairo,1,15754,3902.0
Cairo_y2020.tif,499,1.0,0.41105210420841687,Cairo,1,15785,3902.0
Cairo_y2020.tif,3428,0.057759626604434074,0.08002333722287047,Cairo,0,15904,3902.0
Cairo_y2020.tif,1902,0.6708727655099895,0.2891298633017876,Cairo,0,15727,3902.0
Cairo_y2020.tif,1847,0.18949648077964265,0.12543042772062804,Cairo,0,15901,3902.0
Cairo_y2020.tif,763,0.9554390563564875,0.3340760157273918,Cairo,1,15560,3902.0
Cairo_y2020.tif,1422,0.28973277074542897,0.13130450070323488,Cairo,0,15675,3902.0
Cairo_y2020.tif,652,0.9171779141104295,0.3070782208588957,Cairo,0,15633,3902.0
Cairo_y2020.tif,647,0.9350850077279753,0.32479134466769705,Cairo,0,15705,3902.0
Cairo_y2020.tif,739,0.6968876860622463,0.22159675236806495,Cairo,0,15712,3902.0
Cairo_y2020.tif,1031,0.3559650824442289,0.23602812803103781,Cairo,0,15748,3902.0
Cairo_y2020.tif,1136,0.06602112676056338,0.11152288732394368,Cairo,0,15850,3902.0
Cairo_y2020.tif,688,0.29796511627906974,0.14796511627906977,Cairo,0,15841,3902.0
Cairo_y2020.tif,1113,0.0889487870619946,0.142911051212938,Cairo,0,15981,3902.0
Cairo_y2020.tif,606,0.7871287128712872,0.28385313531353135,Cairo,1,15871,3902.0
Cairo_y2020.tif,482,0.13070539419087138,0.19173236514522823,Cairo,1,15729,3902.0
Cairo_y2020.tif,802,0.33790523690773067,0.20743765586034915,Cairo,0,15746,3902.0
Cairo_y2020.tif,1201,0.18151540383014156,0.15315570358034972,Cairo,0,15863,3902.0
Cairo_y2020.tif,1399,0.182987848463188,0.13792709077912796,Cairo,0,15847,3902.0
Cairo_y2020.tif,1824,0.17543859649122806,0.12038377192982457,Cairo,0,15994,3902.0
Cairo_y2020.tif,937,0.18569903948772679,0.16733191035218786,Cairo,0,15968,3902.0
Cairo_y2020.tif,6020,0.2858803986710963,0.14864784053156144,Cairo,0,16241,3902.0
Cairo_y2020.tif,953,0.31899265477439664,0.15029380902413433,Cairo,0,16160,3902.0
Cairo_y2020.tif,717,0.14086471408647142,0.1879986052998605,Cairo,0,16229,3902.0
Cairo_y2020.tif,795,0.21006289308176102,0.2311132075471698,Cairo,0,16329,3902.0
Cairo_y2020.tif,603,0.7810945273631841,0.298698175787728,Cairo,1,15950,3902.0
Cairo_y2020.tif,1560,0.5878205128205128,0.2599903846153846,Cairo,0,15976,3902.0
Cairo_y2020.tif,365,0.6273972602739726,0.2874520547945205,Cairo,1,16006,3902.0
Cairo_y2020.tif,382,0.2696335078534031,0.24479057591623038,Cairo,0,16067,3902.0
Cairo_y2020.tif,445,0.9865168539325843,0.3361348314606742,Cairo,0,16118,3902.0
Cairo_y2020.tif,533,0.0,0.1554315196998124,Cairo,1,16125,3902.0
Cairo_y2020.tif,469,0.18550106609808104,0.20303837953091686,Cairo,1,16143,3902.0
Cairo_y2020.tif,1006,0.0,0.07851888667992049,Cairo,0,16213,3902.0
Cairo_y2020.tif,1985,0.24080604534005037,0.15732241813602013,Cairo,0,16343,3902.0
Cairo_y2020.tif,704,0.17897727272727273,0.12321022727272729,Cairo,0,16246,3902.0
Cairo_y2020.tif,863,0.6790266512166859,0.25471031286210893,Cairo,1,15931,3902.0
Cairo_y2020.tif,701,0.948644793152639,0.3506776034236805,Cairo,1,15955,3902.0
Cairo_y2020.tif,1252,0.9664536741214057,0.34108626198083064,Cairo,0,15958,3902.0
Cairo_y2020.tif,1315,0.6615969581749049,0.24509505703422055,Cairo,0,16014,3902.0
Cairo_y2020.tif,1304,0.6549079754601227,0.2912078220858896,Cairo,0,16097,3902.0
Cairo_y2020.tif,1040,0.26634615384615384,0.24127403846153847,Cairo,0,16130,3902.0
Cairo_y2020.tif,743,0.9004037685060565,0.3292059219380888,Cairo,0,16140,3902.0
Cairo_y2020.tif,1150,0.717391304347826,0.26281739130434784,Cairo,0,16187,3902.0
Cairo_y2020.tif,3821,0.29416383145773356,0.12285003925673907,Cairo,0,16347,3902.0
Cairo_y2020.tif,3588,0.01950947603121516,0.037519509476031214,Cairo,0,16491,3902.0
Cairo_y2020.tif,2153,0.5601486298188574,0.23111936832326985,Cairo,0,16890,3902.0
Cairo_y2020.tif,2778,0.3743700503959683,0.14343772498200144,Cairo,0,16957,3902.0
Cairo_y2020.tif,1024,0.99609375,0.33967773437500004,Cairo,0,16909,3902.0
Cairo_y2020.tif,2935,0.527427597955707,0.19147529812606473,Cairo,0,17079,3902.0
Cairo_y2020.tif,3071,0.6506024096385542,0.23373331162487793,Cairo,0,17382,3902.0
Cairo_y2020.tif,2847,0.5079030558482613,0.19783631893220935,Cairo,0,17258,3902.0
Cairo_y2020.tif,808,0.5272277227722773,0.234375,Cairo,0,17288,3902.0
Cairo_y2020.tif,933,0.18435155412647375,0.15152733118971062,Cairo,0,17322,3902.0
Cairo_y2020.tif,833,0.5918367346938775,0.26974189675870347,Cairo,0,17383,3902.0
Cairo_y2020.tif,1138,1.0,0.3963488576449912,Cairo,0,17506,3902.0
Cairo_y2020.tif,4424,0.3286618444846293,0.15336799276672694,Cairo,0,16621,3902.0
Cairo_y2020.tif,10540,0.30806451612903224,0.14570493358633776,Cairo,0,16731,3902.0
Cairo_y2020.tif,3305,0.3071104387291982,0.14303479576399394,Cairo,0,16733,3902.0
Cairo_y2020.tif,618,0.9983818770226537,0.38542071197411004,Cairo,0,16790,3902.0
Cairo_y2020.tif,3015,0.22454394693200663,0.09163515754560529,Cairo,0,16868,3902.0
Cairo_y2020.tif,1388,0.2665706051873199,0.15322046109510087,Cairo,0,16927,3902.0
Cairo_y2020.tif,17280,0.08709490740740741,0.039234374999999995,Cairo,0,17511,3902.0
Cairo_y2020.tif,7452,0.2773752012882448,0.10420960815888351,Cairo,0,17770,3902.0
Cairo_y2020.tif,11624,0.038196834136269786,0.024767291810048178,Cairo,0,18414,3902.0
Cairo_y2020.tif,1648,1.0,0.41032463592233004,Cairo,1,18427,3902.0
Cairo_y2020.tif,1707,0.3872290568248389,0.1870650263620387,Cairo,0,16386,3902.0
Cairo_y2020.tif,835,0.009580838323353293,0.14372455089820357,Cairo,0,16223,3902.0
Cairo_y2020.tif,1063,0.9877704609595485,0.3275729068673565,Cairo,0,16403,3902.0
Cairo_y2020.tif,3345,0.19162929745889387,0.10873542600896861,Cairo,0,16818,3902.0
Cairo_y2020.tif,17989,0.012340874979153928,0.011831674912446497,Cairo,0,17098,3902.0
Cairo_y2020.tif,21546,0.0,0.0013195024598533372,Cairo,0,18207,3902.0
Cairo_y2020.tif,5252,0.26066260472201064,0.1110462680883473,Cairo,0,18348,3902.0
Cairo_y2020.tif,4403,0.038837156484215304,0.023092209856915742,Cairo,0,18386,3902.0
Cairo_y2020.tif,4177,0.8553986114436198,0.3313239166866172,Cairo,0,18508,3902.0
Cairo_y2020.tif,1605,0.7588785046728972,0.32466666666666666,Cairo,0,18595,3902.0
Cairo_y2020.tif,11563,0.03692813283749892,0.016989103173916803,Cairo,0,13691,3902.0
Cairo_y2020.tif,727,0.265474552957359,0.1620907840440165,Cairo,0,13846,3902.0
Cairo_y2020.tif,1184,0.34797297297297297,0.1436233108108108,Cairo,1,13857,3902.0
Cairo_y2020.tif,1281,0.4839968774395004,0.16429742388758783,Cairo,0,13873,3902.0
Cairo_y2020.tif,671,0.5588673621460507,0.2256780923994039,Cairo,1,13933,3902.0
Cairo_y2020.tif,511,0.9354207436399217,0.334784735812133,Cairo,1,14018,3902.0
Cairo_y2020.tif,771,0.9247730220492867,0.2947535667963683,Cairo,0,14047,3902.0
Cairo_y2020.tif,3730,0.3257372654155496,0.11806300268096515,Cairo,0,14185,3902.0
Cairo_y2020.tif,434,1.0,0.38391705069124427,Cairo,1,14077,3902.0
Cairo_y2020.tif,508,0.9783464566929134,0.3668996062992126,Cairo,1,14106,3902.0
Cairo_y2020.tif,279,1.0,0.36093189964157707,Cairo,1,14006,3902.0
Cairo_y2020.tif,362,1.0,0.3893093922651934,Cairo,0,14094,3902.0
Cairo_y2020.tif,661,1.0,0.4038880484114978,Cairo,1,14167,3902.0
Cairo_y2020.tif,530,0.2792452830188679,0.19097169811320755,Cairo,0,14267,3902.0
Cairo_y2020.tif,524,1.0,0.41050572519083967,Cairo,1,14213,3902.0
Cairo_y2020.tif,248,0.9596774193548387,0.33653225806451614,Cairo,1,14246,3902.0
Cairo_y2020.tif,427,0.09836065573770492,0.16240046838407493,Cairo,1,14349,3902.0
Cairo_y2020.tif,668,0.1601796407185629,0.19082335329341318,Cairo,0,14421,3902.0
Cairo_y2020.tif,493,0.8336713995943205,0.3257606490872211,Cairo,1,14415,3902.0
Cairo_y2020.tif,894,0.9888143176733781,0.3593512304250559,Cairo,1,14484,3902.0
Cairo_y2020.tif,1303,1.0,0.433783576362241,Cairo,1,14281,3902.0
Cairo_y2020.tif,808,0.8217821782178217,0.300884900990099,Cairo,1,14414,3902.0
Cairo_y2020.tif,821,0.7454323995127893,0.27586479902557853,Cairo,1,14531,3902.0
Cairo_y2020.tif,13516,0.12681266646936964,0.07232280260432081,Cairo,0,14796,3902.0
Cairo_y2020.tif,20713,0.014193984454207503,0.007252450152078406,Cairo,0,16600,3902.0
Cairo_y2020.tif,8580,0.18158508158508158,0.08787529137529138,Cairo,0,17042,3902.0
Cairo_y2020.tif,2782,0.19374550682961897,0.12386592379583035,Cairo,0,17156,3902.0
Cairo_y2020.tif,872,0.9965596330275229,0.3582282110091743,Cairo,0,17178,3902.0
Cairo_y2020.tif,2434,1.0,0.42011709120788826,Cairo,1,17337,3902.0
Cairo_y2020.tif,2542,1.0,0.41115066876475215,Cairo,1,17388,3902.0
Cairo_y2020.tif,16030,0.19089207735495944,0.09322177167810355,Cairo,0,16776,3902.0
Cairo_y2020.tif,1254,0.9952153110047847,0.37718102073365234,Cairo,0,17001,3902.0
Cairo_y2020.tif,1673,1.0,0.39664076509264795,Cairo,0,16934,3902.0
Cairo_y2020.tif,2288,0.5402097902097902,0.24310314685314688,Cairo,0,17053,3902.0
Cairo_y2020.tif,3553,0.7925696594427245,0.28663101604278074,Cairo,0,17121,3902.0
Cairo_y2020.tif,1683,0.489007724301842,0.20688948306595364,Cairo,0,17183,3902.0
Cairo_y2020.tif,1855,1.0,0.3800835579514825,Cairo,1,17168,3902.0
Cairo_y2020.tif,1853,0.8451160280626012,0.3007393416082029,Cairo,0,17281,3902.0
Cairo_y2020.tif,659,1.0,0.36791350531107736,Cairo,0,17282,3902.0
Cairo_y2020.tif,1426,0.979663394109397,0.3448772791023843,Cairo,0,17443,3902.0
Cairo_y2020.tif,2767,0.8973617636429346,0.3574033249006144,Cairo,0,17412,3902.0
Cairo_y2020.tif,912,1.0,0.4240625,Cairo,1,17389,3902.0
Cairo_y2020.tif,1036,1.0,0.4103426640926641,Cairo,0,17438,3902.0
Cairo_y2020.tif,497,1.0,0.4158350100603622,Cairo,0,17448,3902.0
Cairo_y2020.tif,1088,1.0,0.4074402573529412,Cairo,1,17552,3902.0
Cairo_y2020.tif,1787,0.7285954113038612,0.2844152210408506,Cairo,0,17505,3902.0
Cairo_y2020.tif,1069,0.8213283442469598,0.30017305893358276,Cairo,1,17617,3902.0
Cairo_y2020.tif,1222,0.972176759410802,0.3711538461538461,Cairo,0,17650,3902.0
Cairo_y2020.tif,1949,0.7465366854797332,0.29717547460236016,Cairo,0,17750,3902.0
Cairo_y2020.tif,675,1.0,0.4063259259259259,Cairo,1,17837,3902.0
Cairo_y2020.tif,1057,1.0,0.3690491958372753,Cairo,0,17464,3902.0
Cairo_y2020.tif,2011,0.9373446046742914,0.37535305818000986,Cairo,1,17533,3902.0
Cairo_y2020.tif,769,1.0,0.43704811443433034,Cairo,0,17522,3902.0
Cairo_y2020.tif,1993,0.828901154039137,0.3296838936276969,Cairo,0,17693,3902.0
Cairo_y2020.tif,1967,0.8896797153024911,0.33687341128622267,Cairo,0,17785,3902.0
Cairo_y2020.tif,39821,0.0703899952286482,0.032026317772029834,Cairo,0,18435,3902.0
Cairo_y2020.tif,21602,0.01823905193963522,0.00824599574113508,Cairo,0,18469,3902.0
Cairo_y2020.tif,5018,0.014746911119968115,0.034755878836189726,Cairo,0,18694,3902.0
Cairo_y2020.tif,1340,0.4843283582089552,0.257705223880597,Cairo,0,18596,3902.0
Cairo_y2020.tif,1516,0.021108179419525065,0.1362434036939314,Cairo,0,18697,3902.0
Cairo_y2020.tif,1028,0.5447470817120622,0.24107976653696497,Cairo,0,17824,3902.0
Cairo_y2020.tif,1044,0.8074712643678161,0.31634578544061304,Cairo,1,17850,3902.0
Cairo_y2020.tif,2306,0.8534258456201215,0.31006721595836945,Cairo,0,17950,3902.0
Cairo_y2020.tif,1426,0.9663394109396914,0.33187938288920055,Cairo,1,18013,3902.0
Cairo_y2020.tif,2541,0.19008264462809918,0.12219401810310901,Cairo,0,18041,3902.0
Cairo_y2020.tif,2106,0.9548907882241215,0.29646486229819563,Cairo,0,18113,3902.0
Cairo_y2020.tif,670,0.7985074626865671,0.2529477611940299,Cairo,0,18111,3902.0
Cairo_y2020.tif,6277,0.019913971642504382,0.03541739684562689,Cairo,0,18276,3902.0
Cairo_y2020.tif,2549,0.48842683405256965,0.20343860337387212,Cairo,0,18273,3902.0
Cairo_y2020.tif,16623,0.04445647596703363,0.025683089695000903,Cairo,0,18553,3902.0
Cairo_y2020.tif,1608,0.9639303482587065,0.3362344527363184,Cairo,0,17483,3902.0
Cairo_y2020.tif,5227,0.41247369427970154,0.181600344365793,Cairo,0,17653,3902.0
Cairo_y2020.tif,5198,0.49557522123893805,0.21758753366679492,Cairo,0,17781,3902.0
Cairo_y2020.tif,1081,0.6762257169287696,0.27927844588344125,Cairo,0,17811,3902.0
Cairo_y2020.tif,932,0.22854077253218885,0.18335836909871242,Cairo,0,17905,3902.0
Cairo_y2020.tif,947,0.3136219640971489,0.16142555438225978,Cairo,0,18009,3902.0
Cairo_y2020.tif,10678,0.08409814572017232,0.0580314665667728,Cairo,0,18126,3902.0
Cairo_y2020.tif,2212,0.5438517179023508,0.2027644665461121,Cairo,0,18893,3902.0
Cairo_y2020.tif,3441,0.5434466724789305,0.2126445800639349,Cairo,0,19014,3902.0
Cairo_y2020.tif,5065,0.29397828232971374,0.11519052319842052,Cairo,0,19034,3902.0
Cairo_y2020.tif,4641,0.2904546433958199,0.1464630467571644,Cairo,0,18168,3902.0
Cairo_y2020.tif,5375,0.4952558139534884,0.1878874418604651,Cairo,0,18214,3902.0
Cairo_y2020.tif,906,0.9977924944812362,0.3378476821192053,Cairo,0,18187,3902.0
Cairo_y2020.tif,612,0.7238562091503268,0.23249999999999998,Cairo,0,18329,3902.0
Cairo_y2020.tif,1976,0.9008097165991903,0.3054605263157895,Cairo,0,18340,3902.0
Cairo_y2020.tif,1747,0.2953634802518603,0.12953634802518604,Cairo,0,18541,3902.0
Cairo_y2020.tif,6937,0.07870837537840565,0.04017010234971891,Cairo,0,18686,3902.0
Cairo_y2020.tif,1272,0.21069182389937108,0.08504716981132074,Cairo,0,18859,3902.0
Cairo_y2020.tif,36084,0.0,0.001556507039130917,Cairo,0,19184,3902.0
Cairo_y2020.tif,9409,0.1442236156871081,0.05835104687001807,Cairo,0,19323,3902.0
Cairo_y2020.tif,52713,0.018629180657522813,0.01775017547853471,Cairo,0,18858,3902.0
Cairo_y2020.tif,5196,0.2515396458814473,0.09010200153964587,Cairo,0,18952,3902.0
Cairo_y2020.tif,6615,0.0,0.0,Cairo,0,19045,3902.0
Cairo_y2020.tif,24786,0.0,0.0,Cairo,0,19291,3902.0
Cairo_y2020.tif,11798,0.11442617392778437,0.052590693337853864,Cairo,0,19395,3902.0
Cairo_y2020.tif,1111,0.8307830783078308,0.32039153915391544,Cairo,0,19431,3902.0
Cairo_y2020.tif,779,1.0,0.361790757381258,Cairo,0,19436,3902.0
Cairo_y2020.tif,1753,0.9982886480319453,0.3757216200798631,Cairo,1,19468,3902.0
Cairo_y2020.tif,2097,0.5755841678588459,0.22209108249880782,Cairo,0,19487,3902.0
Cairo_y2020.tif,1472,0.9938858695652174,0.3819123641304348,Cairo,0,19518,3902.0
Cairo_y2020.tif,125,1.0,0.4321600000000001,Cairo,1,14273,3902.0
Cairo_y2020.tif,401,0.9576059850374065,0.32133416458852865,Cairo,1,14304,3902.0
Cairo_y2020.tif,280,1.0,0.4192142857142857,Cairo,1,14310,3902.0
Cairo_y2020.tif,323,0.7832817337461301,0.24427244582043345,Cairo,1,14291,3902.0
Cairo_y2020.tif,143,1.0,0.4004195804195804,Cairo,1,14327,3902.0
Cairo_y2020.tif,268,1.0,0.3935820895522388,Cairo,1,14364,3902.0
Cairo_y2020.tif,333,0.6306306306306306,0.23295795795795796,Cairo,1,14306,3902.0
Cairo_y2020.tif,573,0.9022687609075044,0.3256457242582897,Cairo,0,14337,3902.0
Cairo_y2020.tif,199,0.5175879396984925,0.2249748743718593,Cairo,1,14359,3902.0
Cairo_y2020.tif,1738,0.13636363636363635,0.09227272727272727,Cairo,0,14894,3902.0
Cairo_y2020.tif,636,0.8663522012578616,0.3117924528301887,Cairo,0,14425,3902.0
Cairo_y2020.tif,322,1.0,0.4141459627329192,Cairo,1,14494,3902.0
Cairo_y2020.tif,206,0.9951456310679612,0.3730825242718447,Cairo,1,14451,3902.0
Cairo_y2020.tif,322,1.0,0.387639751552795,Cairo,1,14478,3902.0
Cairo_y2020.tif,372,0.6478494623655914,0.2541801075268817,Cairo,0,14511,3902.0
Cairo_y2020.tif,498,0.9036144578313253,0.29332329317269074,Cairo,1,14521,3902.0
Cairo_y2020.tif,348,1.0,0.3838936781609196,Cairo,1,14551,3902.0
Cairo_y2020.tif,443,1.0,0.3779909706546275,Cairo,1,14573,3902.0
Cairo_y2020.tif,460,0.9521739130434783,0.34796739130434784,Cairo,1,14581,3902.0
Cairo_y2020.tif,367,0.5776566757493188,0.27068119891008174,Cairo,1,14593,3902.0
Cairo_y2020.tif,230,0.11304347826086956,0.2231086956521739,Cairo,0,14458,3902.0
Cairo_y2020.tif,273,0.7619047619047619,0.2996336996336996,Cairo,1,14467,3902.0
Cairo_y2020.tif,333,1.0,0.3801801801801802,Cairo,0,14504,3902.0
Cairo_y2020.tif,277,0.9963898916967509,0.3193321299638989,Cairo,1,14528,3902.0
Cairo_y2020.tif,440,0.0659090909090909,0.12318181818181818,Cairo,0,14583,3902.0
Cairo_y2020.tif,183,0.8797814207650273,0.3191803278688524,Cairo,1,14549,3902.0
Cairo_y2020.tif,352,0.2528409090909091,0.22558238636363637,Cairo,0,14650,3902.0
Cairo_y2020.tif,3614,0.025179856115107913,0.08713752075262869,Cairo,0,14908,3902.0
Cairo_y2020.tif,414,0.34299516908212563,0.2441666666666667,Cairo,1,14730,3902.0
Cairo_y2020.tif,1033,0.030009680542110357,0.06619554695062924,Cairo,0,14994,3902.0
Cairo_y2020.tif,945,0.7047619047619048,0.2923121693121693,Cairo,1,14714,3902.0
Cairo_y2020.tif,917,0.9498364231188658,0.3201908396946565,Cairo,1,14720,3902.0
Cairo_y2020.tif,581,0.31497418244406195,0.26712564543889844,Cairo,1,14657,3902.0
Cairo_y2020.tif,581,0.8347676419965576,0.28794320137693635,Cairo,1,14649,3902.0
Cairo_y2020.tif,261,0.06896551724137931,0.17896551724137932,Cairo,1,14685,3902.0
Cairo_y2020.tif,499,0.9879759519038076,0.31723446893787577,Cairo,1,14716,3902.0
Cairo_y2020.tif,287,0.0,0.20777003484320558,Cairo,0,14726,3902.0
Cairo_y2020.tif,250,0.968,0.35337999999999997,Cairo,1,14798,3902.0
Cairo_y2020.tif,172,0.6453488372093024,0.28799418604651167,Cairo,1,14799,3902.0
Cairo_y2020.tif,328,0.9786585365853658,0.3314024390243902,Cairo,1,14825,3902.0
Cairo_y2020.tif,370,0.4783783783783784,0.23308108108108105,Cairo,0,14742,3902.0
Cairo_y2020.tif,231,0.4329004329004329,0.2517316017316017,Cairo,1,14706,3902.0
Cairo_y2020.tif,335,0.27761194029850744,0.24986567164179105,Cairo,1,14801,3902.0
Cairo_y2020.tif,357,0.9775910364145658,0.3636274509803922,Cairo,1,14803,3902.0
Cairo_y2020.tif,227,1.0,0.3408810572687224,Cairo,1,14805,3902.0
Cairo_y2020.tif,400,0.6525,0.28461250000000005,Cairo,1,14877,3902.0
Cairo_y2020.tif,240,0.9541666666666667,0.3642083333333333,Cairo,1,15021,3902.0
Cairo_y2020.tif,480,0.9916666666666667,0.36854166666666666,Cairo,1,15019,3902.0
Cairo_y2020.tif,278,0.04316546762589928,0.1999820143884892,Cairo,1,15055,3902.0
Cairo_y2020.tif,355,0.38873239436619716,0.2695211267605634,Cairo,1,15074,3902.0
Cairo_y2020.tif,383,1.0,0.40566579634464756,Cairo,1,15058,3902.0
Cairo_y2020.tif,276,1.0,0.4200905797101449,Cairo,1,14993,3902.0
Cairo_y2020.tif,165,1.0,0.4109090909090908,Cairo,1,15061,3902.0
Cairo_y2020.tif,223,0.22869955156950672,0.1658968609865471,Cairo,1,15035,3902.0
Cairo_y2020.tif,169,1.0,0.4153846153846153,Cairo,1,15068,3902.0
Cairo_y2020.tif,187,1.0,0.39834224598930484,Cairo,1,15073,3902.0
Cairo_y2020.tif,444,0.9324324324324325,0.37459459459459465,Cairo,1,15022,3902.0
Cairo_y2020.tif,373,0.9168900804289544,0.34548257372654156,Cairo,1,15099,3902.0
Cairo_y2020.tif,505,0.9564356435643564,0.3766237623762376,Cairo,1,15081,3902.0
Cairo_y2020.tif,286,0.9475524475524476,0.3449300699300699,Cairo,1,15084,3902.0
Cairo_y2020.tif,479,0.9812108559498957,0.35975991649269307,Cairo,1,14889,3902.0
Cairo_y2020.tif,216,0.6481481481481481,0.3037731481481481,Cairo,1,14879,3902.0
Cairo_y2020.tif,1015,0.9990147783251232,0.4210591133004926,Cairo,1,14860,3902.0
Cairo_y2020.tif,250,0.712,0.32180000000000003,Cairo,0,14907,3902.0
Cairo_y2020.tif,389,0.5681233933161953,0.24901028277634965,Cairo,1,14975,3902.0
Cairo_y2020.tif,1628,0.6228501228501229,0.281504914004914,Cairo,0,15121,3902.0
Cairo_y2020.tif,452,1.0,0.41456858407079644,Cairo,1,14941,3902.0
Cairo_y2020.tif,391,0.8132992327365729,0.25240409207161124,Cairo,0,15044,3902.0
Cairo_y2020.tif,1352,0.8187869822485208,0.28257766272189344,Cairo,0,15179,3902.0
Cairo_y2020.tif,1396,0.42335243553008595,0.16749283667621775,Cairo,0,15237,3902.0
Cairo_y2020.tif,684,0.8771929824561403,0.3128362573099415,Cairo,1,15262,3902.0
Cairo_y2020.tif,200,0.0,0.157575,Cairo,1,15221,3902.0
Cairo_y2020.tif,193,0.24352331606217617,0.21919689119170982,Cairo,1,15240,3902.0
Cairo_y2020.tif,194,0.0,0.16842783505154638,Cairo,1,15256,3902.0
Cairo_y2020.tif,205,0.08780487804878048,0.20812195121951219,Cairo,0,15275,3902.0
Cairo_y2020.tif,297,0.0,0.08914141414141415,Cairo,0,15318,3902.0
Cairo_y2020.tif,837,0.9008363201911589,0.32974910394265233,Cairo,1,15327,3902.0
Cairo_y2020.tif,208,0.0,0.16588942307692306,Cairo,1,15304,3902.0
Cairo_y2020.tif,206,0.0,0.19446601941747574,Cairo,0,15326,3902.0
Cairo_y2020.tif,145,0.0,0.13151724137931034,Cairo,1,15336,3902.0
Cairo_y2020.tif,156,0.0,0.1846794871794872,Cairo,1,15354,3902.0
Cairo_y2020.tif,168,0.0,0.13779761904761906,Cairo,1,15373,3902.0
Cairo_y2020.tif,1011,0.003956478733926805,0.07763600395647874,Cairo,0,15687,3902.0
Cairo_y2020.tif,192,0.0,0.07619791666666667,Cairo,0,15397,3902.0
Cairo_y2020.tif,181,0.0,0.19077348066298344,Cairo,0,15389,3902.0
Cairo_y2020.tif,384,0.0,0.12932291666666665,Cairo,1,15400,3902.0
Cairo_y2020.tif,249,0.0,0.13985943775100404,Cairo,1,15464,3902.0
Cairo_y2020.tif,358,0.8435754189944135,0.3153351955307263,Cairo,1,15404,3902.0
Cairo_y2020.tif,390,1.0,0.4306794871794872,Cairo,1,15502,3902.0
Cairo_y2020.tif,586,0.006825938566552901,0.17872013651877133,Cairo,1,15474,3902.0
Cairo_y2020.tif,4357,0.21551526279550148,0.10706564149644252,Cairo,0,15246,3902.0
Cairo_y2020.tif,1628,0.3151105651105651,0.19257985257985258,Cairo,1,15131,3902.0
Cairo_y2020.tif,703,0.002844950213371266,0.08933143669985776,Cairo,0,15292,3902.0
Cairo_y2020.tif,1029,0.38969873663751214,0.18212827988338195,Cairo,0,15382,3902.0
Cairo_y2020.tif,312,0.0,0.10948717948717948,Cairo,0,15328,3902.0
Cairo_y2020.tif,2264,0.4006183745583039,0.18468639575971732,Cairo,0,15375,3902.0
Cairo_y2020.tif,476,0.0,0.10629201680672269,Cairo,0,15416,3902.0
Cairo_y2020.tif,1023,0.05767350928641251,0.07991202346041056,Cairo,0,15948,3902.0
Cairo_y2020.tif,2082,0.15946205571565802,0.07817483189241115,Cairo,0,15511,3902.0
Cairo_y2020.tif,381,0.005249343832020997,0.1551706036745407,Cairo,1,15469,3902.0
Cairo_y2020.tif,182,0.0,0.06516483516483518,Cairo,1,14604,3902.0
Cairo_y2020.tif,183,0.0,0.07210382513661202,Cairo,0,14635,3902.0
Cairo_y2020.tif,331,0.5105740181268882,0.24838368580060424,Cairo,1,14645,3902.0
Cairo_y2020.tif,176,0.0,0.09511363636363637,Cairo,1,14664,3902.0
Cairo_y2020.tif,297,0.6936026936026936,0.27254208754208753,Cairo,0,14678,3902.0
Cairo_y2020.tif,342,0.1871345029239766,0.21937134502923977,Cairo,1,14757,3902.0
Cairo_y2020.tif,375,0.0026666666666666666,0.18765333333333334,Cairo,1,14701,3902.0
Cairo_y2020.tif,163,0.0,0.15555214723926378,Cairo,1,14717,3902.0
Cairo_y2020.tif,173,0.6358381502890174,0.27141618497109826,Cairo,0,14762,3902.0
Cairo_y2020.tif,305,0.0,0.12878688524590165,Cairo,1,14691,3902.0
Cairo_y2020.tif,418,0.5933014354066986,0.27666267942583733,Cairo,1,14544,3902.0
Cairo_y2020.tif,379,0.0,0.07713720316622691,Cairo,0,14577,3902.0
Cairo_y2020.tif,297,0.9158249158249159,0.3635016835016835,Cairo,1,14567,3902.0
Cairo_y2020.tif,195,1.0,0.3853589743589743,Cairo,1,14598,3902.0
Cairo_y2020.tif,233,1.0,0.37598712446351934,Cairo,0,14631,3902.0
Cairo_y2020.tif,641,0.9563182527301092,0.3316692667706708,Cairo,1,14659,3902.0
Cairo_y2020.tif,402,0.2885572139303483,0.18476368159203982,Cairo,1,14671,3902.0
Cairo_y2020.tif,2200,0.26954545454545453,0.1283113636363636,Cairo,0,14864,3902.0
Cairo_y2020.tif,249,0.3895582329317269,0.18508032128514054,Cairo,0,14713,3902.0
Cairo_y2020.tif,993,0.006042296072507553,0.03933534743202417,Cairo,0,14874,3902.0
Cairo_y2020.tif,260,0.17692307692307693,0.19136538461538463,Cairo,1,14705,3902.0
Cairo_y2020.tif,300,0.0,0.10861666666666667,Cairo,0,14791,3902.0
Cairo_y2020.tif,154,0.0,0.14396103896103898,Cairo,0,14802,3902.0
Cairo_y2020.tif,251,0.00796812749003984,0.19213147410358566,Cairo,1,14818,3902.0
Cairo_y2020.tif,405,0.0,0.09892592592592592,Cairo,0,14852,3902.0
Cairo_y2020.tif,528,0.0,0.11359848484848482,Cairo,1,14890,3902.0
Cairo_y2020.tif,288,0.0,0.05112847222222222,Cairo,0,14848,3902.0
Cairo_y2020.tif,300,0.12,0.1839333333333333,Cairo,0,14902,3902.0
Cairo_y2020.tif,274,0.0,0.11817518248175184,Cairo,1,14933,3902.0
Cairo_y2020.tif,431,0.0,0.05162412993039443,Cairo,0,14920,3902.0
Cairo_y2020.tif,296,0.0033783783783783786,0.09505067567567568,Cairo,0,14815,3902.0
Cairo_y2020.tif,308,0.0,0.07454545454545455,Cairo,1,14846,3902.0
Cairo_y2020.tif,213,0.0,0.06671361502347417,Cairo,0,14861,3902.0
Cairo_y2020.tif,383,0.0,0.08526109660574412,Cairo,1,14884,3902.0
Cairo_y2020.tif,2316,0.36830742659758203,0.1457059585492228,Cairo,0,15004,3902.0
Cairo_y2020.tif,786,0.16030534351145037,0.09928753180661579,Cairo,0,15039,3902.0
Cairo_y2020.tif,293,0.0,0.05901023890784983,Cairo,1,15046,3902.0
Cairo_y2020.tif,269,0.0,0.050539033457249076,Cairo,1,15056,3902.0
Cairo_y2020.tif,278,0.0,0.039316546762589936,Cairo,0,15060,3902.0
Cairo_y2020.tif,769,0.0,0.031723016905071524,Cairo,0,15075,3902.0
Cairo_y2020.tif,205,0.11219512195121951,0.18741463414634146,Cairo,1,14928,3902.0
Cairo_y2020.tif,195,0.06153846153846154,0.17202564102564102,Cairo,1,14948,3902.0
Cairo_y2020.tif,186,0.0,0.10370967741935483,Cairo,1,14968,3902.0
Cairo_y2020.tif,236,0.0,0.06699152542372881,Cairo,1,14979,3902.0
Cairo_y2020.tif,415,0.0,0.07214457831325302,Cairo,0,15015,3902.0
Cairo_y2020.tif,548,0.010948905109489052,0.06822080291970803,Cairo,0,15124,3902.0
Cairo_y2020.tif,674,0.03560830860534125,0.08386498516320474,Cairo,0,15092,3902.0
Cairo_y2020.tif,360,0.05277777777777778,0.06343055555555556,Cairo,1,15111,3902.0
Cairo_y2020.tif,369,0.0,0.05521680216802168,Cairo,1,14995,3902.0
Cairo_y2020.tif,276,0.0,0.04771739130434783,Cairo,1,15045,3902.0
Cairo_y2020.tif,2392,0.0,0.047023411371237465,Cairo,0,14947,3902.0
Cairo_y2020.tif,526,0.9638783269961977,0.3743916349809886,Cairo,1,14962,3902.0
Cairo_y2020.tif,372,0.9731182795698925,0.3425940860215054,Cairo,1,15079,3902.0
Cairo_y2020.tif,3116,0.16238767650834404,0.1527439024390244,Cairo,0,15229,3902.0
Cairo_y2020.tif,192,0.9166666666666666,0.31518229166666667,Cairo,1,15138,3902.0
Cairo_y2020.tif,505,0.5108910891089109,0.27108910891089105,Cairo,1,15180,3902.0
Cairo_y2020.tif,385,0.7454545454545455,0.29076623376623373,Cairo,0,15174,3902.0
Cairo_y2020.tif,744,0.9045698924731183,0.36245295698924734,Cairo,1,15257,3902.0
Cairo_y2020.tif,637,0.15855572998430142,0.1688697017268446,Cairo,0,15263,3902.0
Cairo_y2020.tif,553,0.4448462929475588,0.21452079566003618,Cairo,0,15305,3902.0
Cairo_y2020.tif,339,0.0,0.04430678466076697,Cairo,1,15089,3902.0
Cairo_y2020.tif,183,0.0,0.036857923497267756,Cairo,0,15065,3902.0
Cairo_y2020.tif,405,0.007407407407407408,0.06350617283950617,Cairo,0,15097,3902.0
Cairo_y2020.tif,203,1.0,0.38780788177339903,Cairo,1,15087,3902.0
Cairo_y2020.tif,218,1.0,0.38727064220183494,Cairo,1,15101,3902.0
Cairo_y2020.tif,203,1.0,0.3913054187192118,Cairo,1,15122,3902.0
Cairo_y2020.tif,288,1.0,0.4431423611111111,Cairo,1,15194,3902.0
Cairo_y2020.tif,305,0.7180327868852459,0.30560655737704917,Cairo,1,15219,3902.0
Cairo_y2020.tif,475,1.0,0.4243789473684211,Cairo,1,15293,3902.0
Cairo_y2020.tif,200,1.0,0.4452000000000001,Cairo,1,15196,3902.0
Cairo_y2020.tif,458,0.043668122270742356,0.16018558951965067,Cairo,1,15116,3902.0
Cairo_y2020.tif,149,0.0,0.10590604026845639,Cairo,0,15070,3902.0
Cairo_y2020.tif,335,0.0,0.056432835820895526,Cairo,1,15130,3902.0
Cairo_y2020.tif,264,0.0,0.03890151515151516,Cairo,1,15064,3902.0
Cairo_y2020.tif,1156,0.21193771626297578,0.18652681660899653,Cairo,1,15162,3902.0
Cairo_y2020.tif,476,0.0,0.11994747899159663,Cairo,0,15192,3902.0
Cairo_y2020.tif,575,0.4747826086956522,0.19543478260869565,Cairo,1,15154,3902.0
Cairo_y2020.tif,490,0.4816326530612245,0.23272448979591837,Cairo,0,15177,3902.0
Cairo_y2020.tif,286,0.3776223776223776,0.18012237762237762,Cairo,0,15236,3902.0
Cairo_y2020.tif,528,0.3522727272727273,0.2462215909090909,Cairo,1,15274,3902.0
Cairo_y2020.tif,321,0.9626168224299065,0.40870716510903426,Cairo,1,15300,3902.0
Cairo_y2020.tif,454,0.8392070484581498,0.36218061674008806,Cairo,1,15316,3902.0
Cairo_y2020.tif,644,1.0,0.4404347826086956,Cairo,1,15268,3902.0
Cairo_y2020.tif,244,0.8032786885245902,0.3416598360655738,Cairo,1,15338,3902.0
Cairo_y2020.tif,243,0.9053497942386831,0.3701646090534979,Cairo,1,15347,3902.0
Cairo_y2020.tif,395,0.9974683544303797,0.4263037974683544,Cairo,1,15314,3902.0
Cairo_y2020.tif,301,0.9102990033222591,0.3885714285714286,Cairo,1,15357,3902.0
Cairo_y2020.tif,359,0.9275766016713092,0.4003342618384401,Cairo,1,15363,3902.0
Cairo_y2020.tif,352,1.0,0.41350852272727273,Cairo,1,15335,3902.0
Cairo_y2020.tif,355,1.0,0.4313098591549296,Cairo,1,15385,3902.0
Cairo_y2020.tif,505,0.9881188118811881,0.3874356435643565,Cairo,1,15239,3902.0
Cairo_y2020.tif,237,0.0,0.08504219409282701,Cairo,0,15288,3902.0
Cairo_y2020.tif,263,0.4600760456273764,0.2188593155893536,Cairo,1,15277,3902.0
Cairo_y2020.tif,378,0.18253968253968253,0.23306878306878306,Cairo,1,15352,3902.0
Cairo_y2020.tif,343,1.0,0.4153935860058309,Cairo,1,15367,3902.0
Cairo_y2020.tif,559,0.0,0.08710196779964222,Cairo,0,15420,3902.0
Cairo_y2020.tif,503,0.43339960238568587,0.26204771371769386,Cairo,1,15356,3902.0
Cairo_y2020.tif,591,0.47715736040609136,0.26876480541455167,Cairo,1,15402,3902.0
Cairo_y2020.tif,238,1.0,0.3871428571428572,Cairo,1,15430,3902.0
Cairo_y2020.tif,630,0.6587301587301587,0.2967619047619047,Cairo,1,15477,3902.0
Cairo_y2020.tif,441,0.09070294784580499,0.1360090702947846,Cairo,1,14985,3902.0
Cairo_y2020.tif,470,0.10212765957446808,0.14017021276595748,Cairo,1,15086,3902.0
Cairo_y2020.tif,278,0.14388489208633093,0.20798561151079137,Cairo,1,15090,3902.0
Cairo_y2020.tif,730,0.2547945205479452,0.1457808219178082,Cairo,1,15146,3902.0
Cairo_y2020.tif,288,0.16666666666666666,0.2251215277777778,Cairo,1,15117,3902.0
Cairo_y2020.tif,172,0.12790697674418605,0.18418604651162787,Cairo,0,15169,3902.0
Cairo_y2020.tif,678,0.0,0.13321533923303833,Cairo,1,15291,3902.0
Cairo_y2020.tif,311,1.0,0.3827009646302251,Cairo,1,15217,3902.0
Cairo_y2020.tif,1049,0.1363203050524309,0.14604385128693995,Cairo,1,15269,3902.0
Cairo_y2020.tif,207,0.0,0.1001207729468599,Cairo,0,15279,3902.0
Cairo_y2020.tif,770,1.0,0.4245,Cairo,1,15067,3902.0
Cairo_y2020.tif,314,0.7898089171974523,0.30554140127388535,Cairo,1,15133,3902.0
Cairo_y2020.tif,779,1.0,0.4368677792041078,Cairo,1,15244,3902.0
Cairo_y2020.tif,510,0.6647058823529411,0.27607843137254906,Cairo,1,15172,3902.0
Cairo_y2020.tif,291,0.3333333333333333,0.24068728522336766,Cairo,1,15178,3902.0
Cairo_y2020.tif,604,1.0,0.4124172185430463,Cairo,1,15214,3902.0
Cairo_y2020.tif,942,1.0,0.45070594479830156,Cairo,1,15280,3902.0
Cairo_y2020.tif,557,0.6876122082585279,0.2854308797127469,Cairo,1,15309,3902.0
Cairo_y2020.tif,329,0.9209726443768997,0.3230243161094225,Cairo,1,15333,3902.0
Cairo_y2020.tif,306,0.9803921568627451,0.3357352941176471,Cairo,1,15341,3902.0
Cairo_y2020.tif,253,0.9367588932806324,0.33624505928853754,Cairo,1,15119,3902.0
Cairo_y2020.tif,1428,0.3753501400560224,0.20675070028011205,Cairo,1,15191,3902.0
Cairo_y2020.tif,178,1.0,0.42469101123595504,Cairo,1,15158,3902.0
Cairo_y2020.tif,325,0.9784615384615385,0.37583076923076925,Cairo,1,15287,3902.0
Cairo_y2020.tif,271,1.0,0.42265682656826564,Cairo,1,15232,3902.0
Cairo_y2020.tif,580,1.0,0.3779396551724138,Cairo,1,15273,3902.0
Cairo_y2020.tif,280,1.0,0.4266071428571428,Cairo,1,15286,3902.0
Cairo_y2020.tif,780,0.9320512820512821,0.28647435897435897,Cairo,0,15376,3902.0
Cairo_y2020.tif,219,1.0,0.41415525114155244,Cairo,1,15324,3902.0
Cairo_y2020.tif,486,1.0,0.3748353909465021,Cairo,1,15391,3902.0
Cairo_y2020.tif,461,0.9479392624728851,0.3699132321041214,Cairo,1,15168,3902.0
Cairo_y2020.tif,248,1.0,0.4456048387096775,Cairo,1,15193,3902.0
Cairo_y2020.tif,194,1.0,0.41402061855670097,Cairo,1,15187,3902.0
Cairo_y2020.tif,659,0.8983308042488619,0.3692867981790592,Cairo,1,15265,3902.0
Cairo_y2020.tif,407,0.9705159705159705,0.33642506142506146,Cairo,1,15226,3902.0
Cairo_y2020.tif,206,1.0,0.43395631067961166,Cairo,1,15276,3902.0
Cairo_y2020.tif,316,0.9272151898734177,0.3452373417721519,Cairo,1,15252,3902.0
Cairo_y2020.tif,346,0.8901734104046243,0.37423410404624274,Cairo,1,15325,3902.0
Cairo_y2020.tif,626,0.9313099041533547,0.37289137380191695,Cairo,1,15342,3902.0
Cairo_y2020.tif,590,0.8372881355932204,0.3503135593220339,Cairo,1,15403,3902.0
Cairo_y2020.tif,212,0.11320754716981132,0.18403301886792453,Cairo,1,15298,3902.0
Cairo_y2020.tif,365,0.9534246575342465,0.381041095890411,Cairo,1,15313,3902.0
Cairo_y2020.tif,356,1.0,0.44337078651685397,Cairo,1,15406,3902.0
Cairo_y2020.tif,706,0.09773371104815864,0.12837818696883851,Cairo,0,15398,3902.0
Cairo_y2020.tif,558,0.0,0.05976702508960573,Cairo,1,15413,3902.0
Cairo_y2020.tif,257,1.0,0.4072957198443579,Cairo,1,15366,3902.0
Cairo_y2020.tif,554,0.06678700361010831,0.18159747292418774,Cairo,1,15470,3902.0
Cairo_y2020.tif,521,0.5777351247600768,0.2034165067178503,Cairo,0,15483,3902.0
Cairo_y2020.tif,343,0.9795918367346939,0.38065597667638484,Cairo,1,15495,3902.0
Cairo_y2020.tif,505,0.0,0.09061386138613862,Cairo,0,15500,3902.0
Cairo_y2020.tif,325,1.0,0.34440000000000004,Cairo,1,15355,3902.0
Cairo_y2020.tif,159,1.0,0.3691509433962264,Cairo,0,15369,3902.0
Cairo_y2020.tif,195,1.0,0.37776923076923075,Cairo,1,15377,3902.0
Cairo_y2020.tif,605,0.9454545454545454,0.36683471074380164,Cairo,1,15386,3902.0
Cairo_y2020.tif,741,0.9149797570850202,0.35796221322537114,Cairo,1,15431,3902.0
Cairo_y2020.tif,226,1.0,0.4168141592920354,Cairo,1,15439,3902.0
Cairo_y2020.tif,175,0.7828571428571428,0.3095428571428572,Cairo,1,15475,3902.0
Cairo_y2020.tif,342,1.0,0.37435672514619883,Cairo,1,15482,3902.0
Cairo_y2020.tif,257,1.0,0.41357976653696493,Cairo,1,15487,3902.0
Cairo_y2020.tif,422,1.0,0.4203080568720379,Cairo,1,15501,3902.0
Cairo_y2020.tif,247,0.8987854251012146,0.3378137651821862,Cairo,0,15418,3902.0
Cairo_y2020.tif,299,1.0,0.375752508361204,Cairo,1,15434,3902.0
Cairo_y2020.tif,306,0.9607843137254902,0.3709640522875817,Cairo,1,15440,3902.0
Cairo_y2020.tif,455,1.0,0.4135164835164835,Cairo,1,15526,3902.0
Cairo_y2020.tif,766,0.9973890339425587,0.4111227154046997,Cairo,1,15518,3902.0
Cairo_y2020.tif,164,1.0,0.4295121951219512,Cairo,1,15517,3902.0
Cairo_y2020.tif,438,1.0,0.4220433789954337,Cairo,1,15527,3902.0
Cairo_y2020.tif,195,0.9948717948717949,0.32376923076923075,Cairo,1,15528,3902.0
Cairo_y2020.tif,236,1.0,0.4328389830508475,Cairo,1,15544,3902.0
Cairo_y2020.tif,352,1.0,0.43529829545454546,Cairo,1,15603,3902.0
Cairo_y2020.tif,230,1.0,0.35304347826086957,Cairo,1,15491,3902.0
Cairo_y2020.tif,268,0.11194029850746269,0.1969402985074627,Cairo,1,15525,3902.0
Cairo_y2020.tif,597,0.525963149078727,0.29039363484087105,Cairo,1,15467,3902.0
Cairo_y2020.tif,399,1.0,0.428483709273183,Cairo,1,15555,3902.0
Cairo_y2020.tif,254,1.0,0.43996062992125984,Cairo,1,15558,3902.0
Cairo_y2020.tif,385,0.9194805194805195,0.39888311688311684,Cairo,1,15599,3902.0
Cairo_y2020.tif,564,0.5673758865248227,0.3044060283687943,Cairo,1,15610,3902.0
Cairo_y2020.tif,236,1.0,0.423114406779661,Cairo,1,15611,3902.0
Cairo_y2020.tif,484,0.731404958677686,0.3291012396694215,Cairo,1,15617,3902.0
Cairo_y2020.tif,383,0.7310704960835509,0.32463446475195823,Cairo,1,15664,3902.0
Cairo_y2020.tif,263,1.0,0.3898098859315589,Cairo,1,15578,3902.0
Cairo_y2020.tif,162,1.0,0.4258024691358024,Cairo,1,15566,3902.0
Cairo_y2020.tif,369,1.0,0.4165040650406504,Cairo,1,15608,3902.0
Cairo_y2020.tif,224,0.9598214285714286,0.41575892857142854,Cairo,1,15593,3902.0
Cairo_y2020.tif,253,0.9762845849802372,0.36476284584980234,Cairo,1,15635,3902.0
Cairo_y2020.tif,424,1.0,0.419186320754717,Cairo,1,15644,3902.0
Cairo_y2020.tif,260,1.0,0.4167692307692307,Cairo,1,15658,3902.0
Cairo_y2020.tif,309,1.0,0.44634304207119746,Cairo,1,15676,3902.0
Cairo_y2020.tif,267,0.8801498127340824,0.3283333333333333,Cairo,1,15681,3902.0
Cairo_y2020.tif,299,0.9899665551839465,0.40127090301003343,Cairo,1,15678,3902.0
Cairo_y2020.tif,401,0.3566084788029925,0.2525062344139651,Cairo,1,15536,3902.0
Cairo_y2020.tif,1857,0.3672590199246096,0.15470920840064623,Cairo,1,15666,3902.0
Cairo_y2020.tif,390,0.0,0.05505128205128205,Cairo,1,15592,3902.0
Cairo_y2020.tif,281,0.017793594306049824,0.1619217081850534,Cairo,1,15626,3902.0
Cairo_y2020.tif,430,0.0,0.11043023255813954,Cairo,1,15684,3902.0
Cairo_y2020.tif,912,0.19736842105263158,0.15052631578947367,Cairo,0,15761,3902.0
Cairo_y2020.tif,248,0.04838709677419355,0.19272177419354838,Cairo,1,15767,3902.0
Cairo_y2020.tif,277,0.0,0.1367509025270758,Cairo,1,15779,3902.0
Cairo_y2020.tif,262,0.0,0.12896946564885492,Cairo,1,15787,3902.0
Cairo_y2020.tif,323,0.0,0.12741486068111454,Cairo,1,15797,3902.0
Cairo_y2020.tif,162,1.0,0.409783950617284,Cairo,1,14409,3902.0
Cairo_y2020.tif,367,1.0,0.3893869209809264,Cairo,1,14445,3902.0
Cairo_y2020.tif,314,0.22929936305732485,0.2596656050955414,Cairo,1,14483,3902.0
Cairo_y2020.tif,202,0.995049504950495,0.376980198019802,Cairo,1,14464,3902.0
Cairo_y2020.tif,195,1.0,0.4086666666666667,Cairo,1,14437,3902.0
Cairo_y2020.tif,612,0.0,0.11973856209150327,Cairo,0,14541,3902.0
Cairo_y2020.tif,747,0.0,0.10242302543507362,Cairo,0,14596,3902.0
Cairo_y2020.tif,401,0.9301745635910225,0.33144638403990023,Cairo,1,14553,3902.0
Cairo_y2020.tif,4354,0.17799724391364263,0.1252423059255857,Cairo,0,14739,3902.0
Cairo_y2020.tif,9229,0.09524325495720012,0.06188590313143352,Cairo,0,15024,3902.0
Cairo_y2020.tif,1892,0.0036997885835095136,0.08987579281183933,Cairo,0,14989,3902.0
Cairo_y2020.tif,474,0.9029535864978903,0.34044303797468356,Cairo,1,14932,3902.0
Cairo_y2020.tif,429,1.0,0.41895104895104895,Cairo,1,14943,3902.0
Cairo_y2020.tif,1979,0.3860535624052552,0.1861824153612936,Cairo,1,14991,3902.0
Cairo_y2020.tif,744,0.9852150537634409,0.40316532258064514,Cairo,1,14999,3902.0
Cairo_y2020.tif,171,1.0,0.4232163742690057,Cairo,1,15048,3902.0
Cairo_y2020.tif,239,0.9456066945606695,0.3435146443514644,Cairo,1,15082,3902.0
Cairo_y2020.tif,969,0.37874097007223945,0.18439112487100104,Cairo,0,15144,3902.0
Cairo_y2020.tif,759,0.9169960474308301,0.3769433465085639,Cairo,1,15156,3902.0
Cairo_y2020.tif,662,0.45770392749244715,0.2112990936555891,Cairo,0,15213,3902.0
Cairo_y2020.tif,598,0.026755852842809364,0.13638795986622074,Cairo,0,14872,3902.0
Cairo_y2020.tif,226,0.8539823008849557,0.31918141592920357,Cairo,0,14854,3902.0
Cairo_y2020.tif,419,0.6897374701670644,0.27525059665871127,Cairo,0,14788,3902.0
Cairo_y2020.tif,458,0.0,0.08569868995633188,Cairo,0,14916,3902.0
Cairo_y2020.tif,411,0.9075425790754258,0.2709367396593674,Cairo,0,14942,3902.0
Cairo_y2020.tif,423,0.8865248226950354,0.3022222222222222,Cairo,0,14951,3902.0
Cairo_y2020.tif,384,0.9270833333333334,0.2895052083333333,Cairo,1,14988,3902.0
Cairo_y2020.tif,379,0.2691292875989446,0.20098944591029022,Cairo,0,15012,3902.0
Cairo_y2020.tif,2715,0.11602209944751381,0.12358379373848986,Cairo,0,15112,3902.0
Cairo_y2020.tif,1352,0.14940828402366865,0.1440051775147929,Cairo,0,15129,3902.0
Cairo_y2020.tif,465,0.38064516129032255,0.2197741935483871,Cairo,0,15094,3902.0
Cairo_y2020.tif,734,0.5326975476839237,0.2182425068119891,Cairo,0,15153,3902.0
Cairo_y2020.tif,591,0.817258883248731,0.24781725888324874,Cairo,0,15147,3902.0
Cairo_y2020.tif,238,0.5210084033613446,0.24527310924369747,Cairo,1,15197,3902.0
Cairo_y2020.tif,257,0.7276264591439688,0.20101167315175097,Cairo,0,15259,3902.0
Cairo_y2020.tif,875,0.48914285714285716,0.27454285714285714,Cairo,1,15225,3902.0
Cairo_y2020.tif,261,0.8007662835249042,0.2739463601532567,Cairo,1,15282,3902.0
Cairo_y2020.tif,290,0.3931034482758621,0.25027586206896557,Cairo,1,15322,3902.0
Cairo_y2020.tif,297,0.3400673400673401,0.22823232323232323,Cairo,1,15361,3902.0
Cairo_y2020.tif,348,0.08333333333333333,0.16393678160919542,Cairo,0,15399,3902.0
Cairo_y2020.tif,3761,0.0,0.029204998670566338,Cairo,0,15696,3902.0
Cairo_y2020.tif,3220,0.28074534161490683,0.14875776397515528,Cairo,0,15424,3902.0
Cairo_y2020.tif,2572,0.03615863141524106,0.04009331259720062,Cairo,0,15730,3902.0
Cairo_y2020.tif,13092,0.03498319584479071,0.038169874732661174,Cairo,0,15650,3902.0
Cairo_y2020.tif,7837,0.2276381268342478,0.15221321934413679,Cairo,0,15689,3902.0
Cairo_y2020.tif,339,1.0,0.43380530973451326,Cairo,1,15685,3902.0
Cairo_y2020.tif,398,0.9849246231155779,0.40212311557788943,Cairo,1,15697,3902.0
Cairo_y2020.tif,1349,1.0,0.42568569310600446,Cairo,1,15770,3902.0
Cairo_y2020.tif,492,0.9634146341463414,0.38627032520325205,Cairo,1,15823,3902.0
Cairo_y2020.tif,667,0.9955022488755623,0.3872713643178411,Cairo,1,15859,3902.0
Cairo_y2020.tif,277,0.9819494584837545,0.3583754512635379,Cairo,1,15358,3902.0
Cairo_y2020.tif,458,0.08733624454148471,0.19182314410480347,Cairo,0,15432,3902.0
Cairo_y2020.tif,254,0.9606299212598425,0.308740157480315,Cairo,1,15368,3902.0
Cairo_y2020.tif,372,1.0,0.43639784946236565,Cairo,1,15415,3902.0
Cairo_y2020.tif,798,0.7481203007518797,0.28499373433583963,Cairo,0,15471,3902.0
Cairo_y2020.tif,314,1.0,0.39813694267515926,Cairo,1,15441,3902.0
Cairo_y2020.tif,232,1.0,0.38459051724137927,Cairo,0,15479,3902.0
Cairo_y2020.tif,353,1.0,0.35973087818696886,Cairo,1,15494,3902.0
Cairo_y2020.tif,285,1.0,0.3786140350877193,Cairo,1,15513,3902.0
Cairo_y2020.tif,472,1.0,0.4421716101694915,Cairo,1,15551,3902.0
Cairo_y2020.tif,319,0.9968652037617555,0.38391849529780564,Cairo,1,15543,3902.0
Cairo_y2020.tif,231,1.0,0.3317965367965367,Cairo,1,15545,3902.0
Cairo_y2020.tif,379,0.9683377308707124,0.38436675461741426,Cairo,1,15554,3902.0
Cairo_y2020.tif,300,1.0,0.41565,Cairo,1,15562,3902.0
Cairo_y2020.tif,307,0.9771986970684039,0.3948045602605863,Cairo,1,15584,3902.0
Cairo_y2020.tif,443,1.0,0.4121331828442438,Cairo,1,15627,3902.0
Cairo_y2020.tif,270,1.0,0.402537037037037,Cairo,1,15677,3902.0
Cairo_y2020.tif,1605,0.23862928348909657,0.13117133956386293,Cairo,0,15724,3902.0
Cairo_y2020.tif,1084,0.6706642066420664,0.2612869003690037,Cairo,0,15725,3902.0
Cairo_y2020.tif,1205,0.7012448132780082,0.28622821576763485,Cairo,1,15747,3902.0
Cairo_y2020.tif,318,1.0,0.4047012578616352,Cairo,1,15755,3902.0
Cairo_y2020.tif,3131,0.49632705206004474,0.23019961673586717,Cairo,1,15870,3902.0
Cairo_y2020.tif,5486,0.1986875683558148,0.13461629602624864,Cairo,0,16098,3902.0
Cairo_y2020.tif,238,1.0,0.3586344537815127,Cairo,1,15940,3902.0
Cairo_y2020.tif,301,0.7774086378737541,0.300797342192691,Cairo,0,15985,3902.0
Cairo_y2020.tif,514,1.0,0.3911770428015564,Cairo,1,16018,3902.0
Cairo_y2020.tif,225,1.0,0.41737777777777785,Cairo,1,16034,3902.0
Cairo_y2020.tif,452,0.9579646017699115,0.3591261061946903,Cairo,1,16078,3902.0
Cairo_y2020.tif,388,1.0,0.3806056701030928,Cairo,0,16099,3902.0
Cairo_y2020.tif,397,1.0,0.394823677581864,Cairo,0,16115,3902.0
Cairo_y2020.tif,381,1.0,0.4353018372703412,Cairo,1,15881,3902.0
Cairo_y2020.tif,625,0.9904,0.39727199999999996,Cairo,1,15913,3902.0
Cairo_y2020.tif,432,0.9699074074074074,0.2957291666666667,Cairo,1,15961,3902.0
Cairo_y2020.tif,370,0.845945945945946,0.29174324324324324,Cairo,1,15977,3902.0
Cairo_y2020.tif,365,1.0,0.34064383561643835,Cairo,1,16029,3902.0
Cairo_y2020.tif,250,0.936,0.38909999999999995,Cairo,1,16049,3902.0
Cairo_y2020.tif,407,0.4987714987714988,0.20985257985257985,Cairo,1,16073,3902.0
Cairo_y2020.tif,455,0.8769230769230769,0.2745934065934066,Cairo,1,16110,3902.0
Cairo_y2020.tif,385,1.0,0.4277532467532468,Cairo,1,16138,3902.0
Cairo_y2020.tif,852,0.954225352112676,0.3404225352112676,Cairo,1,16127,3902.0
Cairo_y2020.tif,553,0.8896925858951176,0.3531464737793852,Cairo,1,16123,3902.0
Cairo_y2020.tif,448,1.0,0.4078571428571429,Cairo,1,16148,3902.0
Cairo_y2020.tif,299,1.0,0.4260367892976589,Cairo,1,16180,3902.0
Cairo_y2020.tif,321,1.0,0.35906542056074764,Cairo,1,16197,3902.0
Cairo_y2020.tif,628,1.0,0.43675159235668787,Cairo,1,16244,3902.0
Cairo_y2020.tif,235,1.0,0.40146808510638304,Cairo,1,16207,3902.0
Cairo_y2020.tif,1601,0.6233603997501561,0.25647095565271705,Cairo,0,16287,3902.0
Cairo_y2020.tif,506,0.8557312252964426,0.270098814229249,Cairo,0,16263,3902.0
Cairo_y2020.tif,989,0.9979777553083923,0.4339939332659252,Cairo,1,16273,3902.0
Cairo_y2020.tif,697,0.32568149210903874,0.1382783357245337,Cairo,0,16331,3902.0
Cairo_y2020.tif,428,0.9766355140186916,0.3557710280373832,Cairo,1,15343,3902.0
Cairo_y2020.tif,180,1.0,0.4170555555555555,Cairo,1,15344,3902.0
Cairo_y2020.tif,430,1.0,0.4016976744186046,Cairo,1,15395,3902.0
Cairo_y2020.tif,717,0.9902370990237099,0.4038075313807531,Cairo,1,15503,3902.0
Cairo_y2020.tif,281,1.0,0.3998932384341637,Cairo,1,15504,3902.0
Cairo_y2020.tif,410,1.0,0.3622926829268293,Cairo,1,15447,3902.0
Cairo_y2020.tif,338,1.0,0.37809171597633134,Cairo,1,15522,3902.0
Cairo_y2020.tif,511,1.0,0.3589138943248532,Cairo,1,15549,3902.0
Cairo_y2020.tif,312,1.0,0.3978525641025641,Cairo,1,15532,3902.0
Cairo_y2020.tif,195,1.0,0.39417948717948725,Cairo,1,15508,3902.0
Cairo_y2020.tif,1447,0.4498963372494817,0.19177608845888044,Cairo,0,15535,3902.0
Cairo_y2020.tif,1349,0.888065233506301,0.2721608598962194,Cairo,0,15596,3902.0
Cairo_y2020.tif,847,0.0,0.18415584415584418,Cairo,1,15519,3902.0
Cairo_y2020.tif,1861,0.22729715206878023,0.14093766792047285,Cairo,0,15585,3902.0
Cairo_y2020.tif,8077,0.04580908753249969,0.06054104246626223,Cairo,0,16031,3902.0
Cairo_y2020.tif,1437,0.12734864300626306,0.10114474599860823,Cairo,0,15952,3902.0
Cairo_y2020.tif,1176,0.8503401360544217,0.3094855442176871,Cairo,0,15659,3902.0
Cairo_y2020.tif,644,0.0,0.16056677018633542,Cairo,0,15577,3902.0
Cairo_y2020.tif,723,0.029045643153526972,0.11072614107883819,Cairo,0,15683,3902.0
Cairo_y2020.tif,717,0.9539748953974896,0.2922733612273361,Cairo,0,15698,3902.0
Cairo_y2020.tif,1111,1.0,0.3893339333933393,Cairo,1,15550,3902.0
Cairo_y2020.tif,672,1.0,0.44513392857142864,Cairo,1,15652,3902.0
Cairo_y2020.tif,466,1.0,0.41549356223175965,Cairo,1,15630,3902.0
Cairo_y2020.tif,660,1.0,0.4406666666666667,Cairo,1,15674,3902.0
Cairo_y2020.tif,822,1.0,0.4173418491484185,Cairo,1,15679,3902.0
Cairo_y2020.tif,293,1.0,0.4127303754266211,Cairo,1,15614,3902.0
Cairo_y2020.tif,314,1.0,0.4278503184713375,Cairo,1,15671,3902.0
Cairo_y2020.tif,668,1.0,0.43410179640718566,Cairo,1,15733,3902.0
Cairo_y2020.tif,680,1.0,0.450514705882353,Cairo,1,15821,3902.0
Cairo_y2020.tif,588,1.0,0.4157482993197279,Cairo,1,15802,3902.0
Cairo_y2020.tif,793,0.0,0.12345523329129886,Cairo,1,15530,3902.0
Cairo_y2020.tif,448,0.011160714285714286,0.1898549107142857,Cairo,1,15572,3902.0
Cairo_y2020.tif,476,0.4474789915966387,0.24537815126050422,Cairo,0,15641,3902.0
Cairo_y2020.tif,412,0.6577669902912622,0.2767233009708738,Cairo,1,15646,3902.0
Cairo_y2020.tif,1543,0.23849643551523006,0.21565780946208685,Cairo,1,15673,3902.0
Cairo_y2020.tif,1285,0.9782101167315175,0.3688560311284047,Cairo,1,15845,3902.0
Cairo_y2020.tif,1668,1.0,0.4411031175059953,Cairo,1,15858,3902.0
Cairo_y2020.tif,987,0.3302938196555218,0.18375886524822696,Cairo,1,15835,3902.0
Cairo_y2020.tif,1020,0.06666666666666667,0.1948578431372549,Cairo,1,15774,3902.0
Cairo_y2020.tif,701,1.0,0.35270328102710413,Cairo,1,15886,3902.0
Cairo_y2020.tif,4749,0.0724363023794483,0.07537797431038114,Cairo,0,16414,3902.0
Cairo_y2020.tif,1463,0.09842788790157211,0.09722488038277513,Cairo,0,15838,3902.0
Cairo_y2020.tif,12592,0.03343392630241423,0.03376508894536214,Cairo,0,16055,3902.0
Cairo_y2020.tif,1185,0.11223628691983123,0.09269198312236288,Cairo,0,16036,3902.0
Cairo_y2020.tif,1607,0.4530180460485376,0.2112072184194151,Cairo,0,16065,3902.0
Cairo_y2020.tif,626,0.02875399361022364,0.10503993610223641,Cairo,0,16109,3902.0
Cairo_y2020.tif,1208,0.0,0.026932947019867554,Cairo,0,16137,3902.0
Cairo_y2020.tif,2880,0.019791666666666666,0.08760243055555555,Cairo,0,16289,3902.0
Cairo_y2020.tif,1455,0.32027491408934705,0.22269072164948453,Cairo,1,16193,3902.0
Cairo_y2020.tif,4231,0.335854407941385,0.15208697707397778,Cairo,0,16166,3902.0
Cairo_y2020.tif,1576,0.45050761421319796,0.26806154822335027,Cairo,1,15771,3902.0
Cairo_y2020.tif,1065,0.8,0.34048356807511737,Cairo,1,15831,3902.0
Cairo_y2020.tif,679,1.0,0.425081001472754,Cairo,1,15889,3902.0
Cairo_y2020.tif,832,0.9555288461538461,0.37992187499999996,Cairo,1,15941,3902.0
Cairo_y2020.tif,477,1.0,0.4230817610062893,Cairo,1,15956,3902.0
Cairo_y2020.tif,600,0.5383333333333333,0.2765666666666667,Cairo,1,15992,3902.0
Cairo_y2020.tif,1912,0.9759414225941423,0.333765690376569,Cairo,0,16075,3902.0
Cairo_y2020.tif,850,0.991764705882353,0.36842352941176465,Cairo,1,16039,3902.0
Cairo_y2020.tif,603,0.9933665008291874,0.33352404643449424,Cairo,1,16106,3902.0
Cairo_y2020.tif,874,0.5881006864988558,0.3040274599542334,Cairo,1,16210,3902.0
Cairo_y2020.tif,797,0.07026348808030113,0.1303324968632371,Cairo,0,15949,3902.0
Cairo_y2020.tif,1130,0.8831858407079646,0.3648805309734513,Cairo,1,16003,3902.0
Cairo_y2020.tif,967,1.0,0.42630299896587387,Cairo,1,15997,3902.0
Cairo_y2020.tif,1108,0.01263537906137184,0.11525722021660649,Cairo,0,16275,3902.0
Cairo_y2020.tif,1016,0.022637795275590553,0.0686466535433071,Cairo,0,16291,3902.0
Cairo_y2020.tif,569,0.0,0.11776801405975397,Cairo,0,16063,3902.0
Cairo_y2020.tif,463,0.714902807775378,0.3023758099352052,Cairo,1,16012,3902.0
Cairo_y2020.tif,812,1.0,0.39770935960591125,Cairo,1,16046,3902.0
Cairo_y2020.tif,697,0.7431850789096126,0.2960186513629842,Cairo,1,16149,3902.0
Cairo_y2020.tif,567,0.9611992945326279,0.3275573192239859,Cairo,1,16121,3902.0
Cairo_y2020.tif,557,0.35727109515260325,0.19081687612208262,Cairo,0,16274,3902.0
Cairo_y2020.tif,502,0.5896414342629482,0.2450498007968127,Cairo,0,16184,3902.0
Cairo_y2020.tif,470,0.4808510638297872,0.247468085106383,Cairo,1,16181,3902.0
Cairo_y2020.tif,1144,0.8531468531468531,0.32086538461538466,Cairo,1,16155,3902.0
Cairo_y2020.tif,751,1.0,0.4184354194407457,Cairo,1,16230,3902.0
Cairo_y2020.tif,1623,1.0,0.38512630930375846,Cairo,0,16276,3902.0
Cairo_y2020.tif,321,1.0,0.41436137071651086,Cairo,1,16348,3902.0
Cairo_y2020.tif,1001,1.0,0.43912587412587417,Cairo,1,16357,3902.0
Cairo_y2020.tif,615,1.0,0.4203170731707317,Cairo,0,16409,3902.0
Cairo_y2020.tif,684,1.0,0.4120248538011696,Cairo,1,16413,3902.0
Cairo_y2020.tif,945,0.2984126984126984,0.24771957671957673,Cairo,1,16238,3902.0
Cairo_y2020.tif,868,0.9804147465437788,0.34159562211981565,Cairo,1,16209,3902.0
Cairo_y2020.tif,757,0.404227212681638,0.2600792602377807,Cairo,1,16182,3902.0
Cairo_y2020.tif,1277,0.5520751761942052,0.2867384494909945,Cairo,1,16368,3902.0
Cairo_y2020.tif,595,0.4,0.26899159663865546,Cairo,1,16371,3902.0
Cairo_y2020.tif,607,0.8187808896210873,0.3387644151565074,Cairo,1,16376,3902.0
Cairo_y2020.tif,1403,1.0,0.4212259444048468,Cairo,1,16362,3902.0
Cairo_y2020.tif,1018,1.0,0.4466257367387034,Cairo,1,16498,3902.0
Cairo_y2020.tif,608,0.9868421052631579,0.42726973684210523,Cairo,1,16502,3902.0
Cairo_y2020.tif,1427,0.9824807288016818,0.3624526979677646,Cairo,1,16509,3902.0
Cairo_y2020.tif,1268,0.0,0.038588328075709784,Cairo,0,16387,3902.0
Cairo_y2020.tif,513,1.0,0.3888109161793373,Cairo,1,16310,3902.0
Cairo_y2020.tif,989,0.9979777553083923,0.43015672396359955,Cairo,1,16391,3902.0
Cairo_y2020.tif,707,1.0,0.4072065063649223,Cairo,0,16477,3902.0
Cairo_y2020.tif,942,0.9904458598726115,0.4120488322717622,Cairo,1,16457,3902.0
Cairo_y2020.tif,9166,0.0,0.018933558804276676,Cairo,0,16730,3902.0
Cairo_y2020.tif,2090,0.007655502392344498,0.02894258373205742,Cairo,0,16597,3902.0
Cairo_y2020.tif,1052,1.0,0.42609790874524717,Cairo,1,16574,3902.0
Cairo_y2020.tif,9178,0.19165395511004577,0.08346044889954238,Cairo,0,16723,3902.0
Cairo_y2020.tif,758,0.9986807387862797,0.39303430079155666,Cairo,1,16495,3902.0
Cairo_y2020.tif,342,0.4444444444444444,0.20434210526315788,Cairo,0,15359,3902.0
Cairo_y2020.tif,638,0.3667711598746082,0.18692789968652038,Cairo,0,15372,3902.0
Cairo_y2020.tif,2632,0.11854103343465046,0.08708776595744681,Cairo,0,15531,3902.0
Cairo_y2020.tif,189,1.0,0.31074074074074076,Cairo,1,15484,3902.0
Cairo_y2020.tif,1032,0.22965116279069767,0.1457703488372093,Cairo,0,15579,3902.0
Cairo_y2020.tif,461,0.6963123644251626,0.23729934924078092,Cairo,1,15597,3902.0
Cairo_y2020.tif,830,0.9566265060240964,0.3252951807228916,Cairo,0,15605,3902.0
Cairo_y2020.tif,309,1.0,0.39724919093851135,Cairo,1,15645,3902.0
Cairo_y2020.tif,453,1.0,0.4282450331125828,Cairo,1,15702,3902.0
Cairo_y2020.tif,584,1.0,0.4141095890410959,Cairo,1,15720,3902.0
Cairo_y2020.tif,784,1.0,0.3856313775510204,Cairo,1,15563,3902.0
Cairo_y2020.tif,1779,0.7127599775154582,0.27410905002810565,Cairo,1,15632,3902.0
Cairo_y2020.tif,1279,0.36982017200938233,0.1598631743549648,Cairo,0,15656,3902.0
Cairo_y2020.tif,545,1.0,0.44353211009174315,Cairo,1,15587,3902.0
Cairo_y2020.tif,892,1.0,0.44057735426008976,Cairo,1,15700,3902.0
Cairo_y2020.tif,938,1.0,0.44001066098081026,Cairo,1,15719,3902.0
Cairo_y2020.tif,644,1.0,0.4440916149068323,Cairo,1,15765,3902.0
Cairo_y2020.tif,684,1.0,0.4497880116959065,Cairo,1,15750,3902.0
Cairo_y2020.tif,391,1.0,0.42535805626598466,Cairo,1,15818,3902.0
Cairo_y2020.tif,540,1.0,0.4437314814814815,Cairo,1,15827,3902.0
Cairo_y2020.tif,296,1.0,0.4469425675675676,Cairo,1,15854,3902.0
Cairo_y2020.tif,285,1.0,0.4439649122807018,Cairo,1,15851,3902.0
Cairo_y2020.tif,386,1.0,0.44591968911917096,Cairo,1,15894,3902.0
Cairo_y2020.tif,553,1.0,0.42363471971066907,Cairo,1,15897,3902.0
Cairo_y2020.tif,261,1.0,0.31331417624521074,Cairo,1,15898,3902.0
Cairo_y2020.tif,178,1.0,0.4547752808988765,Cairo,1,15915,3902.0
Cairo_y2020.tif,2006,0.8888334995014955,0.28451395812562313,Cairo,0,16008,3902.0
Cairo_y2020.tif,287,1.0,0.42979094076655056,Cairo,1,15944,3902.0
Cairo_y2020.tif,205,1.0,0.44643902439024397,Cairo,1,15933,3902.0
Cairo_y2020.tif,366,1.0,0.4375956284153005,Cairo,1,15957,3902.0
Cairo_y2020.tif,229,1.0,0.40882096069868995,Cairo,0,15334,3902.0
Cairo_y2020.tif,651,0.7403993855606759,0.33552995391705065,Cairo,1,15436,3902.0
Cairo_y2020.tif,512,0.91015625,0.36983398437500004,Cairo,1,15462,3902.0
Cairo_y2020.tif,234,1.0,0.4251282051282051,Cairo,1,15444,3902.0
Cairo_y2020.tif,585,0.8598290598290599,0.34623076923076923,Cairo,1,15476,3902.0
Cairo_y2020.tif,452,1.0,0.42058628318584074,Cairo,1,15492,3902.0
Cairo_y2020.tif,5139,0.043977427515080755,0.05751410780307454,Cairo,0,15753,3902.0
Cairo_y2020.tif,1850,0.19945945945945945,0.09789459459459461,Cairo,0,15877,3902.0
Cairo_y2020.tif,5991,0.06242697379402437,0.047194124520113505,Cairo,0,16062,3902.0
Cairo_y2020.tif,11222,0.03920869720192479,0.039483158082338266,Cairo,0,16460,3902.0
Cairo_y2020.tif,3473,0.040598905845090696,0.04404549380938671,Cairo,0,15878,3902.0
Cairo_y2020.tif,3742,0.7904863709246392,0.26857161945483704,Cairo,0,16069,3902.0
Cairo_y2020.tif,969,0.4695562435500516,0.19004643962848297,Cairo,0,15927,3902.0
Cairo_y2020.tif,1018,0.8408644400785854,0.28287328094302555,Cairo,0,15946,3902.0
Cairo_y2020.tif,945,0.9851851851851852,0.400973544973545,Cairo,1,16179,3902.0
Cairo_y2020.tif,1111,1.0,0.4010756075607561,Cairo,1,16284,3902.0
Cairo_y2020.tif,650,0.34307692307692306,0.21672307692307693,Cairo,0,16279,3902.0
Cairo_y2020.tif,755,0.9430463576158941,0.3606622516556291,Cairo,1,16372,3902.0
Cairo_y2020.tif,265,0.539622641509434,0.26545283018867927,Cairo,1,16297,3902.0
Cairo_y2020.tif,306,0.9705882352941176,0.34066993464052286,Cairo,1,16277,3902.0
Cairo_y2020.tif,503,1.0,0.44713717693836985,Cairo,1,15965,3902.0
Cairo_y2020.tif,444,1.0,0.4532882882882884,Cairo,1,16025,3902.0
Cairo_y2020.tif,348,0.9339080459770115,0.38170977011494256,Cairo,1,16000,3902.0
Cairo_y2020.tif,410,0.9926829268292683,0.4066463414634146,Cairo,1,16019,3902.0
Cairo_y2020.tif,254,1.0,0.4514370078740158,Cairo,1,16080,3902.0
Cairo_y2020.tif,192,0.8854166666666666,0.34122395833333335,Cairo,0,16053,3902.0
Cairo_y2020.tif,351,1.0,0.44766381766381763,Cairo,1,16105,3902.0
Cairo_y2020.tif,374,0.9090909090909091,0.41192513368983963,Cairo,1,16101,3902.0
Cairo_y2020.tif,253,0.9960474308300395,0.4094268774703557,Cairo,1,16081,3902.0
Cairo_y2020.tif,177,1.0,0.4265536723163842,Cairo,1,16157,3902.0
Cairo_y2020.tif,387,0.1111111111111111,0.1781782945736434,Cairo,1,16363,3902.0
Cairo_y2020.tif,6761,0.7348025440023666,0.2687050732140216,Cairo,0,16570,3902.0
Cairo_y2020.tif,581,0.0,0.0688209982788296,Cairo,0,16394,3902.0
Cairo_y2020.tif,306,0.0196078431372549,0.1234967320261438,Cairo,1,16423,3902.0
Cairo_y2020.tif,260,0.0,0.13261538461538463,Cairo,1,16419,3902.0
Cairo_y2020.tif,359,0.45125348189415043,0.27200557103064066,Cairo,1,16415,3902.0
Cairo_y2020.tif,264,0.0,0.13248106060606057,Cairo,1,16469,3902.0
Cairo_y2020.tif,307,0.0,0.043192182410423455,Cairo,1,16475,3902.0
Cairo_y2020.tif,294,0.0,0.05277210884353742,Cairo,1,16476,3902.0
Cairo_y2020.tif,289,0.0,0.04662629757785467,Cairo,1,16524,3902.0
Cairo_y2020.tif,557,0.9676840215439856,0.4014452423698385,Cairo,1,16152,3902.0
Cairo_y2020.tif,239,0.895397489539749,0.38242677824267785,Cairo,1,16146,3902.0
Cairo_y2020.tif,395,0.9974683544303797,0.4256962025316456,Cairo,1,16169,3902.0
Cairo_y2020.tif,818,0.5929095354523227,0.29579462102689486,Cairo,1,16189,3902.0
Cairo_y2020.tif,264,1.0,0.42138257575757576,Cairo,1,16382,3902.0
Cairo_y2020.tif,386,1.0,0.3645725388601036,Cairo,1,16430,3902.0
Cairo_y2020.tif,516,0.5581395348837209,0.249108527131783,Cairo,1,16500,3902.0
Cairo_y2020.tif,8985,0.10350584307178631,0.10214412910406234,Cairo,0,16782,3902.0
Cairo_y2020.tif,264,0.7537878787878788,0.30221590909090906,Cairo,1,16565,3902.0
Cairo_y2020.tif,585,1.0,0.40698290598290593,Cairo,1,16616,3902.0
Cairo_y2020.tif,382,0.8612565445026178,0.34417539267015707,Cairo,1,16432,3902.0
Cairo_y2020.tif,584,0.3732876712328767,0.19837328767123288,Cairo,1,16516,3902.0
Cairo_y2020.tif,425,0.007058823529411765,0.09678823529411766,Cairo,1,16525,3902.0
Cairo_y2020.tif,362,0.35911602209944754,0.19599447513812152,Cairo,0,16510,3902.0
Cairo_y2020.tif,694,0.35014409221902015,0.18560518731988473,Cairo,0,16553,3902.0
Cairo_y2020.tif,465,0.589247311827957,0.2569677419354839,Cairo,1,16562,3902.0
Cairo_y2020.tif,438,0.6118721461187214,0.2754680365296803,Cairo,1,16598,3902.0
Cairo_y2020.tif,396,0.7196969696969697,0.2935227272727272,Cairo,1,16589,3902.0
Cairo_y2020.tif,325,0.7169230769230769,0.29664615384615384,Cairo,1,16624,3902.0
Cairo_y2020.tif,1008,0.0,0.04858630952380953,Cairo,1,16605,3902.0
Cairo_y2020.tif,454,0.0,0.03287444933920705,Cairo,1,16497,3902.0
Cairo_y2020.tif,517,0.0,0.08283365570599614,Cairo,1,16540,3902.0
Cairo_y2020.tif,285,0.0,0.046508771929824555,Cairo,1,16544,3902.0
Cairo_y2020.tif,437,0.0,0.0488329519450801,Cairo,1,16608,3902.0
Cairo_y2020.tif,435,0.0,0.05805747126436782,Cairo,1,16579,3902.0
Cairo_y2020.tif,906,0.19426048565121412,0.20799668874172184,Cairo,1,16664,3902.0
Cairo_y2020.tif,451,0.0,0.09261640798226163,Cairo,1,16651,3902.0
Cairo_y2020.tif,293,0.0,0.10851535836177476,Cairo,1,16671,3902.0
Cairo_y2020.tif,309,0.941747572815534,0.32677993527508087,Cairo,1,16714,3902.0
Cairo_y2020.tif,688,0.0,0.12053052325581395,Cairo,1,16694,3902.0
Cairo_y2020.tif,546,0.9304029304029304,0.3799358974358974,Cairo,1,15707,3902.0
Cairo_y2020.tif,233,0.9570815450643777,0.3921030042918454,Cairo,0,15703,3902.0
Cairo_y2020.tif,223,0.9372197309417041,0.3911883408071748,Cairo,1,15723,3902.0
Cairo_y2020.tif,370,1.0,0.44033783783783786,Cairo,1,15735,3902.0
Cairo_y2020.tif,252,0.8452380952380952,0.3347222222222222,Cairo,1,15732,3902.0
Cairo_y2020.tif,203,0.9310344827586207,0.39125615763546795,Cairo,1,15745,3902.0
Cairo_y2020.tif,197,0.9289340101522843,0.3916243654822335,Cairo,1,15760,3902.0
Cairo_y2020.tif,759,0.7523056653491436,0.2808498023715415,Cairo,1,15792,3902.0
Cairo_y2020.tif,348,0.9655172413793104,0.40235632183908043,Cairo,1,15789,3902.0
Cairo_y2020.tif,347,0.962536023054755,0.39808357348703166,Cairo,1,15819,3902.0
Cairo_y2020.tif,274,0.4927007299270073,0.26250000000000007,Cairo,1,15653,3902.0
Cairo_y2020.tif,341,0.7653958944281525,0.31939882697947214,Cairo,1,15661,3902.0
Cairo_y2020.tif,545,0.691743119266055,0.2944036697247706,Cairo,1,15717,3902.0
Cairo_y2020.tif,202,1.0,0.41076732673267324,Cairo,1,15766,3902.0
Cairo_y2020.tif,490,1.0,0.3652551020408163,Cairo,1,15786,3902.0
Cairo_y2020.tif,155,1.0,0.3510645161290323,Cairo,1,15788,3902.0
Cairo_y2020.tif,357,0.39215686274509803,0.2561204481792717,Cairo,1,15768,3902.0
Cairo_y2020.tif,675,0.9896296296296296,0.35314074074074076,Cairo,1,15920,3902.0
Cairo_y2020.tif,731,0.6196990424076607,0.29039671682626533,Cairo,1,15832,3902.0
Cairo_y2020.tif,232,0.7543103448275862,0.306875,Cairo,1,15820,3902.0
Cairo_y2020.tif,200,0.66,0.27740000000000004,Cairo,1,15815,3902.0
Cairo_y2020.tif,313,0.6485623003194888,0.26204472843450477,Cairo,1,15844,3902.0
Cairo_y2020.tif,340,0.9794117647058823,0.40595588235294117,Cairo,1,15846,3902.0
Cairo_y2020.tif,135,0.42962962962962964,0.2531481481481482,Cairo,1,15857,3902.0
Cairo_y2020.tif,291,1.0,0.40386597938144325,Cairo,1,15864,3902.0
Cairo_y2020.tif,171,0.47368421052631576,0.25128654970760234,Cairo,1,15866,3902.0
Cairo_y2020.tif,130,0.36153846153846153,0.25646153846153846,Cairo,1,15891,3902.0
Cairo_y2020.tif,175,0.6685714285714286,0.3047714285714286,Cairo,1,15907,3902.0
Cairo_y2020.tif,444,0.990990990990991,0.39416666666666667,Cairo,1,15890,3902.0
Cairo_y2020.tif,225,0.9955555555555555,0.3977555555555556,Cairo,1,15917,3902.0
Cairo_y2020.tif,441,0.8208616780045351,0.33495464852607704,Cairo,1,15929,3902.0
Cairo_y2020.tif,238,0.7184873949579832,0.30560924369747905,Cairo,1,15865,3902.0
Cairo_y2020.tif,536,0.9832089552238806,0.37569962686567165,Cairo,1,15921,3902.0
Cairo_y2020.tif,295,0.9186440677966101,0.35225423728813554,Cairo,1,15930,3902.0
Cairo_y2020.tif,191,0.7486910994764397,0.301544502617801,Cairo,1,15887,3902.0
Cairo_y2020.tif,231,0.974025974025974,0.3258441558441559,Cairo,1,15905,3902.0
Cairo_y2020.tif,547,0.5850091407678245,0.2897531992687386,Cairo,1,15951,3902.0
Cairo_y2020.tif,425,1.0,0.42497647058823523,Cairo,1,16016,3902.0
Cairo_y2020.tif,598,1.0,0.37935618729096987,Cairo,1,16060,3902.0
Cairo_y2020.tif,234,0.9401709401709402,0.37848290598290596,Cairo,1,16091,3902.0
Cairo_y2020.tif,171,0.9649122807017544,0.3442690058479532,Cairo,1,15922,3902.0
Cairo_y2020.tif,250,0.82,0.30713999999999997,Cairo,1,15936,3902.0
Cairo_y2020.tif,202,1.0,0.3953217821782178,Cairo,1,15934,3902.0
Cairo_y2020.tif,161,1.0,0.3938819875776398,Cairo,1,15945,3902.0
Cairo_y2020.tif,207,0.9710144927536232,0.3897826086956522,Cairo,1,15954,3902.0
Cairo_y2020.tif,392,0.9719387755102041,0.41183673469387755,Cairo,1,15975,3902.0
Cairo_y2020.tif,315,1.0,0.4079682539682539,Cairo,1,15988,3902.0
Cairo_y2020.tif,530,0.9490566037735849,0.3604150943396226,Cairo,1,16022,3902.0
Cairo_y2020.tif,386,0.9870466321243523,0.42283678756476695,Cairo,0,16011,3902.0
Cairo_y2020.tif,292,0.9623287671232876,0.4009075342465753,Cairo,1,16041,3902.0
Cairo_y2020.tif,358,0.9497206703910615,0.3717458100558659,Cairo,1,16052,3902.0
Cairo_y2020.tif,279,0.9713261648745519,0.410089605734767,Cairo,1,16066,3902.0
Cairo_y2020.tif,294,0.9761904761904762,0.36394557823129253,Cairo,1,16083,3902.0
Cairo_y2020.tif,291,0.993127147766323,0.4147938144329898,Cairo,1,16092,3902.0
Cairo_y2020.tif,361,0.9750692520775623,0.3546260387811634,Cairo,1,16116,3902.0
Cairo_y2020.tif,204,1.0,0.4482598039215687,Cairo,1,16114,3902.0
Cairo_y2020.tif,155,1.0,0.3631935483870968,Cairo,0,16122,3902.0
Cairo_y2020.tif,266,1.0,0.351578947368421,Cairo,1,16136,3902.0
Cairo_y2020.tif,305,0.9508196721311475,0.40429508196721314,Cairo,1,16141,3902.0
Cairo_y2020.tif,260,1.0,0.34,Cairo,1,16151,3902.0
Cairo_y2020.tif,264,0.9356060606060606,0.3976704545454546,Cairo,1,16159,3902.0
Cairo_y2020.tif,336,0.9821428571428571,0.31581845238095235,Cairo,1,16173,3902.0
Cairo_y2020.tif,288,0.9861111111111112,0.3913715277777778,Cairo,1,16183,3902.0
Cairo_y2020.tif,230,0.9304347826086956,0.3792608695652174,Cairo,1,16201,3902.0
Cairo_y2020.tif,356,0.797752808988764,0.2668679775280899,Cairo,1,16220,3902.0
Cairo_y2020.tif,133,1.0,0.35075187969924804,Cairo,1,16224,3902.0
Cairo_y2020.tif,273,0.7472527472527473,0.2886080586080586,Cairo,1,16227,3902.0
Cairo_y2020.tif,385,0.9272727272727272,0.3694935064935065,Cairo,1,16217,3902.0
Cairo_y2020.tif,381,0.5511811023622047,0.2928608923884515,Cairo,1,16267,3902.0
Cairo_y2020.tif,178,0.8539325842696629,0.33494382022471914,Cairo,1,16294,3902.0
Cairo_y2020.tif,226,0.8141592920353983,0.361570796460177,Cairo,1,16113,3902.0
Cairo_y2020.tif,220,0.6954545454545454,0.3318863636363636,Cairo,1,16135,3902.0
Cairo_y2020.tif,220,0.6727272727272727,0.31672727272727275,Cairo,1,16154,3902.0
Cairo_y2020.tif,232,0.5387931034482759,0.2613793103448276,Cairo,1,16171,3902.0
Cairo_y2020.tif,222,0.44594594594594594,0.23353603603603607,Cairo,1,16195,3902.0
Cairo_y2020.tif,464,0.16594827586206898,0.17094827586206895,Cairo,1,16214,3902.0
Cairo_y2020.tif,768,0.0,0.08404947916666668,Cairo,0,16350,3902.0
Cairo_y2020.tif,386,0.0,0.0705699481865285,Cairo,1,16355,3902.0
Cairo_y2020.tif,781,0.008962868117797696,0.0593213828425096,Cairo,0,16384,3902.0
Cairo_y2020.tif,348,0.014367816091954023,0.13423850574712645,Cairo,1,16365,3902.0
Cairo_y2020.tif,324,0.0,0.17078703703703704,Cairo,1,15814,3902.0
Cairo_y2020.tif,399,0.08020050125313283,0.13690476190476192,Cairo,0,15874,3902.0
Cairo_y2020.tif,566,0.026501766784452298,0.17515017667844524,Cairo,1,15892,3902.0
Cairo_y2020.tif,359,0.0,0.14657381615598886,Cairo,1,15912,3902.0
Cairo_y2020.tif,533,0.020637898686679174,0.18551594746716696,Cairo,1,15914,3902.0
Cairo_y2020.tif,298,0.13758389261744966,0.2438422818791946,Cairo,1,15923,3902.0
Cairo_y2020.tif,8561,0.05583459876182689,0.04831620137834365,Cairo,0,16237,3902.0
Cairo_y2020.tif,13426,0.036049456278861906,0.03507262028899151,Cairo,0,16646,3902.0
Cairo_y2020.tif,380,0.8605263157894737,0.30598684210526317,Cairo,1,16628,3902.0
Cairo_y2020.tif,985,0.3350253807106599,0.19073096446700508,Cairo,0,16793,3902.0
Cairo_y2020.tif,292,0.0,0.10306506849315068,Cairo,0,16332,3902.0
Cairo_y2020.tif,325,0.6307692307692307,0.26329230769230766,Cairo,0,16337,3902.0
Cairo_y2020.tif,218,1.0,0.3709403669724771,Cairo,1,16340,3902.0
Cairo_y2020.tif,398,1.0,0.374962311557789,Cairo,1,16341,3902.0
Cairo_y2020.tif,370,0.3945945945945946,0.261,Cairo,1,16323,3902.0
Cairo_y2020.tif,238,0.2773109243697479,0.2451050420168067,Cairo,1,16346,3902.0
Cairo_y2020.tif,234,0.6324786324786325,0.2767307692307693,Cairo,1,16369,3902.0
Cairo_y2020.tif,284,0.11619718309859155,0.22066901408450704,Cairo,1,16367,3902.0
Cairo_y2020.tif,194,1.0,0.4132474226804123,Cairo,1,16377,3902.0
Cairo_y2020.tif,266,0.015037593984962405,0.2106390977443609,Cairo,1,16393,3902.0
Cairo_y2020.tif,468,0.5341880341880342,0.25604700854700857,Cairo,0,16645,3902.0
Cairo_y2020.tif,284,0.7711267605633803,0.29755281690140845,Cairo,1,16644,3902.0
Cairo_y2020.tif,192,1.0,0.3755208333333333,Cairo,1,16665,3902.0
Cairo_y2020.tif,659,0.5280728376327769,0.23611532625189685,Cairo,0,16713,3902.0
Cairo_y2020.tif,502,0.9282868525896414,0.31469123505976093,Cairo,1,16718,3902.0
Cairo_y2020.tif,1117,0.03222918531781558,0.07426589077887198,Cairo,1,16768,3902.0
Cairo_y2020.tif,225,0.7911111111111111,0.30739999999999995,Cairo,1,16704,3902.0
Cairo_y2020.tif,425,0.8776470588235294,0.30268235294117646,Cairo,1,16676,3902.0
Cairo_y2020.tif,650,0.17692307692307693,0.13926153846153846,Cairo,1,16747,3902.0
Cairo_y2020.tif,263,0.25475285171102663,0.25621673003802276,Cairo,1,16746,3902.0
Cairo_y2020.tif,345,1.0,0.40597101449275363,Cairo,1,16658,3902.0
Cairo_y2020.tif,353,1.0,0.38781869688385273,Cairo,0,16695,3902.0
Cairo_y2020.tif,633,0.981042654028436,0.3879699842022117,Cairo,1,16686,3902.0
Cairo_y2020.tif,238,1.0,0.4028991596638655,Cairo,1,16773,3902.0
Cairo_y2020.tif,583,0.9536878216123499,0.37433962264150944,Cairo,1,16759,3902.0
Cairo_y2020.tif,160,1.0,0.36346875,Cairo,1,16829,3902.0
Cairo_y2020.tif,435,0.6022988505747127,0.27466666666666667,Cairo,1,16848,3902.0
Cairo_y2020.tif,173,1.0,0.35710982658959534,Cairo,1,16840,3902.0
Cairo_y2020.tif,210,1.0,0.3571190476190476,Cairo,0,16856,3902.0
Cairo_y2020.tif,1146,0.7635253054101222,0.2882766143106457,Cairo,1,16903,3902.0
Cairo_y2020.tif,316,0.3575949367088608,0.2545411392405063,Cairo,1,16732,3902.0
Cairo_y2020.tif,280,0.7571428571428571,0.3167678571428571,Cairo,1,16774,3902.0
Cairo_y2020.tif,528,0.0,0.0649905303030303,Cairo,1,16811,3902.0
Cairo_y2020.tif,427,1.0,0.3849882903981265,Cairo,1,16806,3902.0
Cairo_y2020.tif,528,0.005681818181818182,0.10995265151515153,Cairo,0,16833,3902.0
Cairo_y2020.tif,427,0.775175644028103,0.32954332552693205,Cairo,1,16803,3902.0
Cairo_y2020.tif,275,0.0,0.06752727272727273,Cairo,1,16859,3902.0
Cairo_y2020.tif,314,0.08917197452229299,0.15105095541401273,Cairo,1,16853,3902.0
Cairo_y2020.tif,413,0.9564164648910412,0.3096246973365617,Cairo,1,16857,3902.0
Cairo_y2020.tif,513,0.0,0.08043859649122807,Cairo,1,16895,3902.0
Cairo_y2020.tif,444,0.38063063063063063,0.1824099099099099,Cairo,0,16908,3902.0
Cairo_y2020.tif,995,0.3658291457286432,0.1536281407035176,Cairo,0,16933,3902.0
Cairo_y2020.tif,411,0.6326034063260341,0.2577007299270073,Cairo,1,16918,3902.0
Cairo_y2020.tif,506,0.9407114624505929,0.374703557312253,Cairo,1,16943,3902.0
Cairo_y2020.tif,515,0.8932038834951457,0.3730970873786407,Cairo,1,16977,3902.0
Cairo_y2020.tif,1194,0.19179229480737017,0.13711474036850918,Cairo,0,17014,3902.0
Cairo_y2020.tif,333,0.8588588588588588,0.37572072072072077,Cairo,1,17003,3902.0
Cairo_y2020.tif,365,0.9123287671232877,0.38027397260273976,Cairo,1,17019,3902.0
Cairo_y2020.tif,503,0.9304174950298211,0.37982107355864814,Cairo,1,17056,3902.0
Cairo_y2020.tif,378,0.1984126984126984,0.2544179894179894,Cairo,1,17060,3902.0
Cairo_y2020.tif,620,0.2629032258064516,0.21630645161290324,Cairo,1,16922,3902.0
Cairo_y2020.tif,531,0.0,0.08190207156308851,Cairo,1,16942,3902.0
Cairo_y2020.tif,1520,0.30855263157894736,0.1374769736842105,Cairo,0,17059,3902.0
Cairo_y2020.tif,2079,0.016354016354016353,0.06602212602212602,Cairo,0,17000,3902.0
Cairo_y2020.tif,241,0.07468879668049792,0.2295643153526971,Cairo,1,17087,3902.0
Cairo_y2020.tif,440,0.0,0.12367045454545454,Cairo,1,17083,3902.0
Cairo_y2020.tif,907,0.4696802646085998,0.20908489525909593,Cairo,0,17150,3902.0
Cairo_y2020.tif,373,0.09919571045576407,0.16702412868632707,Cairo,1,17122,3902.0
Cairo_y2020.tif,467,0.8865096359743041,0.31558886509635975,Cairo,1,17197,3902.0
Cairo_y2020.tif,300,0.09666666666666666,0.14093333333333333,Cairo,1,17188,3902.0
Cairo_y2020.tif,337,0.9436201780415431,0.3008753709198813,Cairo,0,17063,3902.0
Cairo_y2020.tif,662,1.0,0.3892522658610272,Cairo,1,17049,3902.0
Cairo_y2020.tif,190,0.6789473684210526,0.2736842105263158,Cairo,1,17107,3902.0
Cairo_y2020.tif,319,0.43573667711598746,0.2541065830721003,Cairo,1,17080,3902.0
Cairo_y2020.tif,384,0.8489583333333334,0.34093750000000006,Cairo,1,17117,3902.0
Cairo_y2020.tif,411,1.0,0.42616788321167876,Cairo,1,17086,3902.0
Cairo_y2020.tif,273,0.7326007326007326,0.2507875457875458,Cairo,0,17125,3902.0
Cairo_y2020.tif,206,0.6262135922330098,0.2671116504854369,Cairo,0,17131,3902.0
Cairo_y2020.tif,292,0.660958904109589,0.2626027397260274,Cairo,1,17164,3902.0
Cairo_y2020.tif,288,0.5347222222222222,0.2557291666666667,Cairo,1,17176,3902.0
Cairo_y2020.tif,956,0.6516736401673641,0.29760983263598323,Cairo,1,17199,3902.0
Cairo_y2020.tif,316,0.6962025316455697,0.25352848101265824,Cairo,1,17207,3902.0
Cairo_y2020.tif,325,0.47692307692307695,0.2476769230769231,Cairo,1,17232,3902.0
Cairo_y2020.tif,448,0.5625,0.2852455357142857,Cairo,1,17268,3902.0
Cairo_y2020.tif,746,0.24396782841823056,0.2134785522788204,Cairo,1,17321,3902.0
Cairo_y2020.tif,582,0.09450171821305842,0.16852233676975947,Cairo,1,17305,3902.0
Cairo_y2020.tif,1871,0.04489577765900588,0.07604756814537682,Cairo,0,17355,3902.0
Cairo_y2020.tif,1721,0.0,0.02307379430563626,Cairo,0,17374,3902.0
Cairo_y2020.tif,1371,0.0014587892049598833,0.050981035740335516,Cairo,0,17433,3902.0
Cairo_y2020.tif,1958,0.38202247191011235,0.17063074565883557,Cairo,0,17502,3902.0
Cairo_y2020.tif,344,0.4127906976744186,0.22738372093023254,Cairo,1,16764,3902.0
Cairo_y2020.tif,387,0.007751937984496124,0.18852713178294572,Cairo,1,16802,3902.0
Cairo_y2020.tif,633,0.00631911532385466,0.11958135860979462,Cairo,1,16819,3902.0
Cairo_y2020.tif,604,0.10596026490066225,0.18152317880794705,Cairo,1,16823,3902.0
Cairo_y2020.tif,1898,0.02792413066385669,0.14101422550052686,Cairo,0,16951,3902.0
Cairo_y2020.tif,2010,0.004477611940298508,0.08470149253731343,Cairo,0,17163,3902.0
Cairo_y2020.tif,1236,0.0,0.042467637540453074,Cairo,0,17193,3902.0
Cairo_y2020.tif,700,0.2,0.21057857142857148,Cairo,1,17247,3902.0
Cairo_y2020.tif,27187,0.004303527421193953,0.009167249052856145,Cairo,0,17359,3902.0
Cairo_y2020.tif,14110,0.0,0.0,Cairo,0,17961,3902.0
Cairo_y2020.tif,3885,0.08545688545688546,0.052532818532818534,Cairo,0,17472,3902.0
Cairo_y2020.tif,539,0.9443413729128015,0.3715213358070501,Cairo,1,17569,3902.0
Cairo_y2020.tif,525,0.9809523809523809,0.35391428571428574,Cairo,1,17586,3902.0
Cairo_y2020.tif,603,0.8938640132669984,0.334212271973466,Cairo,1,17580,3902.0
Cairo_y2020.tif,557,1.0,0.38422800718132855,Cairo,1,17646,3902.0
Cairo_y2020.tif,1452,0.40771349862258954,0.19053030303030302,Cairo,0,17789,3902.0
Cairo_y2020.tif,2103,0.727056585829767,0.261980504041845,Cairo,1,17685,3902.0
Cairo_y2020.tif,1150,0.5356521739130434,0.2132086956521739,Cairo,0,17741,3902.0
Cairo_y2020.tif,6390,0.09217527386541471,0.044988262910798126,Cairo,0,17992,3902.0
Cairo_y2020.tif,15157,0.05865276769809329,0.033795276110048164,Cairo,0,18228,3902.0
Cairo_y2020.tif,785,0.8038216560509555,0.29207006369426747,Cairo,1,16692,3902.0
Cairo_y2020.tif,718,0.3161559888579387,0.21474233983286908,Cairo,1,16703,3902.0
Cairo_y2020.tif,1862,0.015574650912996778,0.10547529538131042,Cairo,0,16728,3902.0
Cairo_y2020.tif,28245,0.011152416356877323,0.005393343954682245,Cairo,0,17779,3902.0
Cairo_y2020.tif,37252,0.0,0.0,Cairo,0,18501,3902.0
Cairo_y2020.tif,28451,0.0168711117359671,0.008708305507715019,Cairo,0,18695,3902.0
Cairo_y2020.tif,830,0.6325301204819277,0.23024698795180726,Cairo,0,18727,3902.0
Cairo_y2020.tif,854,0.8571428571428571,0.28275175644028105,Cairo,0,18755,3902.0
Cairo_y2020.tif,820,0.4609756097560976,0.19704268292682925,Cairo,0,18805,3902.0
Cairo_y2020.tif,2940,0.03571428571428571,0.06288945578231292,Cairo,0,18901,3902.0
Cairo_y2020.tif,2534,0.09116022099447514,0.07677979479084451,Cairo,0,17581,3902.0
Cairo_y2020.tif,1245,0.21124497991967872,0.11376706827309235,Cairo,0,17620,3902.0
Cairo_y2020.tif,757,0.0,0.06182959048877146,Cairo,0,17638,3902.0
Cairo_y2020.tif,2012,0.29721669980119286,0.1336058648111332,Cairo,0,17649,3902.0
Cairo_y2020.tif,1219,0.2526661197703035,0.16891714520098441,Cairo,0,17839,3902.0
Cairo_y2020.tif,2049,0.728648121034651,0.2912933138116154,Cairo,0,17763,3902.0
Cairo_y2020.tif,725,0.16275862068965516,0.1478896551724138,Cairo,0,17848,3902.0
Cairo_y2020.tif,1514,0.9729194187582563,0.34126486129458383,Cairo,1,17827,3902.0
Cairo_y2020.tif,697,0.04160688665710186,0.10941893830703013,Cairo,0,17880,3902.0
Cairo_y2020.tif,1589,0.9452485840151038,0.3361579609817495,Cairo,0,17901,3902.0
Cairo_y2020.tif,206,0.7718446601941747,0.3284466019417476,Cairo,1,17570,3902.0
Cairo_y2020.tif,1227,0.29502852485737574,0.17186226568867155,Cairo,1,17609,3902.0
Cairo_y2020.tif,463,0.3779697624190065,0.2505939524838013,Cairo,1,17624,3902.0
Cairo_y2020.tif,1375,0.05090909090909091,0.12383636363636365,Cairo,0,17752,3902.0
Cairo_y2020.tif,630,0.3349206349206349,0.2204603174603175,Cairo,1,17692,3902.0
Cairo_y2020.tif,461,0.09544468546637744,0.11832971800433838,Cairo,1,17780,3902.0
Cairo_y2020.tif,3022,0.0,0.05050794176042356,Cairo,0,17896,3902.0
Cairo_y2020.tif,703,0.0,0.11059032716927454,Cairo,1,17808,3902.0
Cairo_y2020.tif,1018,0.5471512770137524,0.2644695481335953,Cairo,0,17949,3902.0
Cairo_y2020.tif,2744,0.15087463556851313,0.0839887026239067,Cairo,0,18054,3902.0
Cairo_y2020.tif,1967,0.44483985765124556,0.1954524656837824,Cairo,0,18004,3902.0
Cairo_y2020.tif,2310,0.28484848484848485,0.14587878787878789,Cairo,0,18048,3902.0
Cairo_y2020.tif,678,0.23008849557522124,0.17823008849557523,Cairo,0,18026,3902.0
Cairo_y2020.tif,1190,0.3941176470588235,0.17974369747899158,Cairo,0,18028,3902.0
Cairo_y2020.tif,2698,0.29577464788732394,0.12007968865826539,Cairo,0,18105,3902.0
Cairo_y2020.tif,2641,0.1881862930708065,0.091932979931844,Cairo,0,18215,3902.0
Cairo_y2020.tif,2317,0.18040569702201123,0.11424471299093657,Cairo,0,18238,3902.0
Cairo_y2020.tif,1567,0.9566049776643267,0.3418857689853222,Cairo,0,18239,3902.0
Cairo_y2020.tif,788,0.6078680203045685,0.2330710659898477,Cairo,0,18243,3902.0
Cairo_y2020.tif,956,0.12656903765690378,0.08404288702928872,Cairo,0,18309,3902.0
Cairo_y2020.tif,1810,0.9591160220994475,0.35979281767955795,Cairo,0,18003,3902.0
Cairo_y2020.tif,1718,0.44935972060535506,0.20325087310826545,Cairo,0,18079,3902.0
Cairo_y2020.tif,2973,0.0,0.019589640094180964,Cairo,0,18177,3902.0
Cairo_y2020.tif,10911,0.2611126386215746,0.11918201814682429,Cairo,0,18478,3902.0
Cairo_y2020.tif,2457,0.10297110297110297,0.12083028083028083,Cairo,1,18424,3902.0
Cairo_y2020.tif,645,1.0,0.40537984496124035,Cairo,1,18446,3902.0
Cairo_y2020.tif,928,0.9698275862068966,0.37547952586206895,Cairo,1,18503,3902.0
Cairo_y2020.tif,3568,0.3038116591928251,0.1339784192825112,Cairo,0,18574,3902.0
Cairo_y2020.tif,1382,1.0,0.42249276410998554,Cairo,0,18584,3902.0
Cairo_y2020.tif,644,1.0,0.3631599378881988,Cairo,0,18571,3902.0
Cairo_y2020.tif,2154,0.0,0.025640668523676878,Cairo,0,18082,3902.0
Cairo_y2020.tif,642,0.1806853582554517,0.20238317757009347,Cairo,1,18017,3902.0
Cairo_y2020.tif,8704,0.07892922794117647,0.06312614889705882,Cairo,0,18245,3902.0
Cairo_y2020.tif,1085,0.5714285714285714,0.20291705069124424,Cairo,0,18218,3902.0
Cairo_y2020.tif,3473,0.3302620213072272,0.15701698819464438,Cairo,0,18268,3902.0
Cairo_y2020.tif,7638,0.1510866719036397,0.0866542288557214,Cairo,0,18463,3902.0
Cairo_y2020.tif,5139,0.07122008172796264,0.05753453979373418,Cairo,0,18490,3902.0
Cairo_y2020.tif,6062,0.34312108215110526,0.14815242494226327,Cairo,0,18564,3902.0
Cairo_y2020.tif,6335,0.0007892659826361484,0.019930544593528016,Cairo,0,18709,3902.0
Cairo_y2020.tif,1777,0.7771525042205966,0.2967248171074845,Cairo,0,18806,3902.0
Cairo_y2020.tif,8664,0.09602954755309326,0.06242728531855956,Cairo,0,18412,3902.0
Cairo_y2020.tif,4775,0.045654450261780104,0.038247120418848174,Cairo,0,18505,3902.0
Cairo_y2020.tif,2788,0.05810616929698709,0.07730093256814921,Cairo,0,18546,3902.0
Cairo_y2020.tif,5144,0.1901244167962675,0.0938792768273717,Cairo,0,18586,3902.0
Cairo_y2020.tif,3198,0.16666666666666666,0.10724828017510944,Cairo,0,18561,3902.0
Cairo_y2020.tif,5519,0.06504801594491756,0.044847798514223595,Cairo,0,18648,3902.0
Cairo_y2020.tif,950,0.25894736842105265,0.23070526315789475,Cairo,0,18577,3902.0
Cairo_y2020.tif,1186,1.0,0.40210370994940975,Cairo,0,18643,3902.0
Cairo_y2020.tif,771,0.5278858625162127,0.24058365758754865,Cairo,0,18716,3902.0
Cairo_y2020.tif,1534,0.7770534550195567,0.32334419817470667,Cairo,0,18715,3902.0
Cairo_y2020.tif,1182,1.0,0.4011379018612521,Cairo,1,18597,3902.0
Cairo_y2020.tif,1303,0.9240214888718342,0.33844205679201844,Cairo,0,18629,3902.0
Cairo_y2020.tif,722,1.0,0.40952216066481995,Cairo,1,18619,3902.0
Cairo_y2020.tif,971,1.0,0.3798506694129763,Cairo,0,18640,3902.0
Cairo_y2020.tif,1298,1.0,0.37671032357473033,Cairo,1,18700,3902.0
Cairo_y2020.tif,1608,0.9011194029850746,0.3330597014925373,Cairo,0,18711,3902.0
Cairo_y2020.tif,531,0.9661016949152542,0.35918079096045197,Cairo,0,18744,3902.0
Cairo_y2020.tif,1101,0.9627611262488647,0.3512488646684832,Cairo,0,18769,3902.0
Cairo_y2020.tif,768,1.0,0.4206966145833333,Cairo,0,18759,3902.0
Cairo_y2020.tif,2869,0.3297316138027187,0.16558556988497736,Cairo,0,18783,3902.0
Cairo_y2020.tif,1821,1.0,0.3824437122460187,Cairo,1,18722,3902.0
Cairo_y2020.tif,7315,0.28680792891319207,0.13491250854408748,Cairo,0,18770,3902.0
Cairo_y2020.tif,1445,0.7439446366782007,0.2893425605536332,Cairo,0,18779,3902.0
Cairo_y2020.tif,1515,1.0,0.4103168316831683,Cairo,1,18801,3902.0
Cairo_y2020.tif,1028,0.9922178988326849,0.3756420233463035,Cairo,0,18799,3902.0
Cairo_y2020.tif,763,1.0,0.39180865006553084,Cairo,0,18847,3902.0
Cairo_y2020.tif,2021,0.6996536368134587,0.2920583869371598,Cairo,0,18884,3902.0
Cairo_y2020.tif,1656,0.9921497584541062,0.3859631642512077,Cairo,0,18895,3902.0
Cairo_y2020.tif,2490,0.48032128514056227,0.2088413654618474,Cairo,0,18914,3902.0
Cairo_y2020.tif,2405,0.30353430353430355,0.15408108108108107,Cairo,0,18946,3902.0
Cairo_y2020.tif,640,0.734375,0.24714062499999997,Cairo,0,18793,3902.0
Cairo_y2020.tif,4335,0.2537485582468281,0.11588581314878893,Cairo,0,18827,3902.0
Cairo_y2020.tif,754,0.9058355437665783,0.29593501326259947,Cairo,0,18824,3902.0
Cairo_y2020.tif,2046,0.3020527859237537,0.1190273704789834,Cairo,0,18898,3902.0
Cairo_y2020.tif,4345,0.38342922899884924,0.18488492520138092,Cairo,0,18929,3902.0
Cairo_y2020.tif,4295,0.19161816065192083,0.08916414435389988,Cairo,0,18995,3902.0
Cairo_y2020.tif,14338,0.007950899707072115,0.013646254707769563,Cairo,0,19089,3902.0
Cairo_y2020.tif,28432,0.0,0.0010829347214406306,Cairo,0,19178,3902.0
Cairo_y2020.tif,3804,0.27996845425867506,0.12683359621451104,Cairo,0,19118,3902.0
Cairo_y2020.tif,3724,0.65171858216971,0.2537634264232009,Cairo,0,19179,3902.0
Cairo_y2020.tif,1716,0.7942890442890443,0.3151223776223776,Cairo,0,18784,3902.0
Cairo_y2020.tif,2640,0.23712121212121212,0.1505719696969697,Cairo,0,18831,3902.0
Cairo_y2020.tif,977,0.857727737973388,0.3361258955987717,Cairo,0,18836,3902.0
Cairo_y2020.tif,34413,2.9058785923924097e-05,0.003683346409786999,Cairo,0,19114,3902.0
Cairo_y2020.tif,1329,0.6418359668924003,0.25271256583897667,Cairo,0,19260,3902.0
Cairo_y2020.tif,551,1.0,0.361978221415608,Cairo,0,19277,3902.0
Cairo_y2020.tif,1069,1.0,0.37870439663236666,Cairo,0,19319,3902.0
Cairo_y2020.tif,1056,0.96875,0.3683285984848485,Cairo,0,19334,3902.0
Cairo_y2020.tif,921,1.0,0.3612757871878393,Cairo,0,19349,3902.0
Cairo_y2020.tif,8633,0.2211282288891463,0.08720491138654002,Cairo,0,19535,3902.0
Cairo_y2020.tif,285,0.8140350877192982,0.3447368421052632,Cairo,1,16400,3902.0
Cairo_y2020.tif,293,0.08532423208191127,0.2007679180887372,Cairo,1,16421,3902.0
Cairo_y2020.tif,272,0.7904411764705882,0.3396875,Cairo,1,16425,3902.0
Cairo_y2020.tif,273,0.22344322344322345,0.1995054945054945,Cairo,1,16446,3902.0
Cairo_y2020.tif,267,0.898876404494382,0.35363295880149814,Cairo,1,16453,3902.0
Cairo_y2020.tif,176,0.9375,0.34832386363636364,Cairo,1,16468,3902.0
Cairo_y2020.tif,279,0.06093189964157706,0.20229390681003584,Cairo,0,16483,3902.0
Cairo_y2020.tif,171,0.9415204678362573,0.3446198830409356,Cairo,1,16490,3902.0
Cairo_y2020.tif,412,0.0048543689320388345,0.16283980582524274,Cairo,1,16506,3902.0
Cairo_y2020.tif,199,0.9547738693467337,0.3222361809045226,Cairo,1,16503,3902.0
Cairo_y2020.tif,689,0.6705370101596516,0.2665239477503628,Cairo,1,16531,3902.0
Cairo_y2020.tif,675,0.0,0.14077037037037035,Cairo,0,16556,3902.0
Cairo_y2020.tif,663,0.01809954751131222,0.16228506787330316,Cairo,1,16596,3902.0
Cairo_y2020.tif,200,0.01,0.13465,Cairo,1,16577,3902.0
Cairo_y2020.tif,150,0.0,0.10229999999999999,Cairo,0,16573,3902.0
Cairo_y2020.tif,410,0.0,0.1337439024390244,Cairo,1,16595,3902.0
Cairo_y2020.tif,274,0.0,0.12905109489051095,Cairo,1,16619,3902.0
Cairo_y2020.tif,232,0.0,0.12426724137931033,Cairo,1,16633,3902.0
Cairo_y2020.tif,967,0.03516028955532575,0.14219751809720785,Cairo,1,16639,3902.0
Cairo_y2020.tif,995,0.0,0.10255778894472362,Cairo,1,16662,3902.0
Cairo_y2020.tif,384,0.018229166666666668,0.10907552083333333,Cairo,1,16411,3902.0
Cairo_y2020.tif,326,0.06748466257668712,0.12849693251533742,Cairo,1,16435,3902.0
Cairo_y2020.tif,3565,0.00028050490883590464,0.02455539971949509,Cairo,0,16652,3902.0
Cairo_y2020.tif,471,0.0,0.07245222929936306,Cairo,1,16420,3902.0
Cairo_y2020.tif,658,0.16869300911854104,0.12512917933130702,Cairo,1,16461,3902.0
Cairo_y2020.tif,368,0.0625,0.0883695652173913,Cairo,1,16504,3902.0
Cairo_y2020.tif,3565,0.005329593267882188,0.036866760168302946,Cairo,0,16775,3902.0
Cairo_y2020.tif,9028,0.0007753655294638901,0.01825708905626939,Cairo,0,17010,3902.0
Cairo_y2020.tif,13368,0.055206463195691204,0.022884500299222024,Cairo,0,18035,3902.0
Cairo_y2020.tif,14359,0.0,0.0,Cairo,0,18341,3902.0
Cairo_y2020.tif,2587,0.2659451101662157,0.13241592578275996,Cairo,0,17373,3902.0
Cairo_y2020.tif,1772,0.4345372460496614,0.21969243792325055,Cairo,0,17406,3902.0
Cairo_y2020.tif,1309,0.7349121466768526,0.28023682200152794,Cairo,0,17481,3902.0
Cairo_y2020.tif,731,0.7099863201094391,0.3109439124487004,Cairo,0,17484,3902.0
Cairo_y2020.tif,930,0.8032258064516129,0.2717311827956989,Cairo,0,17526,3902.0
Cairo_y2020.tif,522,0.46360153256704983,0.2666187739463602,Cairo,1,17535,3902.0
Cairo_y2020.tif,1300,0.7353846153846154,0.3004384615384615,Cairo,0,17574,3902.0
Cairo_y2020.tif,1166,0.8799313893653516,0.3200728987993139,Cairo,0,17594,3902.0
Cairo_y2020.tif,724,0.9475138121546961,0.3058218232044199,Cairo,0,17597,3902.0
Cairo_y2020.tif,838,0.9248210023866349,0.33028042959427206,Cairo,1,17715,3902.0
Cairo_y2020.tif,4076,0.0034347399411187437,0.03868007850834151,Cairo,0,16788,3902.0
Cairo_y2020.tif,15147,0.07229154287977817,0.048766752492242695,Cairo,0,17071,3902.0
Cairo_y2020.tif,13960,0.004083094555873926,0.023706303724928372,Cairo,0,17683,3902.0
Cairo_y2020.tif,2757,0.40261153427638735,0.1528708741385564,Cairo,0,17540,3902.0
Cairo_y2020.tif,1179,0.6895674300254453,0.2737955894826124,Cairo,0,17711,3902.0
Cairo_y2020.tif,1087,0.671573137074517,0.24801287948482065,Cairo,0,17835,3902.0
Cairo_y2020.tif,4917,0.2999796623957698,0.1204220052877771,Cairo,0,18064,3902.0
Cairo_y2020.tif,6129,0.019905367922989067,0.025749714472181433,Cairo,0,18462,3902.0
Cairo_y2020.tif,12372,0.06619786614936954,0.028070239249919176,Cairo,0,18482,3902.0
Cairo_y2020.tif,11255,0.003198578409595735,0.01695601954686806,Cairo,0,18388,3902.0
Cairo_y2020.tif,649,0.9830508474576272,0.3164175654853621,Cairo,1,17721,3902.0
Cairo_y2020.tif,1036,0.7519305019305019,0.2946573359073359,Cairo,0,17644,3902.0
Cairo_y2020.tif,1269,0.8195429472025216,0.29517730496453903,Cairo,0,17739,3902.0
Cairo_y2020.tif,1097,0.7566089334548769,0.23564266180492252,Cairo,0,17832,3902.0
Cairo_y2020.tif,715,0.3384615384615385,0.19253146853146852,Cairo,0,17838,3902.0
Cairo_y2020.tif,936,0.14423076923076922,0.15711538461538463,Cairo,1,17860,3902.0
Cairo_y2020.tif,801,0.6916354556803995,0.2861111111111111,Cairo,0,17922,3902.0
Cairo_y2020.tif,576,0.125,0.1937934027777778,Cairo,0,17938,3902.0
Cairo_y2020.tif,2538,0.5977147360126084,0.2539933018124507,Cairo,0,17991,3902.0
Cairo_y2020.tif,5332,0.001312828207051763,0.037704426106526634,Cairo,0,18174,3902.0
Cairo_y2020.tif,10415,0.23187710033605377,0.10197839654344695,Cairo,0,18705,3902.0
Cairo_y2020.tif,860,0.9837209302325581,0.3821279069767442,Cairo,0,18725,3902.0
Cairo_y2020.tif,1305,1.0,0.4035632183908045,Cairo,1,18787,3902.0
Cairo_y2020.tif,532,0.8984962406015038,0.3375657894736842,Cairo,0,18776,3902.0
Cairo_y2020.tif,997,0.9989969909729187,0.38602808425275825,Cairo,0,18794,3902.0
Cairo_y2020.tif,1862,0.8759398496240601,0.3116729323308271,Cairo,0,18837,3902.0
Cairo_y2020.tif,785,1.0,0.39467515923566876,Cairo,0,18869,3902.0
Cairo_y2020.tif,2400,0.9308333333333333,0.3576270833333334,Cairo,1,18897,3902.0
Cairo_y2020.tif,3157,0.29458346531517265,0.13580456129236618,Cairo,0,18971,3902.0
Cairo_y2020.tif,19113,0.0,0.0,Cairo,0,19274,3902.0
Cairo_y2020.tif,3683,0.25875644854737984,0.11105484659245181,Cairo,0,18650,3902.0
Cairo_y2020.tif,6877,0.27366584266395233,0.12436818380107605,Cairo,0,18808,3902.0
Cairo_y2020.tif,1978,1.0,0.39317997977755303,Cairo,1,18736,3902.0
Cairo_y2020.tif,2136,0.8703183520599251,0.3355266853932584,Cairo,0,18812,3902.0
Cairo_y2020.tif,4167,0.38108951283897285,0.15513678905687545,Cairo,0,18894,3902.0
Cairo_y2020.tif,3175,0.5725984251968504,0.236844094488189,Cairo,0,18922,3902.0
Cairo_y2020.tif,659,0.9802731411229135,0.30899848254931717,Cairo,0,19405,3902.0
Cairo_y2020.tif,1148,0.9634146341463414,0.30318815331010446,Cairo,1,19441,3902.0
Cairo_y2020.tif,968,0.7200413223140496,0.2627892561983471,Cairo,0,19469,3902.0
Cairo_y2020.tif,3504,0.17123287671232876,0.08558076484018265,Cairo,0,19492,3902.0
Cairo_y2020.tif,2949,0.0,0.0,Cairo,0,18449,3902.0
Cairo_y2020.tif,25285,0.05572473798694878,0.026285940280798892,Cairo,0,18802,3902.0
Cairo_y2020.tif,63566,0.003413774659409118,0.00247199760878457,Cairo,0,19195,3902.0
Cairo_y2020.tif,25393,0.03229236403733313,0.015343795534202339,Cairo,0,19403,3902.0
Cairo_y2020.tif,5038,0.14470027788805082,0.07133187772925764,Cairo,0,19452,3902.0
Cairo_y2020.tif,16570,0.022329511164755584,0.012650573325286664,Cairo,0,19564,3902.0
Cairo_y2020.tif,755,0.0,0.0,Cairo,0,19606,3902.0
Cairo_y2020.tif,3652,0.0,0.0,Cairo,0,19676,3902.0
Cairo_y2020.tif,1525,0.0,0.0,Kafr al Dayr,0,23,3947.0
Cairo_y2020.tif,4261,0.0,0.0,Kafr al Dayr,0,30,3947.0
Cairo_y2020.tif,19023,0.09215160595069127,0.043361720023129886,Cairo,0,19363,3902.0
Cairo_y2020.tif,646,1.0,0.3363699690402477,Cairo,0,19407,3902.0
Cairo_y2020.tif,993,1.0,0.38713494461228604,Cairo,0,19400,3902.0
Cairo_y2020.tif,537,1.0,0.35669459962756056,Cairo,1,19426,3902.0
Cairo_y2020.tif,461,1.0,0.39049891540130155,Cairo,1,19439,3902.0
Cairo_y2020.tif,1120,1.0,0.38709375,Cairo,1,19448,3902.0
Cairo_y2020.tif,596,1.0,0.34967281879194634,Cairo,0,19482,3902.0
Cairo_y2020.tif,8963,0.12573914983822382,0.05954758451411358,Cairo,0,19566,3902.0
Cairo_y2020.tif,135970,0.05633595646098404,0.025106420533941305,Cairo,0,19796,3902.0
Cairo_y2020.tif,9292,0.0,0.0,Kafr al Dayr,0,31,3947.0
Cairo_y2020.tif,729,1.0,0.43358710562414265,Cairo,1,16489,3902.0
Cairo_y2020.tif,976,0.7059426229508197,0.2793801229508197,Cairo,0,16517,3902.0
Cairo_y2020.tif,1044,0.9952107279693486,0.4067528735632184,Cairo,1,16488,3902.0
Cairo_y2020.tif,1566,0.45849297573435505,0.20621008939974458,Cairo,0,16584,3902.0
Cairo_y2020.tif,799,0.9849812265331664,0.39382352941176474,Cairo,1,16522,3902.0
Cairo_y2020.tif,923,0.8364030335861322,0.33238353196099674,Cairo,1,16603,3902.0
Cairo_y2020.tif,1612,0.7220843672456576,0.34549317617866,Cairo,1,16659,3902.0
Cairo_y2020.tif,2806,0.05452601568068425,0.08269957234497506,Cairo,0,16792,3902.0
Cairo_y2020.tif,1339,0.09036594473487677,0.12043689320388348,Cairo,0,16794,3902.0
Cairo_y2020.tif,2104,0.23859315589353614,0.15211977186311784,Cairo,0,16795,3902.0
Cairo_y2020.tif,521,0.0,0.10796545105566219,Cairo,1,16617,3902.0
Cairo_y2020.tif,3104,0.015141752577319588,0.06346005154639175,Cairo,0,16772,3902.0
Cairo_y2020.tif,1099,0.5159235668789809,0.26507279344858964,Cairo,1,16711,3902.0
Cairo_y2020.tif,714,0.0,0.11093137254901961,Cairo,0,16736,3902.0
Cairo_y2020.tif,2036,0.13605108055009824,0.1219253438113949,Cairo,0,16978,3902.0
Cairo_y2020.tif,7432,0.001076426264800861,0.029706673842841768,Cairo,0,17219,3902.0
Cairo_y2020.tif,1329,0.2708803611738149,0.143431151241535,Cairo,0,17052,3902.0
Cairo_y2020.tif,1257,0.16467780429594273,0.1867024661893397,Cairo,0,17046,3902.0
Cairo_y2020.tif,1506,0.4893758300132802,0.2250132802124834,Cairo,0,17064,3902.0
Cairo_y2020.tif,1313,0.26580350342726583,0.18955445544554456,Cairo,0,17143,3902.0
Cairo_y2020.tif,9064,0.011253309796999117,0.022663283318623127,Cairo,0,16701,3902.0
Cairo_y2020.tif,4320,0.22685185185185186,0.10306597222222222,Cairo,0,16883,3902.0
Cairo_y2020.tif,2421,0.37174721189591076,0.146728624535316,Cairo,0,16947,3902.0
Cairo_y2020.tif,1246,0.8868378812199037,0.33146067415730335,Cairo,0,16988,3902.0
Cairo_y2020.tif,5170,0.172147001934236,0.07262959381044487,Cairo,0,17130,3902.0
Cairo_y2020.tif,1133,1.0,0.4113945278022948,Cairo,1,17114,3902.0
Cairo_y2020.tif,1037,1.0,0.38846673095467693,Cairo,0,17189,3902.0
Cairo_y2020.tif,3241,0.37766121567417466,0.19960351743289106,Cairo,0,17173,3902.0
Cairo_y2020.tif,2588,0.9887944358578052,0.40457882534775885,Cairo,1,17185,3902.0
Cairo_y2020.tif,1760,0.8482954545454545,0.3204857954545455,Cairo,0,17324,3902.0
Cairo_y2020.tif,1357,0.9985261606484893,0.4066470154753131,Cairo,1,16638,3902.0
Cairo_y2020.tif,473,1.0,0.43182875264270615,Cairo,1,16580,3902.0
Cairo_y2020.tif,899,1.0,0.4218464961067853,Cairo,1,16578,3902.0
Cairo_y2020.tif,1298,0.21417565485362094,0.17268104776579352,Cairo,1,16722,3902.0
Cairo_y2020.tif,1175,0.49872340425531914,0.2738808510638298,Cairo,1,16734,3902.0
Cairo_y2020.tif,1499,0.66711140760507,0.23504002668445634,Cairo,0,16653,3902.0
Cairo_y2020.tif,1387,0.7736121124729632,0.3422891131939438,Cairo,1,16674,3902.0
Cairo_y2020.tif,2652,0.31862745098039214,0.19808069381598792,Cairo,0,17235,3902.0
Cairo_y2020.tif,2980,0.07483221476510067,0.14498154362416105,Cairo,0,17271,3902.0
Cairo_y2020.tif,1269,0.19306540583136328,0.14873128447596534,Cairo,0,17386,3902.0
Cairo_y2020.tif,941,0.0,0.060866099893730076,Cairo,0,16826,3902.0
Cairo_y2020.tif,1000,0.0,0.10779000000000001,Cairo,0,16953,3902.0
Cairo_y2020.tif,2425,0.004536082474226804,0.04857525773195877,Cairo,0,17048,3902.0
Cairo_y2020.tif,5464,0.06277452415812591,0.047652818448023423,Cairo,0,16981,3902.0
Cairo_y2020.tif,806,0.0,0.10171215880893299,Cairo,1,17118,3902.0
Cairo_y2020.tif,2539,0.2178022843639228,0.14748129184718395,Cairo,0,17231,3902.0
Cairo_y2020.tif,913,0.3187294633077766,0.17335706462212486,Cairo,0,17192,3902.0
Cairo_y2020.tif,1386,0.8376623376623377,0.3089033189033189,Cairo,1,17349,3902.0
Cairo_y2020.tif,2882,0.3695350451075642,0.16810201249132548,Cairo,0,17360,3902.0
Cairo_y2020.tif,603,0.9137645107794361,0.34339966832504143,Cairo,1,17411,3902.0
Cairo_y2020.tif,3956,0.23179979777553084,0.11232178968655208,Cairo,0,17211,3902.0
Cairo_y2020.tif,7992,0.3433433433433433,0.18723035535535537,Cairo,0,17338,3902.0
Cairo_y2020.tif,16523,0.16655571022211463,0.09929159353628277,Cairo,0,17859,3902.0
Cairo_y2020.tif,2422,0.22667217175887697,0.12291494632535095,Cairo,0,17548,3902.0
Cairo_y2020.tif,5091,0.0,0.016191318012178355,Cairo,0,17925,3902.0
Cairo_y2020.tif,2477,0.42268873637464677,0.17408356883326606,Cairo,0,17639,3902.0
Cairo_y2020.tif,991,0.9848637739656912,0.3844550958627649,Cairo,0,17672,3902.0
Cairo_y2020.tif,664,0.9397590361445783,0.35115210843373496,Cairo,1,17774,3902.0
Cairo_y2020.tif,1039,0.9393647738209817,0.3517420596727623,Cairo,0,17845,3902.0
Cairo_y2020.tif,1937,0.14455343314403718,0.1473438306659783,Cairo,0,17907,3902.0
Cairo_y2020.tif,2765,0.27160940325497285,0.12961663652802893,Cairo,0,17627,3902.0
Cairo_y2020.tif,1270,0.9086614173228347,0.36791338582677163,Cairo,0,17444,3902.0
Cairo_y2020.tif,1889,0.965060878771837,0.3492932768660667,Cairo,1,17466,3902.0
Cairo_y2020.tif,928,0.8480603448275862,0.293760775862069,Cairo,0,17590,3902.0
Cairo_y2020.tif,2562,0.9687743950039032,0.3847033567525371,Cairo,1,17642,3902.0
Cairo_y2020.tif,2368,0.9907094594594594,0.37506967905405403,Cairo,1,17640,3902.0
Cairo_y2020.tif,2247,1.0,0.4252803738317757,Cairo,1,17710,3902.0
Cairo_y2020.tif,1780,0.8308988764044943,0.3416039325842697,Cairo,0,17792,3902.0
Cairo_y2020.tif,2981,0.6467628312646763,0.28034384434753434,Cairo,0,17926,3902.0
Cairo_y2020.tif,618,1.0,0.422799352750809,Cairo,1,17874,3902.0
Cairo_y2020.tif,2737,0.030690537084398978,0.11161856046766533,Cairo,0,18010,3902.0
Cairo_y2020.tif,1844,0.20878524945770066,0.10893980477223426,Cairo,0,18001,3902.0
Cairo_y2020.tif,1958,0.0,0.06338866189989786,Cairo,0,18068,3902.0
Cairo_y2020.tif,4787,0.011698349697096303,0.02443701692082724,Cairo,0,18359,3902.0
Cairo_y2020.tif,4005,0.010986267166042446,0.03375156054931336,Cairo,0,18343,3902.0
Cairo_y2020.tif,44177,0.05296873938927496,0.046829571949204334,Cairo,0,18896,3902.0
Cairo_y2020.tif,4040,0.006683168316831683,0.03587500000000001,Cairo,0,18667,3902.0
Cairo_y2020.tif,1592,0.5816582914572864,0.25202575376884423,Cairo,0,18631,3902.0
Cairo_y2020.tif,2231,0.2787987449574182,0.24369116987897801,Cairo,0,18743,3902.0
Cairo_y2020.tif,2736,0.13596491228070176,0.12226608187134502,Cairo,0,18810,3902.0
Cairo_y2020.tif,1005,0.6796019900497512,0.2939950248756219,Cairo,0,17920,3902.0
Cairo_y2020.tif,1671,0.8282465589467385,0.3559934171154997,Cairo,1,17951,3902.0
Cairo_y2020.tif,1398,0.376967095851216,0.17762517882689557,Cairo,0,17985,3902.0
Cairo_y2020.tif,1294,0.22720247295208656,0.15753091190108193,Cairo,0,18033,3902.0
Cairo_y2020.tif,15791,0.07725919827749984,0.054552276613260724,Cairo,0,18393,3902.0
Cairo_y2020.tif,15998,0.0021877734716839606,0.009289911238904863,Cairo,0,18498,3902.0
Cairo_y2020.tif,14570,0.10775566231983527,0.06002711050102951,Cairo,0,18790,3902.0
Cairo_y2020.tif,8134,0.2505532333415294,0.10989857388738627,Cairo,0,18804,3902.0
Cairo_y2020.tif,67121,0.006957584064599753,0.010095275696130869,Cairo,0,19209,3902.0
Cairo_y2020.tif,34774,0.0,0.0003866394432622074,Cairo,0,19531,3902.0
Cairo_y2020.tif,1019,0.0,0.1457458292443572,Cairo,0,18789,3902.0
Cairo_y2020.tif,2060,0.000970873786407767,0.04483737864077671,Cairo,0,18839,3902.0
Cairo_y2020.tif,977,0.12794268167860798,0.15419651995905836,Cairo,0,18820,3902.0
Cairo_y2020.tif,2129,0.41333959605448567,0.1870479098168154,Cairo,0,18888,3902.0
Cairo_y2020.tif,2459,0.9609597397315982,0.37373525823505493,Cairo,0,18921,3902.0
Cairo_y2020.tif,1389,0.0,0.04902087832973361,Cairo,0,18958,3902.0
Cairo_y2020.tif,1813,0.9663541092112521,0.3751351351351351,Cairo,1,18992,3902.0
Cairo_y2020.tif,616,0.9935064935064936,0.34524350649350655,Cairo,0,19011,3902.0
Cairo_y2020.tif,20342,0.15888309900698064,0.08441795300363779,Cairo,0,19227,3902.0
Cairo_y2020.tif,4501,0.0,0.027006220839813376,Cairo,0,19228,3902.0
Cairo_y2020.tif,34169,0.03757792150779947,0.018234218150955547,Cairo,0,17800,3902.0
Cairo_y2020.tif,42832,0.004109077325364214,0.021696161748225626,Cairo,0,18354,3902.0
Cairo_y2020.tif,7084,0.0,0.016878176171654435,Cairo,0,18429,3902.0
Cairo_y2020.tif,8634,0.05698401667824878,0.03661802177438036,Cairo,0,18583,3902.0
Cairo_y2020.tif,1861,0.1601289629231596,0.13507254164427726,Cairo,0,18477,3902.0
Cairo_y2020.tif,955,0.32774869109947646,0.2247905759162304,Cairo,0,18516,3902.0
Cairo_y2020.tif,9418,0.10394988320237843,0.07538543215119983,Cairo,0,18602,3902.0
Cairo_y2020.tif,1731,0.389948006932409,0.15869728480647025,Cairo,0,18622,3902.0
Cairo_y2020.tif,1026,0.27680311890838205,0.21332846003898637,Cairo,0,18598,3902.0
Cairo_y2020.tif,1527,0.4629993451211526,0.23819908316961363,Cairo,0,18678,3902.0
Cairo_y2020.tif,3483,0.9856445592879701,0.3776701119724376,Cairo,0,18476,3902.0
Cairo_y2020.tif,1105,0.9981900452488688,0.38939366515837104,Cairo,0,18502,3902.0
Cairo_y2020.tif,950,0.7557894736842106,0.2945631578947368,Cairo,0,18534,3902.0
Cairo_y2020.tif,1945,1.0,0.38350642673521856,Cairo,0,18530,3902.0
Cairo_y2020.tif,759,1.0,0.4132213438735178,Cairo,0,18570,3902.0
Cairo_y2020.tif,938,1.0,0.4199147121535181,Cairo,0,18644,3902.0
Cairo_y2020.tif,5371,0.9981381493204246,0.4131958666914913,Cairo,0,18730,3902.0
Cairo_y2020.tif,3186,0.9541745134965474,0.3738025737602009,Cairo,0,18720,3902.0
Cairo_y2020.tif,2882,0.8757807078417765,0.36551526717557253,Cairo,0,18814,3902.0
Cairo_y2020.tif,1869,0.831995719636169,0.33261637239165326,Cairo,0,18803,3902.0
Cairo_y2020.tif,1530,0.16013071895424835,0.1864248366013072,Cairo,0,18701,3902.0
Cairo_y2020.tif,1070,0.2261682242990654,0.19860747663551404,Cairo,0,18688,3902.0
Cairo_y2020.tif,1154,0.2391681109185442,0.20204072790294625,Cairo,0,18682,3902.0
Cairo_y2020.tif,1560,0.0,0.0861378205128205,Cairo,0,18724,3902.0
Cairo_y2020.tif,1959,0.046452271567126086,0.14453547728432875,Cairo,0,18738,3902.0
Cairo_y2020.tif,606,0.1848184818481848,0.09207095709570957,Cairo,0,18764,3902.0
Cairo_y2020.tif,2365,0.00507399577167019,0.05921564482029599,Cairo,0,18818,3902.0
Cairo_y2020.tif,2515,0.00039761431411530816,0.052677932405566605,Cairo,0,18832,3902.0
Cairo_y2020.tif,4012,0.22582253240279163,0.13951021934197408,Cairo,0,18853,3902.0
Cairo_y2020.tif,1217,0.0,0.06607230895645029,Cairo,0,18829,3902.0
Cairo_y2020.tif,2362,0.29466553767993225,0.2123412362404742,Cairo,0,18645,3902.0
Cairo_y2020.tif,1055,1.0,0.37622748815165874,Cairo,0,18620,3902.0
Cairo_y2020.tif,1159,0.21052631578947367,0.21166954270923208,Cairo,0,18664,3902.0
Cairo_y2020.tif,1812,0.9773730684326711,0.34270419426048565,Cairo,0,18703,3902.0
Cairo_y2020.tif,1204,0.006644518272425249,0.075921926910299,Cairo,0,18735,3902.0
Cairo_y2020.tif,601,0.9883527454242929,0.37757903494176376,Cairo,0,18721,3902.0
Cairo_y2020.tif,1544,0.30634715025906734,0.16738989637305698,Cairo,0,18762,3902.0
Cairo_y2020.tif,1337,0.03590127150336574,0.14531413612565444,Cairo,0,18800,3902.0
Cairo_y2020.tif,1362,0.20337738619676946,0.16522760646108664,Cairo,0,18842,3902.0
Cairo_y2020.tif,19379,0.16863615253625058,0.0805253109035554,Cairo,0,19097,3902.0
Cairo_y2020.tif,1684,0.6282660332541568,0.25990795724465554,Cairo,0,18739,3902.0
Cairo_y2020.tif,1541,0.9967553536664504,0.3530272550292018,Cairo,0,18822,3902.0
Cairo_y2020.tif,3401,0.76771537783005,0.3036783299029698,Cairo,0,18875,3902.0
Cairo_y2020.tif,616,0.9886363636363636,0.37441558441558437,Cairo,0,18907,3902.0
Cairo_y2020.tif,1491,0.5801475519785378,0.28480549966465457,Cairo,0,18930,3902.0
Cairo_y2020.tif,4551,0.45792133597011647,0.19853768402548888,Cairo,0,18978,3902.0
Cairo_y2020.tif,2032,0.6112204724409449,0.24635580708661417,Cairo,0,18984,3902.0
Cairo_y2020.tif,2136,0.5051498127340824,0.19951544943820226,Cairo,0,19000,3902.0
Cairo_y2020.tif,1550,0.7064516129032258,0.29464193548387096,Cairo,0,19001,3902.0
Cairo_y2020.tif,5935,0.345240101095198,0.17453159224936815,Cairo,0,19106,3902.0
Cairo_y2020.tif,690,1.0,0.4207463768115942,Cairo,1,18882,3902.0
Cairo_y2020.tif,1195,0.9748953974895398,0.37518410041841005,Cairo,0,18927,3902.0
Cairo_y2020.tif,1407,1.0,0.40470859985785357,Cairo,0,18938,3902.0
Cairo_y2020.tif,1238,0.9870759289176091,0.37133683360258485,Cairo,0,18942,3902.0
Cairo_y2020.tif,2039,0.9524276606179499,0.34892839627268274,Cairo,0,18993,3902.0
Cairo_y2020.tif,851,0.9988249118683902,0.350358401880141,Cairo,0,19009,3902.0
Cairo_y2020.tif,1023,0.48484848484848486,0.21046432062561096,Cairo,0,19033,3902.0
Cairo_y2020.tif,3373,0.5443225615179366,0.23225615179365552,Cairo,0,19058,3902.0
Cairo_y2020.tif,1171,0.9991460290350128,0.4002946199829206,Cairo,0,19068,3902.0
Cairo_y2020.tif,1511,0.9788219722038385,0.36710787557908675,Cairo,0,19092,3902.0
Cairo_y2020.tif,1383,0.0,0.09843817787418654,Cairo,0,18826,3902.0
Cairo_y2020.tif,838,0.0011933174224343676,0.11970167064439141,Cairo,0,18830,3902.0
Cairo_y2020.tif,1013,0.20434353405725567,0.19704837117472854,Cairo,0,18905,3902.0
Cairo_y2020.tif,16881,0.039097209880931225,0.02385462946507908,Cairo,0,19450,3902.0
Cairo_y2020.tif,2093,0.5981844242713807,0.22508122312470139,Cairo,0,19485,3902.0
Cairo_y2020.tif,1095,1.0,0.3452374429223744,Cairo,0,19522,3902.0
Cairo_y2020.tif,1269,0.8581560283687943,0.30803782505910166,Cairo,0,19523,3902.0
Cairo_y2020.tif,14822,0.14222102280394008,0.0681652273647281,Cairo,0,19555,3902.0
Cairo_y2020.tif,2809,0.8864364542541829,0.330439658241367,Cairo,0,19548,3902.0
Cairo_y2020.tif,2729,0.33345547819714183,0.1512751923781605,Cairo,0,19578,3902.0
Cairo_y2020.tif,5193,0.6194877720007703,0.24895917581359522,Cairo,0,19061,3902.0
Cairo_y2020.tif,64432,0.03501365780978396,0.04060234045194935,Cairo,0,19491,3902.0
Cairo_y2020.tif,40542,0.022569187509249668,0.013090868728725766,Cairo,0,19432,3902.0
Cairo_y2020.tif,38826,0.03569772832637923,0.017065497347138515,Cairo,0,19605,3902.0
Cairo_y2020.tif,810,0.9777777777777777,0.3371851851851852,Cairo,0,19625,3902.0
Cairo_y2020.tif,673,0.9212481426448736,0.31922734026745914,Cairo,0,19647,3902.0
Cairo_y2020.tif,8066,0.3498636250929829,0.14499318125464913,Cairo,0,19682,3902.0
Cairo_y2020.tif,1004,0.7569721115537849,0.3112051792828685,Cairo,0,19684,3902.0
Cairo_y2020.tif,1164,0.3470790378006873,0.18544673539518902,Cairo,0,19690,3902.0
Cairo_y2020.tif,1583,0.6234996841440303,0.26273215413771317,Cairo,0,19694,3902.0
Cairo_y2020.tif,6339,0.5032339485723301,0.20228032812746488,Cairo,0,19202,3902.0
Cairo_y2020.tif,8602,0.1486863520111602,0.06358870030225529,Cairo,0,19294,3902.0
Cairo_y2020.tif,8775,0.07179487179487179,0.03382507122507122,Cairo,0,19572,3902.0
Cairo_y2020.tif,3431,0.5100553774409793,0.18013552900029148,Cairo,0,19588,3902.0
Cairo_y2020.tif,1885,1.0,0.3888461538461538,Cairo,0,19600,3902.0
Cairo_y2020.tif,1428,0.8592436974789915,0.31702731092436975,Cairo,0,19619,3902.0
Cairo_y2020.tif,968,1.0,0.39372933884297523,Cairo,0,19626,3902.0
Cairo_y2020.tif,732,1.0,0.4004849726775956,Cairo,0,19638,3902.0
Cairo_y2020.tif,922,1.0,0.41670281995661607,Cairo,0,19642,3902.0
Cairo_y2020.tif,1624,1.0,0.386243842364532,Cairo,0,19654,3902.0
Cairo_y2020.tif,1730,0.9965317919075144,0.40222543352601153,Cairo,1,19652,3902.0
Cairo_y2020.tif,1150,0.8739130434782608,0.3553391304347826,Cairo,0,19651,3902.0
Cairo_y2020.tif,546,0.989010989010989,0.3687179487179487,Cairo,0,19672,3902.0
Cairo_y2020.tif,1679,0.7540202501488982,0.27964860035735556,Cairo,0,19678,3902.0
Cairo_y2020.tif,1183,0.9425190194420964,0.3643110735418428,Cairo,0,19673,3902.0
Cairo_y2020.tif,862,0.834106728538283,0.31668213457076566,Cairo,0,19691,3902.0
Cairo_y2020.tif,1286,0.9152410575427683,0.3355404354587869,Cairo,0,19702,3902.0
Cairo_y2020.tif,18531,0.022394905833468242,0.01911661540121958,Cairo,0,19781,3902.0
Cairo_y2020.tif,3354,0.0,0.0,Aghour Al-Kubra,0,2,3921.0
Cairo_y2020.tif,2658,0.0,0.0,Aghour Al-Kubra,0,1,3921.0
Cairo_y2020.tif,6370,0.13281004709576139,0.08324332810047096,Cairo,0,14940,3902.0
Cairo_y2020.tif,1455,0.0027491408934707906,0.055766323024054994,Cairo,0,14900,3902.0
Cairo_y2020.tif,730,0.27671232876712326,0.14158904109589043,Cairo,0,14930,3902.0
Cairo_y2020.tif,451,0.10421286031042129,0.15222838137472283,Cairo,0,14944,3902.0
Cairo_y2020.tif,1219,0.3166529942575882,0.20381870385561937,Cairo,1,15110,3902.0
Cairo_y2020.tif,3911,0.0,0.0,Cairo,0,17591,3902.0
Cairo_y2020.tif,20320,0.030561023622047243,0.029490403543307092,Cairo,0,18201,3902.0
Cairo_y2020.tif,2094,0.6652340019102196,0.2715711556829036,Cairo,0,18212,3902.0
Cairo_y2020.tif,2977,0.9717836748404434,0.39134363453140747,Cairo,1,18262,3902.0
Cairo_y2020.tif,4534,0.08248786943096603,0.051625496250551385,Cairo,0,18346,3902.0
Cairo_y2020.tif,7496,0.0,0.0,Cairo,0,16881,3902.0
Cairo_y2020.tif,19835,0.12049407612805646,0.060411394000504146,Cairo,0,17362,3902.0
Cairo_y2020.tif,8477,0.13212221304706853,0.05758523062404152,Cairo,0,17405,3902.0
Cairo_y2020.tif,2802,0.18308351177730192,0.06038008565310494,Cairo,0,17704,3902.0
Cairo_y2020.tif,5571,0.10572608149344821,0.05938251660384132,Cairo,0,18086,3902.0
Cairo_y2020.tif,7883,0.2665228973740962,0.11327159710770011,Cairo,0,18288,3902.0
Cairo_y2020.tif,7072,0.1913178733031674,0.10115738122171945,Cairo,0,18281,3902.0
Cairo_y2020.tif,7676,0.0013027618551328818,0.018647733194372067,Cairo,0,18493,3902.0
Cairo_y2020.tif,2934,0.14894342194955693,0.08793115201090662,Cairo,0,18506,3902.0
Cairo_y2020.tif,4333,0.11700900069236095,0.07690283867989846,Cairo,0,18669,3902.0
Cairo_y2020.tif,1645,0.5866261398176292,0.2294650455927052,Cairo,0,18432,3902.0
Cairo_y2020.tif,1077,0.9879294336118849,0.37580315691736305,Cairo,1,18492,3902.0
Cairo_y2020.tif,534,0.9831460674157303,0.3745692883895131,Cairo,0,18532,3902.0
Cairo_y2020.tif,1175,0.9940425531914894,0.38131914893617025,Cairo,0,18578,3902.0
Cairo_y2020.tif,1029,0.967930029154519,0.3501749271137027,Cairo,0,18627,3902.0
Cairo_y2020.tif,1095,0.382648401826484,0.18520091324200913,Cairo,0,18666,3902.0
Cairo_y2020.tif,1170,0.8794871794871795,0.2801794871794872,Cairo,0,18662,3902.0
Cairo_y2020.tif,823,0.9951397326852977,0.3442041312272175,Cairo,0,18696,3902.0
Cairo_y2020.tif,3368,0.5964964370546318,0.22554928741092636,Cairo,0,18865,3902.0
Cairo_y2020.tif,497,0.317907444668008,0.17404426559356137,Cairo,0,18767,3902.0
Cairo_y2020.tif,7140,0.13753501400560225,0.07338865546218487,Cairo,0,18615,3902.0
Cairo_y2020.tif,1740,0.2132183908045977,0.11074999999999999,Cairo,0,18698,3902.0
Cairo_y2020.tif,9270,0.0372168284789644,0.03645253505933118,Cairo,0,18689,3902.0
Cairo_y2020.tif,703,0.9758179231863442,0.3184850640113799,Cairo,0,18726,3902.0
Cairo_y2020.tif,692,0.5202312138728323,0.26838150289017343,Cairo,0,18766,3902.0
Cairo_y2020.tif,874,0.2585812356979405,0.20180205949656752,Cairo,0,18792,3902.0
Cairo_y2020.tif,1022,0.8160469667318982,0.3147602739726027,Cairo,0,18866,3902.0
Cairo_y2020.tif,3250,0.08584615384615385,0.061070769230769234,Cairo,0,18878,3902.0
Cairo_y2020.tif,2069,0.17689705171580475,0.08449250845819237,Cairo,0,18874,3902.0
Cairo_y2020.tif,462,0.9978354978354979,0.354978354978355,Cairo,0,18871,3902.0
Cairo_y2020.tif,434,0.8525345622119815,0.25179723502304147,Cairo,0,18926,3902.0
Cairo_y2020.tif,3264,0.48621323529411764,0.1847778799019608,Cairo,0,18887,3902.0
Cairo_y2020.tif,1200,0.9991666666666666,0.36265000000000003,Cairo,0,18935,3902.0
Cairo_y2020.tif,959,0.9113660062565172,0.27934827945776847,Cairo,0,18988,3902.0
Cairo_y2020.tif,4065,0.47699876998769986,0.17522755227552275,Cairo,0,18982,3902.0
Cairo_y2020.tif,4420,0.005656108597285068,0.024447963800904977,Cairo,0,19051,3902.0
Cairo_y2020.tif,696,0.9956896551724138,0.3677658045977012,Cairo,0,19056,3902.0
Cairo_y2020.tif,2170,0.5327188940092166,0.20967972350230413,Cairo,0,19062,3902.0
Cairo_y2020.tif,779,0.7355584082156611,0.2702952503209243,Cairo,0,19080,3902.0
Cairo_y2020.tif,1850,0.9027027027027027,0.3607135135135135,Cairo,0,19159,3902.0
Cairo_y2020.tif,2685,0.47635009310986964,0.19315270018621974,Cairo,0,18825,3902.0
Cairo_y2020.tif,1542,0.6906614785992218,0.29514267185473414,Cairo,0,18857,3902.0
Cairo_y2020.tif,1379,0.9695431472081218,0.30793328498912254,Cairo,0,18821,3902.0
Cairo_y2020.tif,719,0.3769123783031989,0.2561404728789986,Cairo,1,18838,3902.0
Cairo_y2020.tif,16823,0.06734827319740831,0.0483582000832194,Cairo,0,19190,3902.0
Cairo_y2020.tif,27444,0.021571199533595684,0.009224238449205654,Cairo,0,19211,3902.0
Cairo_y2020.tif,32954,0.0014262305031255689,0.0009766644413424775,Cairo,0,19372,3902.0
Cairo_y2020.tif,131969,0.0021520205502807478,0.0015232744053527722,Cairo,0,19595,3902.0
Cairo_y2020.tif,13105,0.0,0.0,Cairo,0,19668,3902.0
Cairo_y2020.tif,2810,0.0,0.0,Cairo,0,19692,3902.0
Cairo_y2020.tif,7601,0.005657150374950665,0.0248559400078937,Cairo,0,19187,3902.0
Cairo_y2020.tif,3124,0.8905249679897568,0.36773527528809213,Cairo,0,19144,3902.0
Cairo_y2020.tif,2551,0.9921599372794982,0.3947275578204626,Cairo,0,19162,3902.0
Cairo_y2020.tif,671,1.0,0.37356929955290613,Cairo,0,19181,3902.0
Cairo_y2020.tif,3218,0.5637041640770665,0.2103169670602859,Cairo,0,19233,3902.0
Cairo_y2020.tif,780,0.9487179487179487,0.34819230769230763,Cairo,0,19225,3902.0
Cairo_y2020.tif,739,0.9431664411366711,0.36419485791610284,Cairo,0,19241,3902.0
Cairo_y2020.tif,10547,0.0,0.0,Cairo,0,19666,3902.0
Cairo_y2020.tif,1146,0.0,0.0,Cairo,0,19689,3902.0
Cairo_y2020.tif,1728,0.0,0.0,Cairo,1,19688,3902.0
Cairo_y2020.tif,1715,0.0,0.0,Cairo,0,19701,3902.0
Cairo_y2020.tif,654,0.0,0.0,Cairo,0,19717,3902.0
Cairo_y2020.tif,1141,0.0,0.0,Cairo,0,19722,3902.0
Cairo_y2020.tif,5291,0.0,0.0,Cairo,0,19730,3902.0
Cairo_y2020.tif,447,0.0,0.0,Cairo,0,19723,3902.0
Cairo_y2020.tif,809,0.0,0.0,Cairo,0,19732,3902.0
Cairo_y2020.tif,1825,0.0,0.0,Aghour Al-Kubra,0,55,3921.0
Cairo_y2020.tif,1262,0.0,0.0,Aghour Al-Kubra,0,63,3921.0
Cairo_y2020.tif,1069,0.0,0.0,Aghour Al-Kubra,0,70,3921.0
Cairo_y2020.tif,3677,0.0,0.0,Aghour Al-Kubra,0,72,3921.0
Cairo_y2020.tif,2117,0.7661785545583373,0.30632971185640057,Cairo,0,18660,3902.0
Cairo_y2020.tif,1283,0.9025720966484801,0.315709275136399,Cairo,0,18765,3902.0
Cairo_y2020.tif,3584,0.3998325892857143,0.15586495535714281,Cairo,0,18797,3902.0
Cairo_y2020.tif,1673,0.20322773460848775,0.12650926479378363,Cairo,0,18861,3902.0
Cairo_y2020.tif,974,0.07392197125256673,0.06989219712525668,Cairo,0,18860,3902.0
Cairo_y2020.tif,1305,0.1946360153256705,0.12296934865900384,Cairo,0,18850,3902.0
Cairo_y2020.tif,32911,0.0,0.0,Cairo,0,19783,3902.0
Cairo_y2020.tif,65052,0.0,0.0,Cairo,0,19821,3902.0
Cairo_y2020.tif,2143,0.0,0.0,Aghour Al-Kubra,0,68,3921.0
Cairo_y2020.tif,1506,0.0,0.0,Cairo,0,19700,3902.0
Cairo_y2020.tif,591,0.0,0.0,Cairo,1,19704,3902.0
Cairo_y2020.tif,1784,0.0,0.0,Cairo,0,19705,3902.0
Cairo_y2020.tif,897,0.0,0.0,Cairo,0,19727,3902.0
Cairo_y2020.tif,1188,0.0,0.0,Cairo,0,19734,3902.0
Cairo_y2020.tif,30791,0.0,0.0,Aghour Al-Kubra,0,65,3921.0
Cairo_y2020.tif,18070,0.0,0.0,Aghour Al-Kubra,0,84,3921.0
Cairo_y2020.tif,13346,0.007492881762325791,0.013436235576202608,Cairo,0,19168,3902.0
Cairo_y2020.tif,13832,0.169679005205321,0.07364444765760556,Cairo,0,19246,3902.0
Cairo_y2020.tif,11074,9.030160736861116e-05,0.013216543254469929,Cairo,0,19373,3902.0
Cairo_y2020.tif,1736,0.5869815668202765,0.20169642857142855,Cairo,0,19424,3902.0
Cairo_y2020.tif,913,0.8510405257393209,0.2825958378970427,Cairo,0,19459,3902.0
Cairo_y2020.tif,3760,0.35319148936170214,0.15668617021276596,Cairo,0,19540,3902.0
Cairo_y2020.tif,24996,0.0814930388862218,0.03244579132661226,Cairo,0,19680,3902.0
Cairo_y2020.tif,1411,0.0,0.0,Cairo,0,19801,3902.0
Cairo_y2020.tif,1465,0.0,0.0,Cairo,1,19814,3902.0
Cairo_y2020.tif,1691,0.0,0.0,Cairo,0,19822,3902.0
Cairo_y2020.tif,2551,0.2461779694237554,0.1254939239513916,Cairo,0,19221,3902.0
Cairo_y2020.tif,13608,0.14094650205761317,0.06536779835390945,Cairo,0,19325,3902.0
Cairo_y2020.tif,16759,0.0005370248821528731,0.0007864431051972076,Cairo,0,19444,3902.0
Cairo_y2020.tif,40174,0.06160700950863743,0.02463869666948773,Cairo,0,19597,3902.0
Cairo_y2020.tif,723,1.0,0.39154910096818807,Cairo,0,19623,3902.0
Cairo_y2020.tif,835,0.9928143712574851,0.3515209580838323,Cairo,1,19648,3902.0
Cairo_y2020.tif,783,0.9782886334610472,0.35803320561941254,Cairo,0,19655,3902.0
Cairo_y2020.tif,548,0.6167883211678832,0.24995437956204378,Cairo,0,19646,3902.0
Cairo_y2020.tif,26038,0.0952070051463246,0.04035140947845457,Cairo,0,19726,3902.0
Cairo_y2020.tif,48342,0.0,0.0,Cairo,0,19823,3902.0
Cairo_y2020.tif,41098,0.0147939072460947,0.005869142050708064,Cairo,0,19685,3902.0
Cairo_y2020.tif,10089,0.0,0.0,Aghour Al-Kubra,0,48,3921.0
Cairo_y2020.tif,12608,0.0,0.0,Aghour Al-Kubra,0,45,3921.0
Cairo_y2020.tif,2134,0.0,0.0,Aghour Al-Kubra,0,51,3921.0
Cairo_y2020.tif,439,0.0,0.0,Aghour Al-Kubra,1,56,3921.0
Cairo_y2020.tif,802,0.0,0.0,Aghour Al-Kubra,1,64,3921.0
Cairo_y2020.tif,496,0.0,0.0,Aghour Al-Kubra,0,67,3921.0
Cairo_y2020.tif,389,0.0,0.0,Aghour Al-Kubra,0,62,3921.0
Cairo_y2020.tif,4186,0.0,0.0,Aghour Al-Kubra,0,78,3921.0
Cairo_y2020.tif,27492,0.0,0.0,Aghour Al-Kubra,0,87,3921.0
Cairo_y2020.tif,17213,0.02410968454075408,0.011327775518503457,Cairo,0,19633,3902.0
Cairo_y2020.tif,4914,0.0,0.0,Cairo,0,19686,3902.0
Cairo_y2020.tif,11781,0.0,0.0,Cairo,0,19793,3902.0
Cairo_y2020.tif,15370,0.0,0.0,Cairo,0,19791,3902.0
Cairo_y2020.tif,904,0.0,0.0,Cairo,1,19799,3902.0
Cairo_y2020.tif,64168,0.0,0.0,Aghour Al-Kubra,0,58,3921.0
Cairo_y2020.tif,9199,0.0,0.0,Aghour Al-Kubra,0,61,3921.0
Cairo_y2020.tif,2209,0.0,0.0,Aghour Al-Kubra,0,74,3921.0
Cairo_y2020.tif,747,0.0,0.0,Aghour Al-Kubra,0,92,3921.0
Cairo_y2020.tif,8227,0.0,0.0,Aghour Al-Kubra,0,95,3921.0
Cairo_y2020.tif,8657,0.0,0.0,Aghour Al-Kubra,0,0,3921.0
Cairo_y2020.tif,96606,0.0,0.0,Aghour Al-Kubra,0,28,3921.0
Cairo_y2020.tif,31207,0.0,0.0,Aghour Al-Kubra,0,86,3921.0
Cairo_y2020.tif,28509,0.0,0.0,Aghour Al-Kubra,0,90,3921.0
Cairo_y2020.tif,1145,0.0,0.0,Aghour Al-Kubra,0,91,3921.0
Cairo_y2020.tif,2042,0.0,0.0,Aghour Al-Kubra,0,93,3921.0
Cairo_y2020.tif,2522,0.0,0.0,Aghour Al-Kubra,0,94,3921.0
Cairo_y2020.tif,22003,0.0,0.0,Aghour Al-Kubra,0,100,3921.0
Cairo_y2020.tif,3852,0.0,0.0,Aghour Al-Kubra,0,98,3921.0
Cairo_y2020.tif,828,0.0,0.0,Aghour Al-Kubra,0,97,3921.0
Cairo_y2020.tif,826,0.0,0.0,Aghour Al-Kubra,0,99,3921.0
Cairo_y2020.tif,601,0.0,0.0,Aghour Al-Kubra,1,3,3921.0
Cairo_y2020.tif,1344,0.0,0.0,Aghour Al-Kubra,0,4,3921.0
Cairo_y2020.tif,1790,0.0,0.0,Aghour Al-Kubra,0,5,3921.0
Cairo_y2020.tif,623,0.0,0.0,Aghour Al-Kubra,0,6,3921.0
Cairo_y2020.tif,1107,0.0,0.0,Aghour Al-Kubra,0,7,3921.0
Cairo_y2020.tif,1033,0.0,0.0,Aghour Al-Kubra,1,8,3921.0
Cairo_y2020.tif,1373,0.0,0.0,Aghour Al-Kubra,1,11,3921.0
Cairo_y2020.tif,822,0.0,0.0,Aghour Al-Kubra,0,10,3921.0
Cairo_y2020.tif,769,0.0,0.0,Aghour Al-Kubra,1,15,3921.0
Cairo_y2020.tif,2237,0.0,0.0,Aghour Al-Kubra,0,16,3921.0
Cairo_y2020.tif,8643,0.05229665625361564,0.03128832581279648,Cairo,0,19644,3902.0
Cairo_y2020.tif,5903,0.0,0.011962561409452819,Cairo,0,19699,3902.0
Cairo_y2020.tif,6884,0.0,0.0,Cairo,0,19738,3902.0
Cairo_y2020.tif,15246,0.03568149022694477,0.031010101010101015,Cairo,0,19758,3902.0
Cairo_y2020.tif,16013,0.0,0.0,Aghour Al-Kubra,0,26,3921.0
Cairo_y2020.tif,1360,0.0,0.0,Aghour Al-Kubra,0,9,3921.0
Cairo_y2020.tif,1196,0.0,0.0,Aghour Al-Kubra,1,14,3921.0
Cairo_y2020.tif,1018,0.0,0.0,Aghour Al-Kubra,0,19,3921.0
Cairo_y2020.tif,6046,0.0,0.0,Aghour Al-Kubra,0,24,3921.0
Cairo_y2020.tif,973,0.0,0.0,Aghour Al-Kubra,0,29,3921.0
Cairo_y2020.tif,1162,0.0,0.0,Aghour Al-Kubra,0,30,3921.0
Cairo_y2020.tif,1775,0.0,0.0,Aghour Al-Kubra,1,32,3921.0
Cairo_y2020.tif,949,0.0,0.0,Aghour Al-Kubra,0,31,3921.0
Cairo_y2020.tif,554,0.0,0.0,Aghour Al-Kubra,1,34,3921.0
Cairo_y2020.tif,17506,0.0,0.0,Aghour Al-Kubra,0,50,3921.0
Cairo_y2020.tif,616,0.0,0.0,Aghour Al-Kubra,1,18,3921.0
Cairo_y2020.tif,1359,0.0,0.0,Aghour Al-Kubra,0,20,3921.0
Cairo_y2020.tif,1462,0.0,0.0,Aghour Al-Kubra,0,21,3921.0
Cairo_y2020.tif,4608,0.0,0.0,Aghour Al-Kubra,0,22,3921.0
Cairo_y2020.tif,2416,0.0,0.0,Aghour Al-Kubra,0,23,3921.0
Cairo_y2020.tif,5265,0.0,0.0,Aghour Al-Kubra,0,25,3921.0
Cairo_y2020.tif,15848,0.0,0.0,Aghour Al-Kubra,0,33,3921.0
Cairo_y2020.tif,11453,0.0,0.0,Aghour Al-Kubra,0,77,3921.0
Cairo_y2020.tif,4586,0.0,0.0,Aghour Al-Kubra,0,76,3921.0
Cairo_y2020.tif,2997,0.0,0.0,Aghour Al-Kubra,0,88,3921.0
Cairo_y2020.tif,30994,0.0,0.0,Cairo,0,19824,3902.0
Cairo_y2020.tif,45262,0.0,0.0,Aghour Al-Kubra,0,17,3921.0
Cairo_y2020.tif,26019,0.0,0.0,Aghour Al-Kubra,0,12,3921.0
Cairo_y2020.tif,1865,0.0,0.0,Aghour Al-Kubra,0,13,3921.0
Cairo_y2020.tif,22671,0.0,0.0,Aghour Al-Kubra,0,27,3921.0
Cairo_y2020.tif,23968,0.0,0.0,Aghour Al-Kubra,0,81,3921.0
Cairo_y2020.tif,1011,0.0,0.0,Aghour Al-Kubra,0,89,3921.0
Cairo_y2020.tif,27728,0.0,0.0,Aghour Al-Kubra,0,101,3921.0
Cairo_y2020.tif,715,0.0,0.0,Aghour Al-Kubra,0,75,3921.0
Cairo_y2020.tif,1521,0.0,0.0,Aghour Al-Kubra,0,79,3921.0
Cairo_y2020.tif,6636,0.0,0.0,Aghour Al-Kubra,0,85,3921.0
Cairo_y2020.tif,13835,0.0,0.0,Aghour Al-Kubra,0,96,3921.0
Cairo_y2020.tif,5083,0.05095416092858548,0.043430060987605754,Cairo,0,18527,3902.0
Cairo_y2020.tif,4872,0.2814039408866995,0.10563834154351395,Cairo,0,18587,3902.0
Cairo_y2020.tif,1291,0.975987606506584,0.34946165762974435,Cairo,0,18542,3902.0
Cairo_y2020.tif,1240,0.9862903225806452,0.38464112903225806,Cairo,1,18606,3902.0
Cairo_y2020.tif,3025,0.7573553719008265,0.27470578512396693,Cairo,0,18600,3902.0
Cairo_y2020.tif,1689,1.0,0.36618117229129665,Cairo,0,18651,3902.0
Cairo_y2020.tif,536,1.0,0.39850746268656717,Cairo,1,18621,3902.0
Cairo_y2020.tif,1642,1.0,0.4090316686967113,Cairo,1,18687,3902.0
Cairo_y2020.tif,530,1.0,0.3978018867924528,Cairo,1,18691,3902.0
Cairo_y2020.tif,1193,0.9195305951383068,0.3460980720871752,Cairo,1,18760,3902.0
Cairo_y2020.tif,857,0.882147024504084,0.33871645274212364,Cairo,1,17272,3902.0
Cairo_y2020.tif,2082,0.29923150816522576,0.14696685878962537,Cairo,0,17369,3902.0
Cairo_y2020.tif,743,0.19784656796769853,0.12354643337819653,Cairo,0,17398,3902.0
Cairo_y2020.tif,4582,0.24552597119161937,0.10667503273679615,Cairo,0,17534,3902.0
Cairo_y2020.tif,2144,0.5862873134328358,0.19205923507462686,Cairo,0,17661,3902.0
Cairo_y2020.tif,5314,0.06981558148287542,0.03466974030861874,Cairo,0,17749,3902.0
Cairo_y2020.tif,31433,0.00022269589285146184,0.0008712181465338974,Cairo,0,18514,3902.0
Cairo_y2020.tif,3004,0.10153129161118508,0.0444390812250333,Cairo,0,18611,3902.0
Cairo_y2020.tif,28612,0.0,0.0009015448063749476,Cairo,0,19040,3902.0
Cairo_y2020.tif,19003,0.0,0.0,Cairo,0,19264,3902.0
Cairo_y2020.tif,979,0.9897854954034729,0.37711950970377933,Cairo,1,18753,3902.0
Cairo_y2020.tif,647,0.973724884080371,0.31523956723338487,Cairo,0,18742,3902.0
Cairo_y2020.tif,576,0.9982638888888888,0.36971354166666665,Cairo,0,18786,3902.0
Cairo_y2020.tif,1231,0.7286758732737612,0.2701380991064175,Cairo,1,18796,3902.0
Cairo_y2020.tif,697,0.5164992826398852,0.23661406025824966,Cairo,0,18867,3902.0
Cairo_y2020.tif,2121,0.42998585572843,0.17612682696841112,Cairo,0,18876,3902.0
Cairo_y2020.tif,40808,0.0035777298568908057,0.003534968633601255,Cairo,0,19138,3902.0
Cairo_y2020.tif,13084,0.0,0.0007837817181290126,Cairo,0,19247,3902.0
Cairo_y2020.tif,3943,0.10829317778341364,0.05841618057316765,Cairo,0,19272,3902.0
Cairo_y2020.tif,4666,0.163737676810973,0.06531825975139305,Cairo,0,19321,3902.0
Cairo_y2020.tif,6962,0.0,0.0,Cairo,0,18018,3902.0
Cairo_y2020.tif,10331,0.0,0.0013081986254960798,Cairo,0,18670,3902.0
Cairo_y2020.tif,7901,0.0,0.00089862042779395,Cairo,0,18976,3902.0
Cairo_y2020.tif,8892,0.0023616734143049934,0.012409469185784975,Cairo,0,19525,3902.0
Cairo_y2020.tif,16740,0.11338112305854241,0.05014426523297491,Cairo,0,19528,3902.0
Cairo_y2020.tif,30990,0.019006131010003226,0.015838818973862537,Cairo,0,19565,3902.0
Cairo_y2020.tif,1699,0.2625073572689818,0.11661859917598587,Cairo,0,19774,3902.0
Cairo_y2020.tif,635,0.988976377952756,0.3673228346456693,Cairo,0,19778,3902.0
Cairo_y2020.tif,733,0.9986357435197817,0.3601023192360163,Cairo,0,19780,3902.0
Cairo_y2020.tif,1468,0.8889645776566758,0.35554155313351493,Cairo,0,19794,3902.0
Cairo_y2020.tif,71707,0.0024265413418494705,0.001879802529739077,Cairo,0,19343,3902.0
Cairo_y2020.tif,11534,0.20365874804924572,0.08655106641234611,Cairo,0,19464,3902.0
Cairo_y2020.tif,14798,0.06987430733882957,0.03487971347479389,Cairo,0,19542,3902.0
Cairo_y2020.tif,41059,0.0,0.0,Cairo,0,19658,3902.0
Cairo_y2020.tif,1738,0.5218642117376294,0.23948504027617953,Cairo,0,19760,3902.0
Cairo_y2020.tif,1884,1.0,0.3747584925690021,Cairo,1,19777,3902.0
Cairo_y2020.tif,1366,0.9978038067349927,0.3337445095168375,Cairo,0,19776,3902.0
Cairo_y2020.tif,1440,0.8861111111111111,0.33265277777777774,Cairo,1,19827,3902.0
Cairo_y2020.tif,2921,0.26258130777131117,0.12384457377610407,Cairo,0,19841,3902.0
Cairo_y2020.tif,1481,0.5428764348413234,0.20540175557056045,Cairo,0,19859,3902.0
Cairo_y2020.tif,5694,0.0,0.0,Cairo,0,19355,3902.0
Cairo_y2020.tif,6911,0.0,0.0,Cairo,0,19347,3902.0
Cairo_y2020.tif,966,0.0,0.0,Cairo,0,19375,3902.0
Cairo_y2020.tif,803,0.0,0.0,Cairo,1,19378,3902.0
Cairo_y2020.tif,5060,0.013438735177865613,0.02267094861660079,Cairo,0,19486,3902.0
Cairo_y2020.tif,5747,0.15486340699495388,0.06351400730816077,Cairo,0,19773,3902.0
Cairo_y2020.tif,16824,0.1046718972895863,0.05321178078934855,Cairo,0,19840,3902.0
Cairo_y2020.tif,37352,0.011538873420432642,0.016248527521953313,Cairo,0,19915,3902.0
Cairo_y2020.tif,5633,0.2030889401739748,0.0865613349902361,Cairo,0,19902,3902.0
Cairo_y2020.tif,4985,0.3456369107321966,0.1483039117352056,Cairo,0,19943,3902.0
Cairo_y2020.tif,23154,0.17979614753390344,0.07873650341193747,Cairo,0,19527,3902.0
Cairo_y2020.tif,1230,1.0,0.4029959349593496,Cairo,0,19503,3902.0
Cairo_y2020.tif,42132,0.24304566600208868,0.10029122757049275,Cairo,0,19656,3902.0
Cairo_y2020.tif,7798,0.12618620159015131,0.055564888432931524,Cairo,0,19779,3902.0
Cairo_y2020.tif,37822,0.006742107767965734,0.006471233673523346,Cairo,0,19785,3902.0
Cairo_y2020.tif,8435,0.13408417308832246,0.056858328393598105,Cairo,0,19749,3902.0
Cairo_y2020.tif,55167,0.00016314100821143075,0.002299653778527018,Cairo,0,19834,3902.0
Cairo_y2020.tif,21278,0.10813986276905724,0.04684885797537363,Cairo,0,19896,3902.0
Cairo_y2020.tif,12887,0.12221618685497013,0.0788038333204004,Cairo,0,19932,3902.0
Cairo_y2020.tif,1631,0.841814837522992,0.30711833231146535,Cairo,0,19939,3902.0
Cairo_y2020.tif,1318,0.9946889226100152,0.34403641881638847,Cairo,0,19808,3902.0
Cairo_y2020.tif,427,1.0,0.3850468384074942,Cairo,1,19806,3902.0
Cairo_y2020.tif,880,1.0,0.38346022727272727,Cairo,1,19805,3902.0
Cairo_y2020.tif,518,1.0,0.3972297297297297,Cairo,1,19825,3902.0
Cairo_y2020.tif,414,1.0,0.41278985507246374,Cairo,1,19826,3902.0
Cairo_y2020.tif,667,0.8920539730134932,0.32939280359820095,Cairo,1,19837,3902.0
Cairo_y2020.tif,1055,0.9962085308056872,0.3599099526066351,Cairo,1,19843,3902.0
Cairo_y2020.tif,517,0.9574468085106383,0.3694003868471954,Cairo,0,19835,3902.0
Cairo_y2020.tif,1290,0.40232558139534885,0.24808527131782943,Cairo,0,19844,3902.0
Cairo_y2020.tif,1819,0.15722924683892248,0.15028312259483234,Cairo,0,19861,3902.0
Cairo_y2020.tif,30750,0.0231869918699187,0.013324227642276424,Cairo,0,19931,3902.0
Cairo_y2020.tif,2372,0.0,0.0,Kafr al Dayr,0,7,3947.0
Cairo_y2020.tif,805,0.0,0.0,Kafr al Dayr,0,9,3947.0
Cairo_y2020.tif,488,0.0,0.0,Kafr al Dayr,0,8,3947.0
Cairo_y2020.tif,17837,0.0,0.0,Kafr al Dayr,0,18,3947.0
Cairo_y2020.tif,120868,0.0,0.0,Kafr al Dayr,0,25,3947.0
Cairo_y2020.tif,15937,0.0,0.0,Kafr al Dayr,0,27,3947.0
Cairo_y2020.tif,28492,0.0,0.0065118278815106,Cairo,0,20009,3902.0
Cairo_y2020.tif,58722,0.0,0.0,Kafr al Dayr,0,2,3947.0
Cairo_y2020.tif,3318,0.0,0.0,Kafr al Dayr,0,0,3947.0
Cairo_y2020.tif,2930,0.0,0.0,Kafr al Dayr,0,3,3947.0
Cairo_y2020.tif,901,0.0,0.0,Kafr al Dayr,0,5,3947.0
Cairo_y2020.tif,3578,0.0,0.0,Kafr al Dayr,0,15,3947.0
Cairo_y2020.tif,2324,0.0,0.0,Kafr al Dayr,0,12,3947.0
Cairo_y2020.tif,6072,0.0,0.0,Kafr al Dayr,0,17,3947.0
Cairo_y2020.tif,10261,0.1297144527823799,0.05338368580060423,Cairo,0,19285,3902.0
Cairo_y2020.tif,9120,0.09956140350877193,0.052291118421052635,Cairo,0,19413,3902.0
Cairo_y2020.tif,1535,0.8820846905537459,0.33885993485342025,Cairo,0,19353,3902.0
Cairo_y2020.tif,51351,0.0018110650230764736,0.013055539327374344,Cairo,0,19574,3902.0
Cairo_y2020.tif,30307,0.05566370805424489,0.021398026858481536,Cairo,0,19586,3902.0
Cairo_y2020.tif,62892,0.015280162818800484,0.008607295045474781,Cairo,0,19721,3902.0
Cairo_y2020.tif,2708,0.5494830132939439,0.19908234859675036,Cairo,0,19603,3902.0
Cairo_y2020.tif,1310,0.8137404580152672,0.31855725190839695,Cairo,0,19616,3902.0
Cairo_y2020.tif,640,1.0,0.37559375,Cairo,1,19636,3902.0
Cairo_y2020.tif,803,1.0,0.3791967621419676,Cairo,1,19628,3902.0
Cairo_y2020.tif,1440,1.0,0.39062847222222224,Cairo,1,19660,3902.0
Cairo_y2020.tif,19722,0.07210222087009431,0.02842739073116317,Cairo,0,19735,3902.0
Cairo_y2020.tif,2341,0.4967962409226826,0.1963071337035455,Cairo,0,19698,3902.0
Cairo_y2020.tif,5507,0.23515525694570547,0.09848465589250045,Cairo,0,19739,3902.0
Cairo_y2020.tif,32074,0.01870674066221862,0.009111273929039095,Cairo,0,19624,3902.0
Cairo_y2020.tif,913,1.0,0.3469003285870756,Cairo,1,19649,3902.0
Cairo_y2020.tif,4500,0.22822222222222222,0.08929555555555556,Cairo,0,19670,3902.0
Cairo_y2020.tif,25870,0.01816776188635485,0.008565519907228451,Cairo,0,19740,3902.0
Cairo_y2020.tif,615,1.0,0.35576422764227644,Cairo,0,19490,3902.0
Cairo_y2020.tif,427,0.9765807962529274,0.2900117096018735,Cairo,0,19489,3902.0
Cairo_y2020.tif,461,0.9804772234273319,0.3439804772234273,Cairo,1,19501,3902.0
Cairo_y2020.tif,717,0.9470013947001394,0.32275453277545324,Cairo,0,19521,3902.0
Cairo_y2020.tif,16678,0.06493584362633409,0.024972118959107805,Cairo,0,19593,3902.0
Cairo_y2020.tif,673,0.0,0.0,Kafr al Dayr,0,19,3947.0
Cairo_y2020.tif,652,0.0,0.0,Kafr al Dayr,0,20,3947.0
Cairo_y2020.tif,1386,0.8535353535353535,0.28351370851370855,Cairo,0,19854,3902.0
Cairo_y2020.tif,10123,0.06104909611775165,0.058089993085053845,Cairo,0,19895,3902.0
Cairo_y2020.tif,1421,0.0,0.0,Cairo,0,20252,3902.0
Cairo_y2020.tif,1936,0.0,0.0,Cairo,0,20259,3902.0
Cairo_y2020.tif,15996,0.0,0.0,Kafr al Dayr,0,21,3947.0
Cairo_y2020.tif,6144,0.0,0.0,Kafr al Dayr,0,33,3947.0
Cairo_y2020.tif,4342,0.0,0.0,Kafr al Dayr,0,50,3947.0
Cairo_y2020.tif,2772,0.0,0.0,Kafr al Dayr,1,22,3947.0
Cairo_y2020.tif,13436,0.0,0.0,Kafr al Dayr,0,29,3947.0
Cairo_y2020.tif,458,0.0,0.0,Kafr al Dayr,0,26,3947.0
Cairo_y2020.tif,21128,0.0,0.0,Cairo,0,18486,3902.0
Cairo_y2020.tif,15807,0.0,0.0,Cairo,0,18544,3902.0
Cairo_y2020.tif,81740,0.0,0.0,Cairo,0,18684,3902.0
Cairo_y2020.tif,44415,0.0,0.0,Cairo,0,18785,3902.0
Cairo_y2020.tif,16605,0.0,0.0,Cairo,0,18848,3902.0
Cairo_y2020.tif,11520,0.0,0.0,Cairo,0,18868,3902.0
Cairo_y2020.tif,49598,0.0,0.0,Cairo,0,19028,3902.0
Cairo_y2020.tif,66074,0.0,0.0,Cairo,0,19030,3902.0
Cairo_y2020.tif,28256,0.0,0.0,Cairo,0,18943,3902.0
Cairo_y2020.tif,15586,0.0,0.0,Cairo,0,19192,3902.0
Cairo_y2020.tif,1714,0.0,0.0,Cairo,0,18642,3902.0
Cairo_y2020.tif,1868,0.0,0.0,Cairo,1,18630,3902.0
Cairo_y2020.tif,3141,0.0,0.0,Cairo,0,18676,3902.0
Cairo_y2020.tif,905,0.0,0.0,Cairo,0,18693,3902.0
Cairo_y2020.tif,852,0.0,0.0,Cairo,0,18699,3902.0
Cairo_y2020.tif,8132,0.0,0.0,Cairo,0,18910,3902.0
Cairo_y2020.tif,2927,0.0,0.0,Cairo,0,18883,3902.0
Cairo_y2020.tif,2517,0.0,0.0,Cairo,0,18933,3902.0
Cairo_y2020.tif,59145,0.0,0.0,Cairo,0,19189,3902.0
Cairo_y2020.tif,17980,0.0,0.0,Cairo,0,19029,3902.0
Cairo_y2020.tif,694,0.0,0.0,Cairo,1,18881,3902.0
Cairo_y2020.tif,1095,0.0,0.0,Cairo,1,18889,3902.0
Cairo_y2020.tif,3482,0.0,0.0,Cairo,0,18940,3902.0
Cairo_y2020.tif,453,0.0,0.0,Cairo,1,18919,3902.0
Cairo_y2020.tif,457,0.0,0.0,Cairo,1,18904,3902.0
Cairo_y2020.tif,775,0.0,0.0,Cairo,0,18950,3902.0
Cairo_y2020.tif,6154,0.0,0.0,Cairo,0,19013,3902.0
Cairo_y2020.tif,21089,0.0,0.0,Cairo,0,19038,3902.0
Cairo_y2020.tif,603,0.0,0.0,Cairo,0,18964,3902.0
Cairo_y2020.tif,486,0.0,0.0,Cairo,0,18975,3902.0
Cairo_y2020.tif,542,0.0,0.0,Cairo,0,18990,3902.0
Cairo_y2020.tif,10439,0.0,0.0,Cairo,0,19110,3902.0
Cairo_y2020.tif,663,0.0,0.0,Cairo,1,19084,3902.0
Cairo_y2020.tif,718,0.0,0.0,Cairo,0,19086,3902.0
Cairo_y2020.tif,9514,0.0,0.0,Cairo,0,19176,3902.0
Cairo_y2020.tif,465,0.0,0.0,Cairo,0,19130,3902.0
Cairo_y2020.tif,9662,0.0,0.0,Cairo,0,19223,3902.0
Cairo_y2020.tif,1400,0.0,0.0,Cairo,0,19156,3902.0
Cairo_y2020.tif,2641,0.0,0.0,Cairo,0,19207,3902.0
Cairo_y2020.tif,724,0.0,0.0,Cairo,1,19240,3902.0
Cairo_y2020.tif,9747,0.0,0.0,Cairo,0,19093,3902.0
Cairo_y2020.tif,10129,0.0,0.0,Cairo,0,19078,3902.0
Cairo_y2020.tif,19736,0.0,0.0,Cairo,0,19145,3902.0
Cairo_y2020.tif,4942,0.0,0.0,Cairo,0,19117,3902.0
Cairo_y2020.tif,6587,0.0,0.0,Cairo,0,19157,3902.0
Cairo_y2020.tif,9656,0.0,0.0,Cairo,0,19213,3902.0
Cairo_y2020.tif,1465,0.0,0.0,Cairo,0,19203,3902.0
Cairo_y2020.tif,2268,0.0,0.0,Cairo,0,19217,3902.0
Cairo_y2020.tif,4594,0.0,0.0,Cairo,0,19258,3902.0
Cairo_y2020.tif,1852,0.0,0.02474622030237581,Cairo,0,19282,3902.0
Cairo_y2020.tif,69004,0.0,0.0,Cairo,0,19290,3902.0
Cairo_y2020.tif,30692,0.0,0.0,Cairo,0,19296,3902.0
Cairo_y2020.tif,2135,0.0,0.0,Cairo,0,19222,3902.0
Cairo_y2020.tif,17810,0.0,0.0,Cairo,0,19322,3902.0
Cairo_y2020.tif,15137,0.0,0.0,Cairo,0,19317,3902.0
Cairo_y2020.tif,1152,0.0,0.0,Cairo,0,19239,3902.0
Cairo_y2020.tif,6016,0.0,0.0,Cairo,0,19298,3902.0
Cairo_y2020.tif,1023,0.0,0.0,Cairo,0,19243,3902.0
Cairo_y2020.tif,572,0.0,0.0,Cairo,1,19259,3902.0
Cairo_y2020.tif,1332,0.0,0.0,Cairo,1,19306,3902.0
Cairo_y2020.tif,975,0.0,0.0,Cairo,1,19234,3902.0
Cairo_y2020.tif,576,0.0,0.0,Cairo,1,19244,3902.0
Cairo_y2020.tif,717,0.0,0.0,Cairo,1,19257,3902.0
Cairo_y2020.tif,19003,0.0,0.0,Cairo,0,19300,3902.0
Cairo_y2020.tif,827,0.0,0.0,Cairo,1,19262,3902.0
Cairo_y2020.tif,24612,0.0,0.0,Cairo,0,19511,3902.0
Cairo_y2020.tif,56246,0.0,0.0,Cairo,0,19512,3902.0
Cairo_y2020.tif,11592,0.0,0.0,Cairo,0,19545,3902.0
Cairo_y2020.tif,1460,0.0,0.0,Cairo,0,19384,3902.0
Cairo_y2020.tif,9319,0.0,0.0,Cairo,0,19451,3902.0
Cairo_y2020.tif,5518,0.0,0.0,Cairo,0,19318,3902.0
Cairo_y2020.tif,838,0.0,0.0,Cairo,0,19324,3902.0
Cairo_y2020.tif,32415,0.0,0.0,Cairo,0,19433,3902.0
Cairo_y2020.tif,694,0.0,0.0,Cairo,0,19316,3902.0
Cairo_y2020.tif,1374,0.0,0.0,Cairo,0,19327,3902.0
Cairo_y2020.tif,1979,0.0,0.0,Cairo,0,19376,3902.0
Cairo_y2020.tif,638,0.0,0.0,Cairo,0,19356,3902.0
Cairo_y2020.tif,1767,0.0,0.0,Cairo,0,19340,3902.0
Cairo_y2020.tif,922,0.0,0.0,Cairo,0,19358,3902.0
Cairo_y2020.tif,784,0.0,0.0,Cairo,1,19365,3902.0
Cairo_y2020.tif,555,0.0,0.0,Cairo,1,19370,3902.0
Cairo_y2020.tif,2093,0.0,0.0,Cairo,0,19388,3902.0
Cairo_y2020.tif,1424,0.0,0.0,Cairo,1,19379,3902.0
Cairo_y2020.tif,508,0.0,0.0,Cairo,1,19377,3902.0
Cairo_y2020.tif,1686,0.0,0.0,Cairo,1,19387,3902.0
Cairo_y2020.tif,1012,0.0,0.0,Cairo,1,19397,3902.0
Cairo_y2020.tif,35494,0.0,0.0,Cairo,0,19438,3902.0
Cairo_y2020.tif,615,0.0,0.0,Cairo,1,19409,3902.0
Cairo_y2020.tif,1255,0.0,0.0,Cairo,0,19401,3902.0
Cairo_y2020.tif,1093,0.0,0.0,Cairo,1,19411,3902.0
Cairo_y2020.tif,2945,0.0,0.0,Cairo,0,19361,3902.0
Cairo_y2020.tif,1159,0.0,0.0,Cairo,1,19357,3902.0
Cairo_y2020.tif,509,0.0,0.0,Cairo,1,19354,3902.0
Cairo_y2020.tif,2960,0.0,0.0,Cairo,0,19422,3902.0
Cairo_y2020.tif,1347,0.0,0.0,Cairo,1,19367,3902.0
Cairo_y2020.tif,934,0.0,0.0,Cairo,1,19382,3902.0
Cairo_y2020.tif,1766,0.0,0.0,Cairo,0,19374,3902.0
Cairo_y2020.tif,798,0.0,0.0,Cairo,0,19412,3902.0
Cairo_y2020.tif,2365,0.0,0.0,Cairo,1,19457,3902.0
Cairo_y2020.tif,18849,0.0,0.0,Cairo,0,19507,3902.0
Cairo_y2020.tif,5257,0.0,0.0,Cairo,0,18418,3902.0
Cairo_y2020.tif,2542,0.0,0.0,Cairo,0,18353,3902.0
Cairo_y2020.tif,1777,0.0,0.0,Cairo,0,18380,3902.0
Cairo_y2020.tif,1030,0.0,0.0,Cairo,0,18356,3902.0
Cairo_y2020.tif,4481,0.0,0.0,Cairo,0,18405,3902.0
Cairo_y2020.tif,16709,0.0,0.0,Cairo,0,18455,3902.0
Cairo_y2020.tif,9686,0.0,0.0,Cairo,0,18474,3902.0
Cairo_y2020.tif,5196,0.0,0.0,Cairo,0,18515,3902.0
Cairo_y2020.tif,1818,0.0,0.0,Cairo,0,18491,3902.0
Cairo_y2020.tif,549,0.0,0.0,Cairo,1,18518,3902.0
Cairo_y2020.tif,852,0.0,0.0,Cairo,0,18522,3902.0
Cairo_y2020.tif,1119,0.0,0.0,Cairo,0,18554,3902.0
Cairo_y2020.tif,1105,0.0,0.0,Cairo,1,18558,3902.0
Cairo_y2020.tif,40321,0.0,0.0,Cairo,0,18772,3902.0
Cairo_y2020.tif,1168,0.0,0.0,Cairo,1,18607,3902.0
Cairo_y2020.tif,945,0.0,0.0,Cairo,1,18575,3902.0
Cairo_y2020.tif,1920,0.0,0.0,Cairo,0,18552,3902.0
Cairo_y2020.tif,658,0.0,0.0,Cairo,1,18613,3902.0
Cairo_y2020.tif,1035,0.0,0.0,Cairo,1,18618,3902.0
Cairo_y2020.tif,1364,0.0,0.0,Cairo,1,18634,3902.0
Cairo_y2020.tif,1519,0.0,0.0,Cairo,1,18663,3902.0
Cairo_y2020.tif,643,0.0,0.0,Cairo,0,18625,3902.0
Cairo_y2020.tif,1293,0.0,0.0,Cairo,1,18683,3902.0
Cairo_y2020.tif,14439,0.0,0.0,Cairo,0,18749,3902.0
Cairo_y2020.tif,866,0.0,0.0,Cairo,1,18679,3902.0
Cairo_y2020.tif,723,0.0,0.0,Cairo,1,18717,3902.0
Cairo_y2020.tif,18738,0.0,0.0,Cairo,0,18879,3902.0
Cairo_y2020.tif,1889,0.0,0.0,Cairo,0,18728,3902.0
Cairo_y2020.tif,15374,0.0,0.0,Cairo,0,18912,3902.0
Cairo_y2020.tif,1538,0.0,0.0,Cairo,0,19016,3902.0
Cairo_y2020.tif,1825,0.0,0.0,Cairo,0,19022,3902.0
Cairo_y2020.tif,17580,0.0,0.0,Cairo,0,19026,3902.0
Cairo_y2020.tif,12477,0.0,0.0,Cairo,0,18972,3902.0
Cairo_y2020.tif,8797,0.0,0.0,Cairo,0,19025,3902.0
Cairo_y2020.tif,17035,0.0,0.0,Cairo,0,18981,3902.0
Cairo_y2020.tif,7362,0.0,0.0,Cairo,0,18953,3902.0
Cairo_y2020.tif,8549,0.0,0.0,Cairo,0,18973,3902.0
Cairo_y2020.tif,1090,0.0,0.0,Cairo,1,18947,3902.0
Cairo_y2020.tif,1773,0.0,0.0,Cairo,1,18977,3902.0
Cairo_y2020.tif,611,0.0,0.0,Cairo,1,19021,3902.0
Cairo_y2020.tif,2723,0.0,0.0,Cairo,0,19053,3902.0
Cairo_y2020.tif,17582,0.0,0.0,Cairo,0,19003,3902.0
Cairo_y2020.tif,23829,0.0,0.0,Cairo,0,19194,3902.0
Cairo_y2020.tif,1343,0.0,0.0,Cairo,0,19048,3902.0
Cairo_y2020.tif,29559,0.0,0.0,Cairo,0,19105,3902.0
Cairo_y2020.tif,2977,0.0,0.0,Cairo,0,19273,3902.0
Cairo_y2020.tif,9166,0.0,0.0,Cairo,0,19237,3902.0
Cairo_y2020.tif,33071,0.0,0.0,Cairo,0,19292,3902.0
Cairo_y2020.tif,5192,0.0,0.0,Cairo,0,19236,3902.0
Cairo_y2020.tif,9634,0.0,0.0,Cairo,0,19314,3902.0
Cairo_y2020.tif,2811,0.0,0.0,Cairo,0,19266,3902.0
Cairo_y2020.tif,1352,0.0,0.0,Cairo,1,19271,3902.0
Cairo_y2020.tif,5689,0.0,0.0,Cairo,0,19304,3902.0
Cairo_y2020.tif,1653,0.0,0.0,Cairo,0,19286,3902.0
Cairo_y2020.tif,1479,0.0,0.0,Cairo,0,19310,3902.0
Cairo_y2020.tif,802,0.0,0.0,Cairo,1,19315,3902.0
Cairo_y2020.tif,51255,0.0,0.0,Cairo,0,19416,3902.0
Cairo_y2020.tif,820,0.0,0.0,Cairo,1,19330,3902.0
Cairo_y2020.tif,663,0.0,0.0,Cairo,1,19338,3902.0
Cairo_y2020.tif,1090,0.0,0.0,Cairo,1,19345,3902.0
Cairo_y2020.tif,27736,0.0,0.0,Kafr Sarawa,0,38,3904.0
Cairo_y2020.tif,5814,0.0,0.0,Kafr Awn,0,0,3901.0
Cairo_y2020.tif,1050,0.0,0.0,Kafr Awn,0,1,3901.0
Cairo_y2020.tif,18374,0.0,0.0,Kafr Awn,0,2,3901.0
Cairo_y2020.tif,35951,0.0,0.0,Kafr Sarawa,0,52,3904.0
Cairo_y2020.tif,2336,0.0,0.0,Kafr Sarawa,0,51,3904.0
Cairo_y2020.tif,656,0.0,0.0,Kafr Sarawa,0,50,3904.0
Cairo_y2020.tif,676,0.0,0.0,Kafr Sarawa,0,49,3904.0
Cairo_y2020.tif,2653,0.0,0.0,Kafr Sarawa,0,54,3904.0
Cairo_y2020.tif,47239,0.0,0.0,Kafr Awn,0,9,3901.0
Cairo_y2020.tif,15438,0.0,0.0,Kafr Awn,0,3,3901.0
Cairo_y2020.tif,7362,0.0,0.0,Kafr Awn,0,4,3901.0
Cairo_y2020.tif,27061,0.0,0.0,Kafr Sarawa,0,75,3904.0
Cairo_y2020.tif,15287,0.0,0.0,Kafr Awn,0,10,3901.0
Cairo_y2020.tif,2983,0.0,0.0,Kafr Awn,0,5,3901.0
Cairo_y2020.tif,2502,0.0,0.0,Kafr Awn,0,7,3901.0
Cairo_y2020.tif,1334,0.0,0.0,Kafr Awn,0,8,3901.0
Cairo_y2020.tif,3676,0.0,0.0,Kafr Awn,0,6,3901.0
Cairo_y2020.tif,2330,0.0,0.0,Kafr Awn,1,11,3901.0
Cairo_y2020.tif,1623,0.0,0.0,Kafr Awn,0,12,3901.0
Cairo_y2020.tif,1623,0.0,0.0,Kafr Awn,0,13,3901.0
Cairo_y2020.tif,889,0.0,0.0,Kafr Awn,1,14,3901.0
Cairo_y2020.tif,1547,0.0,0.0,Kafr Awn,0,15,3901.0
Cairo_y2020.tif,1606,0.0,0.0,Kafr Awn,0,16,3901.0
Cairo_y2020.tif,15377,0.0,0.0,Kafr Awn,0,18,3901.0
Cairo_y2020.tif,27753,0.0,0.0,Kafr Awn,0,19,3901.0
Cairo_y2020.tif,11681,0.0,0.0,Kafr Awn,0,17,3901.0
Cairo_y2020.tif,52864,0.0,0.0,Kafr Awn,0,21,3901.0
Cairo_y2020.tif,16931,0.0,0.0,Kafr Awn,0,25,3901.0
Cairo_y2020.tif,1292,0.0,0.0,Kafr Awn,0,20,3901.0
Cairo_y2020.tif,11501,0.0,0.0,Kafr Awn,0,23,3901.0
Cairo_y2020.tif,8751,0.0,0.0,Kafr Awn,0,28,3901.0
Cairo_y2020.tif,969,0.0,0.0,Kafr Awn,0,24,3901.0
Cairo_y2020.tif,1962,0.0,0.0,Kafr Awn,0,26,3901.0
Cairo_y2020.tif,1171,0.0,0.0,Kafr Awn,0,27,3901.0
Cairo_y2020.tif,1414,0.0,0.0,Kafr Awn,0,29,3901.0
Cairo_y2020.tif,5937,0.0,0.0,Kafr Awn,0,31,3901.0
Cairo_y2020.tif,12669,0.0,0.0,Kafr Awn,0,38,3901.0
Cairo_y2020.tif,1497,0.0,0.0,Kafr Awn,0,35,3901.0
Cairo_y2020.tif,995,0.0,0.0,Kafr Awn,1,33,3901.0
Cairo_y2020.tif,962,0.0,0.0,Cairo,0,19414,3902.0
Cairo_y2020.tif,1496,0.0,0.0,Cairo,0,19425,3902.0
Cairo_y2020.tif,1862,0.0,0.0,Cairo,0,19453,3902.0
Cairo_y2020.tif,2868,0.0,0.0,Cairo,0,19467,3902.0
Cairo_y2020.tif,933,0.0,0.0,Cairo,1,19442,3902.0
Cairo_y2020.tif,1786,0.0,0.0,Cairo,1,19480,3902.0
Cairo_y2020.tif,1787,0.0,0.0,Cairo,0,19477,3902.0
Cairo_y2020.tif,1186,0.0,0.0,Cairo,1,19484,3902.0
Cairo_y2020.tif,7840,0.0,0.0,Cairo,0,19510,3902.0
Cairo_y2020.tif,12050,0.0,0.0,Cairo,0,19502,3902.0
Cairo_y2020.tif,3533,0.0,0.0,Cairo,0,19393,3902.0
Cairo_y2020.tif,3679,0.0,0.0,Cairo,0,19415,3902.0
Cairo_y2020.tif,3973,0.0,0.0,Cairo,0,19478,3902.0
Cairo_y2020.tif,21145,0.0,0.0,Cairo,0,19557,3902.0
Cairo_y2020.tif,1307,0.0,0.0,Cairo,0,19454,3902.0
Cairo_y2020.tif,20559,0.10637676929811761,0.05045381584707427,Cairo,0,19552,3902.0
Cairo_y2020.tif,41457,0.0,0.0,Cairo,0,19611,3902.0
Cairo_y2020.tif,8236,0.0,0.0,Cairo,0,19539,3902.0
Cairo_y2020.tif,37066,0.0015647763448982895,0.006031133653482976,Cairo,0,19641,3902.0
Cairo_y2020.tif,2710,0.0,0.0,Cairo,0,19568,3902.0
Cairo_y2020.tif,521,0.0,0.0,Cairo,1,19394,3902.0
Cairo_y2020.tif,791,0.0,0.0,Cairo,0,19404,3902.0
Cairo_y2020.tif,1506,0.0,0.0,Cairo,0,19410,3902.0
Cairo_y2020.tif,2536,0.0,0.0,Cairo,0,19449,3902.0
Cairo_y2020.tif,916,0.0,0.0,Cairo,0,19460,3902.0
Cairo_y2020.tif,896,0.0,0.0,Cairo,0,19458,3902.0
Cairo_y2020.tif,920,0.0,0.0,Cairo,0,19471,3902.0
Cairo_y2020.tif,6103,0.0,0.0,Cairo,0,19504,3902.0
Cairo_y2020.tif,5641,0.0,0.0,Cairo,0,19513,3902.0
Cairo_y2020.tif,13672,0.0,0.0,Cairo,0,19575,3902.0
Cairo_y2020.tif,5160,0.0,0.0,Cairo,0,19509,3902.0
Cairo_y2020.tif,26267,0.0,0.0,Kafr Sarawa,0,5,3904.0
Cairo_y2020.tif,3649,0.0,0.0,Kafr Sarawa,0,6,3904.0
Cairo_y2020.tif,19003,0.0,0.0,Kafr Sarawa,0,9,3904.0
Cairo_y2020.tif,4985,0.0,0.0,Kafr Sarawa,0,7,3904.0
Cairo_y2020.tif,652,0.0,0.0,Kafr Sarawa,0,8,3904.0
Cairo_y2020.tif,1358,0.0,0.0,Kafr Sarawa,0,12,3904.0
Cairo_y2020.tif,923,0.0,0.0,Kafr Sarawa,1,10,3904.0
Cairo_y2020.tif,1744,0.0,0.0,Kafr Sarawa,0,11,3904.0
Cairo_y2020.tif,1240,0.0,0.0,Kafr Sarawa,0,13,3904.0
Cairo_y2020.tif,612,0.0,0.0,Cairo,0,19447,3902.0
Cairo_y2020.tif,21637,0.0,0.0,Cairo,0,19506,3902.0
Cairo_y2020.tif,28174,0.0,0.0,Cairo,0,19508,3902.0
Cairo_y2020.tif,8323,0.0,0.0,Kafr Sarawa,0,0,3904.0
Cairo_y2020.tif,4139,0.0,0.0,Kafr Sarawa,0,2,3904.0
Cairo_y2020.tif,2481,0.0,0.0,Kafr Sarawa,0,3,3904.0
Cairo_y2020.tif,608,0.0,0.0,Kafr Sarawa,0,1,3904.0
Cairo_y2020.tif,1890,0.0,0.0,Kafr Sarawa,0,4,3904.0
Cairo_y2020.tif,22742,0.0,0.0,Kafr Sarawa,0,16,3904.0
Cairo_y2020.tif,47506,0.0,0.0,Kafr Sarawa,0,15,3904.0
Cairo_y2020.tif,1692,0.0,0.0,Cairo,0,19590,3902.0
Cairo_y2020.tif,1763,0.0,0.0,Cairo,0,19622,3902.0
Cairo_y2020.tif,17492,0.0,0.0,Cairo,0,19650,3902.0
Cairo_y2020.tif,2211,0.0,0.0,Cairo,0,19653,3902.0
Cairo_y2020.tif,1138,0.0,0.0,Cairo,0,19637,3902.0
Cairo_y2020.tif,4845,0.0,0.0,Cairo,0,19742,3902.0
Cairo_y2020.tif,1000,0.0,0.0,Cairo,0,19677,3902.0
Cairo_y2020.tif,1860,0.0,0.0,Cairo,0,19679,3902.0
Cairo_y2020.tif,1189,0.0,0.0,Cairo,0,19725,3902.0
Cairo_y2020.tif,16268,0.0005532333415293829,0.007770469633636588,Cairo,0,19924,3902.0
Cairo_y2020.tif,63468,0.010005041910884225,0.005844913972395538,Cairo,0,19925,3902.0
Cairo_y2020.tif,31329,0.0,0.0,Cairo,0,19784,3902.0
Cairo_y2020.tif,1200,0.0,0.0,Cairo,0,19767,3902.0
Cairo_y2020.tif,703,0.0,0.0,Cairo,0,19765,3902.0
Cairo_y2020.tif,1147,0.0,0.0,Cairo,0,19772,3902.0
Cairo_y2020.tif,22773,0.0,0.0,Cairo,0,19886,3902.0
Cairo_y2020.tif,10742,0.0,0.0,Cairo,0,19890,3902.0
Cairo_y2020.tif,874,0.0,0.0,Cairo,0,19892,3902.0
Cairo_y2020.tif,27221,0.0,0.0,Cairo,0,19926,3902.0
Cairo_y2020.tif,1683,0.0,0.0,Cairo,0,19901,3902.0
Cairo_y2020.tif,457,0.0,0.0,Kafr Sarawa,0,14,3904.0
Cairo_y2020.tif,6747,0.0,0.0,Kafr Sarawa,0,19,3904.0
Cairo_y2020.tif,4910,0.0,0.0,Kafr Sarawa,0,17,3904.0
Cairo_y2020.tif,5581,0.0,0.0,Kafr Sarawa,0,20,3904.0
Cairo_y2020.tif,14040,0.0,0.0,Kafr Sarawa,0,25,3904.0
Cairo_y2020.tif,13375,0.0,0.0,Kafr Sarawa,0,26,3904.0
Cairo_y2020.tif,386,0.0,0.0,Kafr Sarawa,0,18,3904.0
Cairo_y2020.tif,867,0.0,0.0,Kafr Sarawa,1,21,3904.0
Cairo_y2020.tif,2208,0.0,0.0,Kafr Sarawa,0,24,3904.0
Cairo_y2020.tif,1322,0.0,0.0,Kafr Sarawa,1,23,3904.0
Cairo_y2020.tif,552,0.0,0.0,Kafr Sarawa,1,22,3904.0
Cairo_y2020.tif,4816,0.0,0.0,Kafr Sarawa,0,27,3904.0
Cairo_y2020.tif,25567,0.0,0.0,Kafr Sarawa,0,41,3904.0
Cairo_y2020.tif,1542,0.0,0.0,Kafr Sarawa,1,28,3904.0
Cairo_y2020.tif,1294,0.0,0.0,Kafr Sarawa,1,29,3904.0
Cairo_y2020.tif,2212,0.0,0.0,Kafr Sarawa,0,43,3904.0
Cairo_y2020.tif,633,0.0,0.0,Kafr Sarawa,0,31,3904.0
Cairo_y2020.tif,1917,0.0,0.0,Kafr Sarawa,0,33,3904.0
Cairo_y2020.tif,543,0.0,0.0,Kafr Sarawa,0,32,3904.0
Cairo_y2020.tif,455,0.0,0.0,Kafr Sarawa,1,30,3904.0
Cairo_y2020.tif,2765,0.0,0.0,Kafr Sarawa,0,36,3904.0
Cairo_y2020.tif,1715,0.0,0.0,Kafr Sarawa,0,35,3904.0
Cairo_y2020.tif,900,0.0,0.0,Kafr Sarawa,0,34,3904.0
Cairo_y2020.tif,10785,0.0,0.0,Kafr Sarawa,0,42,3904.0
Cairo_y2020.tif,7236,0.0,0.0,Kafr Sarawa,0,48,3904.0
Cairo_y2020.tif,471,0.0,0.0,Kafr Sarawa,1,39,3904.0
Cairo_y2020.tif,1024,0.0,0.0,Kafr Sarawa,1,37,3904.0
Cairo_y2020.tif,422,0.0,0.0,Kafr Sarawa,1,40,3904.0
Cairo_y2020.tif,19501,0.0,0.0,Kafr Sarawa,0,47,3904.0
Cairo_y2020.tif,54676,0.0,0.0,Kafr Sarawa,0,53,3904.0
Cairo_y2020.tif,2330,0.2515021459227468,0.11288412017167382,Cairo,0,19263,3902.0
Cairo_y2020.tif,6986,0.03363870598339536,0.018771829373031776,Cairo,0,19313,3902.0
Cairo_y2020.tif,2530,0.4743083003952569,0.2047905138339921,Cairo,0,19288,3902.0
Cairo_y2020.tif,3511,0.2446596411278838,0.10357020791797208,Cairo,0,19283,3902.0
Cairo_y2020.tif,3953,0.3880597014925373,0.1472906653174804,Cairo,0,19337,3902.0
Cairo_y2020.tif,6732,0.0,0.0,Cairo,0,19399,3902.0
Cairo_y2020.tif,3748,0.0,0.0,Cairo,0,19428,3902.0
Cairo_y2020.tif,14805,0.0,0.0,Cairo,0,19524,3902.0
Cairo_y2020.tif,6465,0.0,0.0,Cairo,0,19560,3902.0
Cairo_y2020.tif,8362,0.0,0.0,Cairo,0,19594,3902.0
Cairo_y2020.tif,758,0.9841688654353562,0.3251846965699209,Cairo,0,19476,3902.0
Cairo_y2020.tif,12231,0.011119287057476904,0.025398986182650643,Cairo,0,19536,3902.0
Cairo_y2020.tif,1183,0.1301775147928994,0.14650464919695688,Cairo,0,19473,3902.0
Cairo_y2020.tif,582,0.01718213058419244,0.13272336769759452,Cairo,0,19496,3902.0
Cairo_y2020.tif,2866,0.2459874389392882,0.12056175854849967,Cairo,0,19520,3902.0
Cairo_y2020.tif,2693,0.2279985146676569,0.15067768288154473,Cairo,0,19529,3902.0
Cairo_y2020.tif,2755,0.19019963702359347,0.12949001814882033,Cairo,0,19549,3902.0
Cairo_y2020.tif,41114,0.0009242593763681471,0.00373899401663667,Cairo,0,19630,3902.0
Cairo_y2020.tif,2907,0.0,0.0,Cairo,0,19573,3902.0
Cairo_y2020.tif,4692,0.0,0.0,Cairo,0,19635,3902.0
Cairo_y2020.tif,526,1.0,0.3619866920152091,Cairo,0,19276,3902.0
Cairo_y2020.tif,480,0.9479166666666666,0.3120312499999999,Cairo,0,19280,3902.0
Cairo_y2020.tif,11111,0.2716227162271623,0.11943974439744398,Cairo,0,19423,3902.0
Cairo_y2020.tif,22728,4.399859204505456e-05,0.002028995072157691,Cairo,0,19461,3902.0
Cairo_y2020.tif,63585,0.0,0.0,Cairo,0,19602,3902.0
Cairo_y2020.tif,22024,0.0,0.0,Cairo,0,19665,3902.0
Cairo_y2020.tif,35927,0.0,0.0,Cairo,0,19804,3902.0
Cairo_y2020.tif,2824,0.0,0.0,Cairo,0,19848,3902.0
Cairo_y2020.tif,43244,0.0,0.0,Cairo,0,19893,3902.0
Cairo_y2020.tif,1025,0.0,0.0,Cairo,0,19862,3902.0
Cairo_y2020.tif,857,0.0,0.0,Cairo,0,19664,3902.0
Cairo_y2020.tif,4928,0.0,0.0,Cairo,0,19762,3902.0
Cairo_y2020.tif,866,0.0,0.0,Cairo,0,19683,3902.0
Cairo_y2020.tif,41455,0.0,0.0,Cairo,0,19724,3902.0
Cairo_y2020.tif,1315,0.0,0.0,Cairo,0,19710,3902.0
Cairo_y2020.tif,569,0.0,0.0,Cairo,0,19713,3902.0
Cairo_y2020.tif,1438,0.0,0.0,Cairo,0,19733,3902.0
Cairo_y2020.tif,2459,0.0,0.0,Cairo,1,19737,3902.0
Cairo_y2020.tif,915,0.0,0.0,Cairo,1,19745,3902.0
Cairo_y2020.tif,1618,0.0,0.0,Cairo,0,19750,3902.0
Cairo_y2020.tif,1097,0.0,0.0,Cairo,0,19714,3902.0
Cairo_y2020.tif,70092,0.0,0.0,Cairo,0,19787,3902.0
Cairo_y2020.tif,1092,0.0,0.0,Cairo,0,19720,3902.0
Cairo_y2020.tif,1234,0.0,0.0,Cairo,0,19743,3902.0
Cairo_y2020.tif,1672,0.0,0.0,Cairo,0,19803,3902.0
Cairo_y2020.tif,623,0.0,0.0,Cairo,0,19807,3902.0
Cairo_y2020.tif,640,0.0,0.0,Cairo,0,19809,3902.0
Cairo_y2020.tif,5691,0.0,0.0,Cairo,0,19820,3902.0
Cairo_y2020.tif,1080,0.0,0.0,Cairo,0,19811,3902.0
Cairo_y2020.tif,624,0.0,0.0,Cairo,0,19813,3902.0
Cairo_y2020.tif,1771,0.0,0.0,Cairo,0,19828,3902.0
Cairo_y2020.tif,1121,0.0,0.0,Cairo,0,19829,3902.0
Cairo_y2020.tif,2487,0.0,0.0,Cairo,0,19831,3902.0
Cairo_y2020.tif,646,0.0,0.0,Cairo,0,19830,3902.0
Cairo_y2020.tif,1693,0.0,0.0,Cairo,1,19849,3902.0
Cairo_y2020.tif,1966,0.0,0.0,Cairo,1,19850,3902.0
Cairo_y2020.tif,1926,0.0,0.0,Cairo,0,19853,3902.0
Cairo_y2020.tif,1274,0.0,0.0,Cairo,0,19851,3902.0
Cairo_y2020.tif,2722,0.0,0.0,Cairo,0,19855,3902.0
Cairo_y2020.tif,1558,0.0,0.0,Cairo,0,19867,3902.0
Cairo_y2020.tif,694,0.0,0.0,Cairo,1,19755,3902.0
Cairo_y2020.tif,2310,0.0,0.0,Cairo,0,19764,3902.0
Cairo_y2020.tif,1004,0.0,0.0,Cairo,0,19759,3902.0
Cairo_y2020.tif,16219,0.0,0.0,Cairo,0,19790,3902.0
Cairo_y2020.tif,5892,0.0,0.0,Cairo,0,19836,3902.0
Cairo_y2020.tif,123691,0.0,0.0,Cairo,0,19950,3902.0
Cairo_y2020.tif,2351,0.0,0.0,Cairo,0,19941,3902.0
Cairo_y2020.tif,20446,0.0,0.0,Cairo,0,19983,3902.0
Cairo_y2020.tif,13547,0.0,0.0,Cairo,0,19988,3902.0
Cairo_y2020.tif,75741,0.0,0.0,Cairo,0,20024,3902.0
Cairo_y2020.tif,696,0.0,0.0,Cairo,0,19868,3902.0
Cairo_y2020.tif,1099,0.0,0.0,Cairo,0,19876,3902.0
Cairo_y2020.tif,606,0.0,0.0,Cairo,0,19874,3902.0
Cairo_y2020.tif,1403,0.0,0.0,Cairo,0,19879,3902.0
Cairo_y2020.tif,1762,0.0,0.0,Cairo,0,19883,3902.0
Cairo_y2020.tif,2676,0.0,0.0,Cairo,0,19888,3902.0
Cairo_y2020.tif,7931,0.0,0.0,Cairo,0,19899,3902.0
Cairo_y2020.tif,17923,0.0,0.0,Cairo,0,20093,3902.0
Cairo_y2020.tif,6390,0.0,0.0,Aghour Al-Kubra,0,36,3921.0
Cairo_y2020.tif,10978,0.0,0.0,Aghour Al-Kubra,0,37,3921.0
Cairo_y2020.tif,1268,0.0,0.0,Cairo,1,20066,3902.0
Cairo_y2020.tif,1075,0.0,0.0,Cairo,0,20072,3902.0
Cairo_y2020.tif,7529,0.0,0.0,Cairo,0,20079,3902.0
Cairo_y2020.tif,13991,0.0,0.0,Cairo,0,20100,3902.0
Cairo_y2020.tif,5321,0.0,0.0,Cairo,0,20098,3902.0
Cairo_y2020.tif,4387,0.0,0.0,Cairo,0,20099,3902.0
Cairo_y2020.tif,29625,0.0,0.0,Aghour Al-Kubra,0,39,3921.0
Cairo_y2020.tif,1050,0.0,0.0,Aghour Al-Kubra,0,35,3921.0
Cairo_y2020.tif,4047,0.0,0.0,Aghour Al-Kubra,0,40,3921.0
Cairo_y2020.tif,903,0.0,0.0,Aghour Al-Kubra,0,52,3921.0
Cairo_y2020.tif,8888,0.0,0.0,Aghour Al-Kubra,0,41,3921.0
Cairo_y2020.tif,7083,0.0,0.0,Aghour Al-Kubra,0,47,3921.0
Cairo_y2020.tif,2914,0.0,0.0,Aghour Al-Kubra,0,44,3921.0
Cairo_y2020.tif,917,0.0,0.0,Aghour Al-Kubra,0,46,3921.0
Cairo_y2020.tif,852,0.0,0.0,Aghour Al-Kubra,0,49,3921.0
Cairo_y2020.tif,896,0.0,0.0,Aghour Al-Kubra,1,53,3921.0
Cairo_y2020.tif,1200,0.0,0.0,Aghour Al-Kubra,0,60,3921.0
Cairo_y2020.tif,915,0.0,0.0,Aghour Al-Kubra,0,54,3921.0
Cairo_y2020.tif,3441,0.0,0.0,Aghour Al-Kubra,0,69,3921.0
Cairo_y2020.tif,25900,0.0,0.0,Aghour Al-Kubra,0,73,3921.0
Cairo_y2020.tif,8206,0.0,0.0,Kafr Sarawa,0,69,3904.0
Cairo_y2020.tif,1083,0.0,0.0,Kafr Sarawa,0,44,3904.0
Cairo_y2020.tif,759,0.0,0.0,Kafr Sarawa,1,45,3904.0
Cairo_y2020.tif,11708,0.0,0.0,Kafr Sarawa,0,71,3904.0
Cairo_y2020.tif,4228,0.0,0.0,Kafr Sarawa,0,46,3904.0
Cairo_y2020.tif,10975,0.0,0.0,Kafr Sarawa,0,55,3904.0
Cairo_y2020.tif,35627,0.0,0.0,Kafr Sarawa,0,64,3904.0
Cairo_y2020.tif,2966,0.0,0.0,Kafr Sarawa,0,57,3904.0
Cairo_y2020.tif,4563,0.0,0.0,Kafr Sarawa,0,56,3904.0
Cairo_y2020.tif,53424,0.0,0.0,Kafr Sarawa,0,77,3904.0
Cairo_y2020.tif,4378,0.0,0.0,Cairo,0,19905,3902.0
Cairo_y2020.tif,1805,0.0,0.0,Cairo,0,19907,3902.0
Cairo_y2020.tif,1171,0.0,0.0,Cairo,0,19913,3902.0
Cairo_y2020.tif,3294,0.0,0.0,Cairo,1,19919,3902.0
Cairo_y2020.tif,1462,0.0,0.0,Cairo,0,19921,3902.0
Cairo_y2020.tif,2359,0.0,0.0,Cairo,0,19920,3902.0
Cairo_y2020.tif,1042,0.0,0.0,Cairo,0,19929,3902.0
Cairo_y2020.tif,1252,0.0,0.0,Cairo,1,19934,3902.0
Cairo_y2020.tif,1255,0.0,0.0,Cairo,0,19942,3902.0
Cairo_y2020.tif,6806,0.0,0.0,Cairo,0,19956,3902.0
Cairo_y2020.tif,1913,0.0,0.0,Cairo,0,19961,3902.0
Cairo_y2020.tif,2518,0.0,0.0,Cairo,0,19953,3902.0
Cairo_y2020.tif,36922,0.0,0.0,Cairo,0,19986,3902.0
Cairo_y2020.tif,3830,0.0,0.0,Cairo,0,19960,3902.0
Cairo_y2020.tif,20472,0.0,0.0,Cairo,0,20007,3902.0
Cairo_y2020.tif,2424,0.0,0.0,Cairo,0,19975,3902.0
Cairo_y2020.tif,5286,0.0,0.0,Cairo,0,20017,3902.0
Cairo_y2020.tif,10881,0.0,0.0,Cairo,0,20008,3902.0
Cairo_y2020.tif,651,0.0,0.0,Cairo,0,19979,3902.0
Cairo_y2020.tif,6727,0.0,0.0,Cairo,0,19995,3902.0
Cairo_y2020.tif,890,0.0,0.0,Kafr Sarawa,1,58,3904.0
Cairo_y2020.tif,803,0.0,0.0,Kafr Sarawa,1,59,3904.0
Cairo_y2020.tif,5073,0.0,0.0,Kafr Sarawa,0,65,3904.0
Cairo_y2020.tif,686,0.0,0.0,Kafr Sarawa,0,60,3904.0
Cairo_y2020.tif,2041,0.0,0.0,Kafr Sarawa,0,63,3904.0
Cairo_y2020.tif,981,0.0,0.0,Kafr Sarawa,1,66,3904.0
Cairo_y2020.tif,510,0.0,0.0,Kafr Sarawa,0,62,3904.0
Cairo_y2020.tif,1134,0.0,0.0,Kafr Sarawa,1,67,3904.0
Cairo_y2020.tif,6077,0.0,0.0,Kafr Sarawa,0,76,3904.0
Cairo_y2020.tif,941,0.0,0.0,Kafr Sarawa,0,68,3904.0
Cairo_y2020.tif,1283,0.0,0.0,Cairo,0,20035,3902.0
Cairo_y2020.tif,18157,0.0,0.0,Cairo,0,20049,3902.0
Cairo_y2020.tif,1452,0.0,0.0,Cairo,0,20039,3902.0
Cairo_y2020.tif,1226,0.0,0.0,Cairo,0,20038,3902.0
Cairo_y2020.tif,788,0.0,0.0,Cairo,0,20042,3902.0
Cairo_y2020.tif,1395,0.0,0.0,Cairo,0,20041,3902.0
Cairo_y2020.tif,2413,0.0,0.0,Cairo,0,20045,3902.0
Cairo_y2020.tif,690,0.0,0.0,Cairo,0,20048,3902.0
Cairo_y2020.tif,1701,0.0,0.0,Cairo,0,20054,3902.0
Cairo_y2020.tif,2524,0.0,0.0,Cairo,1,20068,3902.0
Cairo_y2020.tif,938,0.0,0.0,Kafr Sarawa,1,70,3904.0
Cairo_y2020.tif,6869,0.0,0.0,Kafr Sarawa,0,74,3904.0
Cairo_y2020.tif,2853,0.0,0.0,Kafr Sarawa,0,78,3904.0
Cairo_y2020.tif,959,0.0,0.0,Kafr Sarawa,0,79,3904.0
Cairo_y2020.tif,32687,0.0,0.0,Kafr Awn,0,22,3901.0
Cairo_y2020.tif,20490,0.0,0.0,Kafr Awn,0,58,3901.0
Cairo_y2020.tif,8160,0.0,0.0,Kafr Awn,0,57,3901.0
Cairo_y2020.tif,25357,0.0,0.0,Kafr Awn,0,32,3901.0
Cairo_y2020.tif,11367,0.0,0.0,Kafr Awn,0,37,3901.0
Cairo_y2020.tif,1912,0.0,0.0,Kafr Awn,0,30,3901.0
Cairo_y2020.tif,23139,0.0,0.0,Kafr Awn,0,42,3901.0
Cairo_y2020.tif,4000,0.0,0.0,Kafr Awn,0,39,3901.0
Cairo_y2020.tif,6944,0.0,0.0,Kafr Awn,0,47,3901.0
Cairo_y2020.tif,6446,0.0,0.0,Kafr Awn,0,48,3901.0
Cairo_y2020.tif,1663,0.0,0.0,Kafr Awn,0,46,3901.0
Cairo_y2020.tif,32108,0.0,0.0,Kafr Awn,0,59,3901.0
Cairo_y2020.tif,8129,0.0,0.0,Kafr Awn,0,51,3901.0
Cairo_y2020.tif,16225,0.0,0.0,Kafr Awn,0,50,3901.0
Cairo_y2020.tif,7115,0.0,0.0,Kafr Awn,0,56,3901.0
Cairo_y2020.tif,669,0.0,0.0,Kafr Awn,0,49,3901.0
Cairo_y2020.tif,1076,0.0,0.0,Kafr Awn,0,34,3901.0
Cairo_y2020.tif,745,0.0,0.0,Kafr Awn,0,36,3901.0
Cairo_y2020.tif,1493,0.0,0.0,Kafr Awn,0,41,3901.0
Cairo_y2020.tif,14453,0.0,0.0,Kafr Awn,0,40,3901.0
Cairo_y2020.tif,3450,0.0,0.0,Kafr Awn,0,44,3901.0
Cairo_y2020.tif,2041,0.0,0.0,Kafr Awn,0,45,3901.0
Cairo_y2020.tif,14377,0.0,0.0,Kafr Awn,0,55,3901.0
Cairo_y2020.tif,16504,0.0,0.0,Kafr Awn,0,62,3901.0
Cairo_y2020.tif,33109,0.0,0.0,Ashmoun,0,67,3878.0
Cairo_y2020.tif,22766,0.0,0.0,Ashmoun,0,113,3878.0
Cairo_y2020.tif,1005,0.0,0.0,Kafr Awn,1,53,3901.0
Cairo_y2020.tif,500,0.0,0.0,Kafr Awn,1,54,3901.0
Cairo_y2020.tif,1358,0.0,0.0,Kafr Awn,1,52,3901.0
Cairo_y2020.tif,7030,0.0,0.0,Kafr Awn,0,61,3901.0
Cairo_y2020.tif,3407,0.0,0.0,Kafr Awn,0,60,3901.0
Cairo_y2020.tif,21155,0.0,0.0,Kafr Awn,0,64,3901.0
Cairo_y2020.tif,4470,0.0,0.0,Kafr Awn,0,65,3901.0
Cairo_y2020.tif,26764,0.0,0.0,Kafr Awn,0,63,3901.0
Cairo_y2020.tif,11660,0.0,0.0,Ashmoun,0,107,3878.0
Cairo_y2020.tif,4449,0.0,0.0,Ashmoun,0,144,3878.0
Cairo_y2020.tif,1248,0.0,0.0,Cairo,0,20012,3902.0
Cairo_y2020.tif,5360,0.0,0.0,Cairo,0,20037,3902.0
Cairo_y2020.tif,8936,0.0,0.0,Cairo,0,20055,3902.0
Cairo_y2020.tif,17668,0.0,0.0,Cairo,0,20097,3902.0
Cairo_y2020.tif,25382,0.0,0.0,Aghour Al-Kubra,0,38,3921.0
Cairo_y2020.tif,6377,0.0,0.0,Aghour Al-Kubra,0,42,3921.0
Cairo_y2020.tif,7327,0.0,0.0,Aghour Al-Kubra,0,43,3921.0
Cairo_y2020.tif,39665,0.0,0.0,Ashmoun,0,15,3878.0
Cairo_y2020.tif,1528,0.0,0.0,Ashmoun,0,3,3878.0
Cairo_y2020.tif,5115,0.0,0.0,Ashmoun,0,9,3878.0
Cairo_y2020.tif,2308,0.0,0.0,Ashmoun,0,5,3878.0
Cairo_y2020.tif,1386,0.0,0.0,Ashmoun,0,6,3878.0
Cairo_y2020.tif,713,0.0,0.0,Ashmoun,0,8,3878.0
Cairo_y2020.tif,7579,0.0,0.0,Ashmoun,0,19,3878.0
Cairo_y2020.tif,1786,0.0,0.0,Ashmoun,0,12,3878.0
Cairo_y2020.tif,468,0.0,0.0,Ashmoun,0,7,3878.0
Cairo_y2020.tif,961,0.0,0.0,Ashmoun,0,16,3878.0
Cairo_y2020.tif,1890,0.0,0.0,Ashmoun,0,11,3878.0
Cairo_y2020.tif,1899,0.0,0.0,Ashmoun,0,13,3878.0
Cairo_y2020.tif,1033,0.0,0.0,Ashmoun,0,14,3878.0
Cairo_y2020.tif,593,0.0,0.0,Ashmoun,0,18,3878.0
Cairo_y2020.tif,5745,0.0,0.0,Ashmoun,0,22,3878.0
Cairo_y2020.tif,938,0.0,0.0,Ashmoun,0,17,3878.0
Cairo_y2020.tif,1989,0.0,0.0,Ashmoun,0,23,3878.0
Cairo_y2020.tif,2600,0.0,0.0,Ashmoun,0,21,3878.0
Cairo_y2020.tif,1877,0.0,0.0,Ashmoun,0,24,3878.0
Cairo_y2020.tif,1923,0.0,0.0,Ashmoun,0,27,3878.0
Cairo_y2020.tif,744,0.0,0.0,Ashmoun,0,25,3878.0
Cairo_y2020.tif,1194,0.0,0.0,Ashmoun,0,26,3878.0
Cairo_y2020.tif,6123,0.0,0.0,Ashmoun,0,37,3878.0
Cairo_y2020.tif,558,0.0,0.0,Ashmoun,0,28,3878.0
Cairo_y2020.tif,2619,0.0,0.0,Ashmoun,0,30,3878.0
Cairo_y2020.tif,605,0.0,0.0,Ashmoun,0,29,3878.0
Cairo_y2020.tif,1336,0.0,0.0,Ashmoun,0,34,3878.0
Cairo_y2020.tif,1583,0.0,0.0,Ashmoun,0,40,3878.0
Cairo_y2020.tif,2027,0.0,0.0,Ashmoun,0,35,3878.0
Cairo_y2020.tif,1152,0.0,0.0,Ashmoun,0,38,3878.0
Cairo_y2020.tif,1410,0.0,0.0,Ashmoun,0,39,3878.0
Cairo_y2020.tif,2318,0.0,0.0,Ashmoun,0,42,3878.0
Cairo_y2020.tif,980,0.0,0.0,Ashmoun,0,41,3878.0
Cairo_y2020.tif,3188,0.0,0.0,Ashmoun,0,55,3878.0
Cairo_y2020.tif,1109,0.0,0.0,Ashmoun,0,43,3878.0
Cairo_y2020.tif,1455,0.0,0.0,Ashmoun,0,45,3878.0
Cairo_y2020.tif,1367,0.0,0.0,Ashmoun,0,46,3878.0
Cairo_y2020.tif,1170,0.0,0.0,Ashmoun,0,51,3878.0
Cairo_y2020.tif,739,0.0,0.0,Ashmoun,0,44,3878.0
Cairo_y2020.tif,1375,0.0,0.0,Ashmoun,0,49,3878.0
Cairo_y2020.tif,1447,0.0,0.0,Ashmoun,0,57,3878.0
Cairo_y2020.tif,1530,0.0,0.0,Ashmoun,0,56,3878.0
Cairo_y2020.tif,1201,0.0,0.0,Ashmoun,0,54,3878.0
Cairo_y2020.tif,17455,0.0,0.0,Ashmoun,0,53,3878.0
Cairo_y2020.tif,1663,0.0,0.0,Ashmoun,0,48,3878.0
Cairo_y2020.tif,1810,0.0,0.0,Ashmoun,0,59,3878.0
Cairo_y2020.tif,944,0.0,0.0,Ashmoun,0,58,3878.0
Cairo_y2020.tif,913,0.0,0.0,Ashmoun,0,63,3878.0
Cairo_y2020.tif,2504,0.0,0.0,Ashmoun,0,68,3878.0
Cairo_y2020.tif,1065,0.0,0.0,Ashmoun,0,60,3878.0
Cairo_y2020.tif,1050,0.0,0.0,Ashmoun,0,70,3878.0
Cairo_y2020.tif,1438,0.0,0.0,Ashmoun,0,69,3878.0
Cairo_y2020.tif,1034,0.0,0.0,Ashmoun,0,65,3878.0
Cairo_y2020.tif,1201,0.0,0.0,Ashmoun,0,75,3878.0
Cairo_y2020.tif,925,0.0,0.0,Ashmoun,0,72,3878.0
Cairo_y2020.tif,1722,0.0,0.0,Ashmoun,0,76,3878.0
Cairo_y2020.tif,1678,0.0,0.0,Ashmoun,0,77,3878.0
Cairo_y2020.tif,4204,0.0,0.0,Ashmoun,0,86,3878.0
Cairo_y2020.tif,1808,0.0,0.0,Ashmoun,0,79,3878.0
Cairo_y2020.tif,1519,0.0,0.0,Ashmoun,0,81,3878.0
Cairo_y2020.tif,7383,0.0,0.0,Ashmoun,0,80,3878.0
Cairo_y2020.tif,4175,0.0,0.0,Ashmoun,0,82,3878.0
Cairo_y2020.tif,1483,0.0,0.0,Ashmoun,0,83,3878.0
Cairo_y2020.tif,6701,0.0,0.0,Ashmoun,0,87,3878.0
Cairo_y2020.tif,12236,0.0,0.0,Ashmoun,0,101,3878.0
Cairo_y2020.tif,7381,0.0,0.0,Ashmoun,0,93,3878.0
Cairo_y2020.tif,568,0.0,0.0,Ashmoun,0,89,3878.0
Cairo_y2020.tif,820,0.0,0.0,Ashmoun,0,90,3878.0
Cairo_y2020.tif,24126,0.0,0.0,Ashmoun,0,108,3878.0
Cairo_y2020.tif,1150,0.0,0.0,Ashmoun,0,94,3878.0
Cairo_y2020.tif,1294,0.0,0.0,Ashmoun,0,97,3878.0
Cairo_y2020.tif,1184,0.0,0.0,Ashmoun,1,104,3878.0
Cairo_y2020.tif,1374,0.0,0.0,Ashmoun,1,102,3878.0
Cairo_y2020.tif,903,0.0,0.0,Ashmoun,0,103,3878.0
Cairo_y2020.tif,512,0.0,0.0,Ashmoun,0,105,3878.0
Cairo_y2020.tif,21936,0.0,0.0,Ashmoun,0,137,3878.0
Cairo_y2020.tif,2046,0.0,0.0,Ashmoun,0,109,3878.0
Cairo_y2020.tif,7273,0.0,0.0,Ashmoun,0,123,3878.0
Cairo_y2020.tif,875,0.0,0.0,Ashmoun,0,111,3878.0
Cairo_y2020.tif,2302,0.0,0.0,Ashmoun,1,126,3878.0
Cairo_y2020.tif,14572,0.0,0.0,Ashmoun,0,96,3878.0
Cairo_y2020.tif,1263,0.0,0.0,Ashmoun,0,88,3878.0
Cairo_y2020.tif,1023,0.0,0.0,Ashmoun,0,85,3878.0
Cairo_y2020.tif,2071,0.0,0.0,Ashmoun,0,91,3878.0
Cairo_y2020.tif,2606,0.0,0.0,Ashmoun,0,95,3878.0
Cairo_y2020.tif,5804,0.0,0.0,Ashmoun,0,106,3878.0
Cairo_y2020.tif,1426,0.0,0.0,Ashmoun,0,100,3878.0
Cairo_y2020.tif,19858,0.0,0.0,Ashmoun,0,140,3878.0
Cairo_y2020.tif,14385,0.0,0.0,Ashmoun,0,150,3878.0
Cairo_y2020.tif,9436,0.0,0.0,Ashmoun,0,129,3878.0
Cairo_y2020.tif,1330,0.0,0.0,Ashmoun,0,116,3878.0
Cairo_y2020.tif,908,0.0,0.0,Ashmoun,1,120,3878.0
Cairo_y2020.tif,1313,0.0,0.0,Ashmoun,0,110,3878.0
Cairo_y2020.tif,1276,0.0,0.0,Ashmoun,0,115,3878.0
Cairo_y2020.tif,1196,0.0,0.0,Ashmoun,0,121,3878.0
Cairo_y2020.tif,2071,0.0,0.0,Ashmoun,1,119,3878.0
Cairo_y2020.tif,865,0.0,0.0,Ashmoun,0,124,3878.0
Cairo_y2020.tif,1031,0.0,0.0,Ashmoun,0,122,3878.0
Cairo_y2020.tif,1638,0.0,0.0,Ashmoun,0,128,3878.0
Cairo_y2020.tif,654,0.0,0.0,Ashmoun,0,132,3878.0
Cairo_y2020.tif,6192,0.0,0.0,Ashmoun,0,112,3878.0
Cairo_y2020.tif,10365,0.0,0.0,Ashmoun,0,147,3878.0
Cairo_y2020.tif,874,0.0,0.0,Ashmoun,0,117,3878.0
Cairo_y2020.tif,760,0.0,0.0,Ashmoun,0,125,3878.0
Cairo_y2020.tif,955,0.0,0.0,Ashmoun,1,130,3878.0
Cairo_y2020.tif,460,0.0,0.0,Ashmoun,0,142,3878.0
Cairo_y2020.tif,911,0.0,0.0,Ashmoun,0,143,3878.0
Cairo_y2020.tif,19446,0.0,0.0,Ashmoun,0,153,3878.0
Cairo_y2020.tif,910,0.0,0.0,Ashmoun,0,151,3878.0
Cairo_y2020.tif,13759,0.0,0.0,Ashmoun,0,157,3878.0
Cairo_y2020.tif,15383,0.0,0.0,Ashmoun,0,156,3878.0
Cairo_y2020.tif,1367,0.0,0.0,Ashmoun,0,159,3878.0
Cairo_y2020.tif,2347,0.0,0.0,Ashmoun,0,161,3878.0
Cairo_y2020.tif,11468,0.0,0.0,Ashmoun,0,172,3878.0
Cairo_y2020.tif,563,0.0,0.0,Ashmoun,1,160,3878.0
Cairo_y2020.tif,1243,0.0,0.0,Ashmoun,0,167,3878.0
Cairo_y2020.tif,19214,0.0,0.0,Ashmoun,0,174,3878.0
Cairo_y2020.tif,1715,0.0,0.0,Ashmoun,0,169,3878.0
Cairo_y2020.tif,4078,0.0,0.0,Ashmoun,0,173,3878.0
Cairo_y2020.tif,638,0.0,0.0,Ashmoun,0,170,3878.0
Cairo_y2020.tif,9223,0.0,0.0,Ashmoun,0,183,3878.0
Cairo_y2020.tif,1261,0.0,0.0,Ashmoun,0,181,3878.0
Cairo_y2020.tif,1460,0.0,0.0,Ashmoun,1,179,3878.0
Cairo_y2020.tif,1016,0.0,0.0,Ashmoun,0,178,3878.0
Cairo_y2020.tif,25719,0.0,0.0,Ashmoun,0,198,3878.0
Cairo_y2020.tif,708,0.0,0.0,Ashmoun,0,185,3878.0
Cairo_y2020.tif,5249,0.0,0.0,Ashmoun,0,192,3878.0
Cairo_y2020.tif,790,0.0,0.0,Ashmoun,0,186,3878.0
Cairo_y2020.tif,434,0.0,0.0,Ashmoun,1,184,3878.0
Cairo_y2020.tif,726,0.0,0.0,Ashmoun,0,187,3878.0
Cairo_y2020.tif,5371,0.0,0.0,Cairo,0,19583,3902.0
Cairo_y2020.tif,2628,0.0,0.0,Cairo,0,19584,3902.0
Cairo_y2020.tif,4936,0.0,0.0,Cairo,0,19610,3902.0
Cairo_y2020.tif,29755,0.0,0.0,Kafr Sarawa,0,61,3904.0
Cairo_y2020.tif,4762,0.0,0.0,Kafr Sarawa,0,73,3904.0
Cairo_y2020.tif,1319,0.0,0.0,Kafr Sarawa,0,72,3904.0
Cairo_y2020.tif,4279,0.0,0.0,Kafr Sarawa,0,80,3904.0
Cairo_y2020.tif,8243,0.0,0.0,Kafr Awn,0,43,3901.0
Cairo_y2020.tif,1403,0.0,0.0,Ashmoun,1,188,3878.0
Cairo_y2020.tif,1247,0.0,0.0,Ashmoun,1,190,3878.0
Cairo_y2020.tif,2330,0.0,0.0,Ashmoun,0,194,3878.0
Cairo_y2020.tif,1467,0.0,0.0,Ashmoun,0,195,3878.0
Cairo_y2020.tif,8261,0.0,0.0,Ashmoun,0,197,3878.0
Cairo_y2020.tif,38997,0.0,0.0,Ashmoun,0,196,3878.0
Cairo_y2020.tif,31969,0.0,0.0,Ashmoun,0,217,3878.0
Cairo_y2020.tif,14114,0.0,0.0,Ashmoun,0,221,3878.0
Cairo_y2020.tif,2480,0.0,0.0,Cairo,0,19877,3902.0
Cairo_y2020.tif,15273,0.0,0.0,Aghour Al-Kubra,0,59,3921.0
Cairo_y2020.tif,9544,0.0,0.0,Aghour Al-Kubra,0,82,3921.0
Cairo_y2020.tif,586,0.0,0.0,Aghour Al-Kubra,0,57,3921.0
Cairo_y2020.tif,775,0.0,0.0,Aghour Al-Kubra,0,66,3921.0
Cairo_y2020.tif,40562,0.0,0.0,Aghour Al-Kubra,0,80,3921.0
Cairo_y2020.tif,929,0.0,0.0,Aghour Al-Kubra,0,71,3921.0
Cairo_y2020.tif,15821,0.0,0.0,Aghour Al-Kubra,0,83,3921.0
Cairo_y2020.tif,28191,0.0,0.0,Ashmoun,0,73,3878.0
Cairo_y2020.tif,11418,0.0,0.0,Ashmoun,0,92,3878.0
Cairo_y2020.tif,26870,0.0,0.0,Ashmoun,0,98,3878.0
Cairo_y2020.tif,19305,0.0,0.0,Ashmoun,0,152,3878.0
Cairo_y2020.tif,19640,0.0,0.0,Ashmoun,0,166,3878.0
Cairo_y2020.tif,72086,0.0,0.0,Ashmoun,0,175,3878.0
Cairo_y2020.tif,38275,0.0,0.0,Ashmoun,0,199,3878.0
Cairo_y2020.tif,46215,0.0,0.0,Ashmoun,0,202,3878.0
Cairo_y2020.tif,10952,0.0,0.0,Ashmoun,0,208,3878.0
Cairo_y2020.tif,12333,0.0,0.0,Ashmoun,0,210,3878.0
Cairo_y2020.tif,2741,0.0,0.0,Ashmoun,0,118,3878.0
Cairo_y2020.tif,653,0.0,0.0,Ashmoun,0,127,3878.0
Cairo_y2020.tif,25277,0.0,0.0,Ashmoun,0,163,3878.0
Cairo_y2020.tif,19488,0.0,0.0,Ashmoun,0,148,3878.0
Cairo_y2020.tif,483,0.0,0.0,Ashmoun,1,146,3878.0
Cairo_y2020.tif,4234,0.0,0.0,Ashmoun,0,158,3878.0
Cairo_y2020.tif,31912,0.0,0.0,Ashmoun,0,168,3878.0
Cairo_y2020.tif,680,0.0,0.0,Ashmoun,0,165,3878.0
Cairo_y2020.tif,27386,0.0,0.0,Ashmoun,0,180,3878.0
Cairo_y2020.tif,7175,0.0,0.0,Ashmoun,0,182,3878.0
Cairo_y2020.tif,3369,0.0,0.0,Ashmoun,0,139,3878.0
Cairo_y2020.tif,1648,0.0,0.0,Ashmoun,0,138,3878.0
Cairo_y2020.tif,622,0.0,0.0,Ashmoun,1,136,3878.0
Cairo_y2020.tif,940,0.0,0.0,Ashmoun,0,135,3878.0
Cairo_y2020.tif,882,0.0,0.0,Ashmoun,1,134,3878.0
Cairo_y2020.tif,1066,0.0,0.0,Ashmoun,0,141,3878.0
Cairo_y2020.tif,3615,0.0,0.0,Ashmoun,0,154,3878.0
Cairo_y2020.tif,575,0.0,0.0,Ashmoun,0,149,3878.0
Cairo_y2020.tif,13929,0.0,0.0,Ashmoun,0,162,3878.0
Cairo_y2020.tif,39265,0.0,0.0,Ashmoun,0,177,3878.0
Cairo_y2020.tif,7308,0.0,0.0,Ashmoun,0,164,3878.0
Cairo_y2020.tif,13971,0.0,0.0,Ashmoun,0,171,3878.0
Cairo_y2020.tif,10629,0.0,0.0,Ashmoun,0,176,3878.0
Cairo_y2020.tif,40834,0.0,0.0,Ashmoun,0,201,3878.0
Cairo_y2020.tif,14687,0.0,0.0,Ashmoun,0,203,3878.0
Cairo_y2020.tif,71095,0.0,0.0,Ashmoun,0,200,3878.0
Cairo_y2020.tif,27210,0.0,0.0,Ashmoun,0,213,3878.0
Cairo_y2020.tif,12925,0.0,0.0,Ashmoun,0,211,3878.0
Cairo_y2020.tif,1958,0.0,0.0,Ashmoun,0,204,3878.0
Cairo_y2020.tif,6186,0.0,0.0,Ashmoun,0,229,3878.0
Cairo_y2020.tif,7149,0.0,0.0,Ashmoun,0,230,3878.0
Cairo_y2020.tif,8922,0.0,0.0,Ashmoun,0,219,3878.0
Cairo_y2020.tif,1679,0.0,0.0,Ashmoun,0,220,3878.0
Cairo_y2020.tif,6502,0.0,0.0,Ashmoun,0,205,3878.0
Cairo_y2020.tif,2705,0.0,0.0,Ashmoun,0,209,3878.0
Cairo_y2020.tif,26289,0.0,0.0,Ashmoun,0,193,3878.0
Cairo_y2020.tif,3476,0.0,0.0,Ashmoun,0,189,3878.0
Cairo_y2020.tif,890,0.0,0.0,Ashmoun,0,191,3878.0
Cairo_y2020.tif,17172,0.0,0.0,Ashmoun,0,206,3878.0
Cairo_y2020.tif,8250,0.0,0.0,Ashmoun,0,207,3878.0
Cairo_y2020.tif,1373,0.3605243991260015,0.15208302986161687,Cairo,0,20407,3902.0
Cairo_y2020.tif,953,0.9496327387198321,0.32876705141657914,Cairo,0,20403,3902.0
Cairo_y2020.tif,2627,0.6612105062809288,0.24054815378759042,Cairo,0,20411,3902.0
Cairo_y2020.tif,14989,0.033958236039762495,0.022202615251184204,Cairo,0,20416,3902.0
Cairo_y2020.tif,963,0.0,0.0,Cairo,0,20422,3902.0
Cairo_y2020.tif,5497,0.0,0.0042541386210660365,Cairo,0,20423,3902.0
Cairo_y2020.tif,9702,0.0,0.004748505462791178,Cairo,0,20439,3902.0
